MutationType	ID83A	ID83B	ID83C	ID83D	ID83E	ID83F	ID83G	ID83H	ID83I	ID83J	ID83K	ID83L
1:Del:C:0	6.504235762365016e-08	4.118713499104142e-08	1.9512202511321895e-07	6.210538633375305e-08	1.2425065060309984e-07	8.958203495877637e-08	2.5684788950074753e-08	2.3714648559091074e-07	1.694675380529375e-07	8.955051947952422e-08	1.1231720015860152e-07	1.3249644845500767e-08
1:Del:C:1	0.011691950956212702	0.01138604419974856	0.013539233506511447	0.028963656684622207	0.029736588371725953	0.13061272875822083	0.01933291668136733	0.017236419963077725	0.030983067257736495	0.018369542213478005	0.03545980449631088	0.015922033352144895
1:Del:C:2	0.0039279186789872005	0.003516158224144982	0.005225706474646362	0.0065397352617969935	0.007516941890062525	0.02494657051000584	0.005784285260448117	0.008709035682769354	0.014055157333566111	0.00609040955630819	0.013633879947009845	0.0054600836834855565
1:Del:C:3	0.0016160770947275269	0.0016379672129568491	0.002172852599321584	0.0027588627825998985	0.0030169821176439624	0.01510569202445685	0.002229219837673819	0.004075059714091543	0.004585124803752792	0.0027397983983755594	0.006681155195304411	0.0023797645740352147
1:Del:C:4	0.0008568505477733838	0.0009924132722439992	0.0012864893216660907	0.001820597832174124	0.0024237846851336594	0.006440621758260489	0.0016770098596919224	0.0023621055829711603	0.0057817522471712655	0.0018158878799223062	0.0034580160989210328	0.0014354978968786885
1:Del:C:5	0.001714149048295276	0.0015312056792002452	0.0023735518158780593	0.0024708737165255804	0.002938474363261726	0.0032792948226310426	0.0019929126990156387	0.0034383874729437	0.004523072915436422	0.002148338001308831	0.003563764914616913	0.0020396417768670867
1:Del:T:0	6.504235762365016e-08	4.118713499104142e-08	1.9512202511321895e-07	6.210538633375305e-08	1.2425065060309984e-07	8.958203495877637e-08	2.5684788950074753e-08	2.3714648559091074e-07	1.694675380529375e-07	8.955051947952422e-08	1.1231720015860152e-07	1.3249644845500767e-08
1:Del:T:1	0.008165746074042869	0.00684879135448844	0.00955763506369702	0.011672384164783096	0.012795018341720027	0.10978380037177715	0.012382767702906496	0.016742109801989192	0.025723272566332077	0.010456669449459832	0.031857940567926984	0.010648573845200005
1:Del:T:2	0.005354127708369015	0.00489005669675402	0.007269433186661127	0.008707753222451847	0.009931716988942973	0.038006627336475245	0.007506002505896138	0.01175370667935065	0.019254826494442944	0.006917297693338122	0.016495860843750543	0.007167980878192502
1:Del:T:3	0.003983237536504839	0.0036218086710223005	0.004379217542630538	0.007031038623318918	0.008720828210730286	0.03620706432671584	0.006872644477091524	0.007690062656639263	0.014692289245632453	0.0066218792134996015	0.01380859597260132	0.005920208973244488
1:Del:T:4	0.0030792424688742557	0.0030256353525682923	0.005738499497742811	0.004994733475116492	0.007626314228138023	0.028085290460474734	0.005301283911611525	0.011855396399669782	0.01831070020533378	0.005629942655638583	0.015387750147110125	0.004783739845239654
1:Del:T:5	0.14663169067338663	0.10992015906327714	0.2642493100459067	0.17797840103536838	0.2422770552394902	0.11747124364953399	0.1027721261473655	0.25708333531625555	0.3138811459956961	0.17849035830853258	0.09484636939593963	0.04938856782561274
1:Ins:C:0	0.0024971824394376296	0.0023416541295331853	0.0031702840469098816	0.0029738085455575406	0.004042306312289059	0.011502433298277876	0.0022987635115453067	0.0059270774481364995	0.007049512105613028	0.0035698351500406617	0.007157942608574274	0.002894558162643051
1:Ins:C:1	0.0011034306552287739	0.0012180612192057893	0.001302959397095848	0.002339937836928712	0.0026157002063622544	0.005619732498093164	0.002198541028301188	0.0019422055658617798	0.002391583111343375	0.0017542417764519988	0.0033381410509538603	0.0020771274922663932
1:Ins:C:2	0.0012513031749330455	0.0012362251479923131	0.0012710211721062576	0.0014632298843867124	0.0016483561201474871	0.002319438301898197	0.0017284839540265575	0.0022565910936015957	0.002640403036859785	0.0018200384251660495	0.0034646188433121432	0.0019349479255791281
1:Ins:C:3	0.000812742798766928	0.0012331414212797375	0.0009706774029685823	0.0008724314079558329	0.0007311940720833246	0.0010131711294470527	0.0011765776242277633	0.001912782950972979	0.00210722458580459	0.0010872600106426112	0.0027306739981213845	0.001995339800664325
1:Ins:C:4	0.0010906853545726593	0.0009602059698628556	0.0012385448945061576	0.0012714322351880466	0.001625653995708209	0.004695858542347704	0.0013621955559372126	0.0025912511990943605	0.0033761059641230096	0.0014220461133250533	0.0033153089412455714	0.0013153307517775681
1:Ins:C:5	0.005407705995403099	0.006768299902145676	0.007234764006113886	0.00786673814296667	0.009543062377465118	0.01675057246313833	0.0113880359556242	0.012520999526905519	0.022794411063277842	0.00960105837654114	0.017307480603729386	0.010580007834297519
1:Ins:T:0	0.006173694864041355	0.006431773345528724	0.00595247554034822	0.006415786057992785	0.005876412247505747	0.017166921474525927	0.007049189583219304	0.00750085896754865	0.008673582962796996	0.006564156911602797	0.01305636924980317	0.009004587093959503
1:Ins:T:1	0.005478134762914847	0.006031875556842207	0.006163812621569402	0.00857962587059481	0.00877738291897539	0.02574673317542402	0.009722517204115442	0.006330287403798987	0.009941907761999505	0.0070566504930726975	0.015969337202643073	0.01089188193677517
1:Ins:T:2	0.003360758818799258	0.0037684423206665535	0.0050835581189753705	0.004875048088127997	0.005260389667833842	0.00857901890633461	0.004331985601018804	0.006657025283153846	0.007662083157109859	0.005187768128898724	0.009414968961113544	0.005741444008391497
1:Ins:T:3	0.0027974699918401607	0.0027547838072150208	0.004091695893751128	0.002988829411295745	0.003588787473350056	0.01540406351553256	0.003576932167430262	0.007672805405944298	0.007259924429145576	0.004068927305765128	0.009775207529070568	0.0041512872194349355
1:Ins:T:4	0.0023293339881573973	0.0025093749799364176	0.002784079122860752	0.003671565813239722	0.004087814845093975	0.014016561579826668	0.00449652537132972	0.0050479197704897776	0.007940546870639444	0.004128199926817818	0.007860145141047863	0.004666255228876404
1:Ins:T:5	0.5720535051421215	0.6358102131524411	0.21922884246505828	0.5436062914589465	0.35377913679844875	0.033287518158268595	0.6394832871634687	0.02772767877972327	0.04945139429717313	0.45263574728980815	0.2420886559838434	0.6860447456406463
2:Del:R:0	0.12138663191459563	0.09600302742451892	0.3065610961592314	0.05822251325847192	0.14092690849713996	0.08265052977832661	0.03325330302037523	0.39027425537152083	0.17114552584925943	0.14576558430452896	0.20660030546131322	0.0397201797465314
2:Del:R:1	0.0006560297064208706	0.0005595249901305879	0.0010571656210750832	0.0007880164747753589	0.0009595755356320193	0.003186887347519173	0.0007378768582102708	0.0022014133062781705	0.0019364194651471658	0.0008827247091811751	0.0022782906147027146	0.0009966399157604862
2:Del:R:2	0.00018078153699810855	0.0001295020717277157	0.00034836535314202615	0.0004085474889303055	0.0005126066528762268	0.003083829924579008	0.0002235857412541964	0.0005351505798610354	0.0006575573249678263	0.0002809578594143485	0.0006570377235599994	0.00021005681895927214
2:Del:R:3	4.101397181302134e-05	4.441333225207589e-05	0.00029294028604664514	3.4410302954786086e-05	0.0001210197214519861	5.7367101321430665e-05	4.567027556382011e-05	0.00039481313416258744	0.0001549631881573476	9.427938277109876e-05	0.00022426346390855325	5.633933811579707e-05
2:Del:R:4	2.7461611395181942e-05	2.640042961599512e-05	3.340352210159718e-05	2.7059975217452355e-05	4.2065410762720256e-05	0.00013671795627684844	3.3203820750448095e-05	9.503536437682952e-05	7.257324509680418e-05	3.861657456668704e-05	9.474650699827353e-05	3.903040691992668e-05
2:Del:R:5	0.0006045278544993031	0.0005020480388167743	0.0006024594422288346	0.000568264967640607	0.0008697582325369066	0.00042113437017445455	0.0005901394561767727	0.0009628584108471296	0.0014281881135007014	0.0008120084124958955	0.0008687780612218656	0.000488628374265076
3:Del:R:0	0.006713938257611572	0.005400786743107666	0.012207593828393044	0.007064230387190122	0.009190023016630997	0.010314562803844692	0.0067495901385231675	0.015218526188243953	0.01975176275497357	0.008794969255726608	0.013391251527135658	0.006354273534093403
3:Del:R:1	0.0006399171194558704	0.0005793859889092673	0.0010922300696680264	0.0008973260683679832	0.0011353823275513993	0.001222774649581463	0.001179097374856926	0.0017282889135438468	0.002368860073502642	0.0011210307056731409	0.001610307326746374	0.0011500744163764557
3:Del:R:2	0.00014979152524525097	0.00012438408549036504	0.00018136585579527504	0.00020207170599370405	0.0002301828480533598	0.0006108156444885604	0.00021302104310858347	0.00024510255012515406	0.0005244079152392785	0.00019427902676295744	0.000419203968348673	0.00015382246514690257
3:Del:R:3	6.504235762365016e-08	4.118713499104142e-08	1.9512202511321895e-07	6.210538633375305e-08	1.2425065060309984e-07	8.958203495877637e-08	2.5684788950074753e-08	2.3714648559091074e-07	1.694675380529375e-07	8.955051947952422e-08	1.1231720015860152e-07	1.3249644845500767e-08
3:Del:R:4	2.4400273229747845e-05	2.724426773892056e-05	3.5705281216522384e-05	4.203793203418403e-05	7.685668878891521e-05	6.951786083033703e-05	4.353745708871577e-05	6.207025216257922e-05	0.00010856428348522752	4.87009117196574e-05	8.392712271461088e-05	4.035451422582068e-05
3:Del:R:5	6.504235762365016e-08	4.118713499104142e-08	1.9512202511321895e-07	6.210538633375305e-08	1.2425065060309984e-07	8.958203495877637e-08	2.5684788950074753e-08	2.3714648559091074e-07	1.694675380529375e-07	8.955051947952422e-08	1.1231720015860152e-07	1.3249644845500767e-08
4:Del:R:0	0.0033929674714016016	0.003116591518843679	0.006047613248413132	0.003106561762074043	0.00441346154492912	0.008948216220438936	0.0038061047563606705	0.009175217549136243	0.009210566474053413	0.00410108397938862	0.010900162188546985	0.005185224436991499
4:Del:R:1	0.0001689331573313828	0.0001472229886221648	0.00023745651961588324	0.00018113098010379264	0.00029770303690541586	0.0005445276150771988	0.000208599582850162	0.00039705305542625714	0.0006945194997808027	0.0002734823555803228	0.0006023407177037267	0.0002191078341712958
4:Del:R:2	5.439426882063944e-05	5.4567911231401615e-05	7.960691078679551e-05	6.286225719323021e-05	8.504089010008415e-05	5.783547698448386e-05	9.92545563381899e-05	0.00013114443859938533	0.00013956555585475214	9.116124838429478e-05	0.00012246218576561743	0.00010732233152236196
4:Del:R:3	6.504235762365016e-08	4.118713499104142e-08	1.9512202511321895e-07	6.210538633375305e-08	1.2425065060309984e-07	8.958203495877637e-08	2.5684788950074753e-08	2.3714648559091074e-07	1.694675380529375e-07	8.955051947952422e-08	1.1231720015860152e-07	1.3249644845500767e-08
4:Del:R:4	6.504235762365016e-08	4.118713499104142e-08	1.9512202511321895e-07	6.210538633375305e-08	1.2425065060309984e-07	8.958203495877637e-08	2.5684788950074753e-08	2.3714648559091074e-07	1.694675380529375e-07	8.955051947952422e-08	1.1231720015860152e-07	1.3249644845500767e-08
4:Del:R:5	6.504235762365016e-08	4.118713499104142e-08	1.9512202511321895e-07	6.210538633375305e-08	1.2425065060309984e-07	8.958203495877637e-08	2.5684788950074753e-08	2.3714648559091074e-07	1.694675380529375e-07	8.955051947952422e-08	1.1231720015860152e-07	1.3249644845500767e-08
5:Del:R:0	0.006807623247041659	0.006905445508650635	0.009381673641331904	0.01284047952389839	0.016447824570817903	0.039896374801694105	0.01080125091724822	0.016354450780852306	0.02578812946024577	0.01139740965246395	0.024704730838591867	0.008901166811362318
5:Del:R:1	2.0920454684448925e-05	2.3999966517084677e-05	1.7450481241951566e-05	2.3765938361734744e-05	1.5515093522952877e-05	0.00044879031825008386	2.5824338451611604e-05	6.19503511293295e-05	4.742234882859289e-05	2.5873422334684383e-05	8.994598493483221e-05	1.4627130936354043e-05
5:Del:R:2	6.504235762365016e-08	4.118713499104142e-08	1.9512202511321895e-07	6.210538633375305e-08	1.2425065060309984e-07	8.958203495877637e-08	2.5684788950074753e-08	2.3714648559091074e-07	1.694675380529375e-07	8.955051947952422e-08	1.1231720015860152e-07	1.3249644845500767e-08
5:Del:R:3	6.504235762365016e-08	4.118713499104142e-08	1.9512202511321895e-07	6.210538633375305e-08	1.2425065060309984e-07	8.958203495877637e-08	2.5684788950074753e-08	2.3714648559091074e-07	1.694675380529375e-07	8.955051947952422e-08	1.1231720015860152e-07	1.3249644845500767e-08
5:Del:R:4	6.504235762365016e-08	4.118713499104142e-08	1.9512202511321895e-07	6.210538633375305e-08	1.2425065060309984e-07	8.958203495877637e-08	2.5684788950074753e-08	2.3714648559091074e-07	1.694675380529375e-07	8.955051947952422e-08	1.1231720015860152e-07	1.3249644845500767e-08
5:Del:R:5	6.504235762365016e-08	4.118713499104142e-08	1.9512202511321895e-07	6.210538633375305e-08	1.2425065060309984e-07	8.958203495877637e-08	2.5684788950074753e-08	2.3714648559091074e-07	1.694675380529375e-07	8.955051947952422e-08	1.1231720015860152e-07	1.3249644845500767e-08
2:Ins:R:0	0.003691520762866073	0.003489102190790237	0.005030074380446255	0.004451230169448771	0.00637480345387454	0.01752901206933006	0.0047690917558000775	0.009206946650540553	0.013747220319101576	0.005352230115211793	0.011063989546593376	0.004387336210535828
2:Ins:R:1	0.0013704361939941752	0.0012760503821713266	0.0021800832792593684	0.002139928576706429	0.0032106120819536664	0.005968127211362184	0.002234011413903626	0.004634363747623182	0.005824430558151731	0.0022898663394582447	0.005321564038398534	0.0018681490977047418
2:Ins:R:2	0.0008551620912243513	0.0008839099845687704	0.0012657236344522402	0.001017598511711023	0.0012681504726582095	0.002240740733416395	0.0015656018692449128	0.0021110950603939476	0.002524052436679468	0.0015320173267711042	0.002603932937528297	0.0017804834966101072
2:Ins:R:3	0.00031669979227852684	0.0003119849111805638	0.00040554334178715377	0.00045358684100826375	0.0004268036809602994	0.0020757027839863147	0.0004761298899312544	0.0006370277294833242	0.0008384080961997143	0.00040939106171170226	0.0012118663007679965	0.0005043026909140797
2:Ins:R:4	0.0007694348167570487	0.000710045046218064	0.0011534514418933676	0.0007280244629674273	0.0009371372175967045	0.001780997722972645	0.0009637393698611756	0.0016455551824003263	0.0016435389461149348	0.0010834353102605152	0.0020711722927180417	0.0010196644596426703
2:Ins:R:5	0.025629413829257427	0.02858812872684956	0.02159419260350495	0.01866169116671008	0.022643858245824114	0.04380267941143269	0.02978646871511944	0.040938804662692715	0.053094967068422594	0.02760683282844193	0.04885401893575064	0.03448884563996338
3:Ins:R:0	0.0008144331265988006	0.0011319689289155967	0.0009277385168419995	0.0011636946302961753	0.0016066318189458069	0.000988724445164097	0.001418427389297992	0.002149628281921479	0.0024960677223467708	0.0015248637259210774	0.002228338598942331	0.0015215199669337202
3:Ins:R:1	0.0011470942988915467	0.0012193117484551937	0.0016302637080089348	0.0018887190578350333	0.002427430505429155	0.004110450168589365	0.0018886755037429807	0.002051958607487071	0.0035156725383529864	0.0016357029550973872	0.0032833628736804793	0.0018651032368635259
3:Ins:R:2	0.00015100083297849514	0.00016523874996996358	0.00020725863077775776	0.00031383545912407014	0.0002886798467512799	0.0007149131292393205	0.00027661517982814475	0.0002873876200958131	0.0005627797416458092	0.00026497270741655864	0.00037071212857245264	0.00016378915590190183
3:Ins:R:3	6.504235762365016e-08	4.118713499104142e-08	1.9512202511321895e-07	6.210538633375305e-08	1.2425065060309984e-07	8.958203495877637e-08	2.5684788950074753e-08	2.3714648559091074e-07	1.694675380529375e-07	8.955051947952422e-08	1.1231720015860152e-07	1.3249644845500767e-08
3:Ins:R:4	1.596987538091129e-05	1.1320698804738738e-05	1.580422517252816e-05	7.883834119261807e-05	7.64717120257048e-05	1.8869520784377982e-05	4.7960864294337754e-05	1.0480014987132505e-05	9.709106582149621e-05	2.746613689929634e-05	5.122148023041019e-05	1.3477471890056304e-05
3:Ins:R:5	0.00028897543536872134	0.0002750352118425663	0.00041829838871152315	0.0005027990015546751	0.0005779923586389228	0.000991921226061592	0.00042458622537076195	0.00040516015995821855	0.001049939357229657	0.00042290723087747717	0.0005661327402024909	0.0003123744021936964
4:Ins:R:0	0.0007870721670493122	0.0008906006026202087	0.001364725846759195	0.0007546077187564516	0.000975154917849339	0.0036435501539869727	0.0010052129650349709	0.0025477402490350523	0.002631226588537018	0.0009975956145839098	0.0031792241510499725	0.0011223757534365357
4:Ins:R:1	0.0017904823844636071	0.0018596609869295207	0.0018314871793908005	0.0018136013361637448	0.001850830875774062	0.006676652667111195	0.0030891881540057913	0.0027230704259928796	0.004077365476220128	0.0020664887016494963	0.005388123450588821	0.003403796048896793
4:Ins:R:2	7.64575032459106e-05	8.626283410342348e-05	8.23178507683898e-05	7.665416437410293e-05	0.00010902617669426867	0.00020315741562911623	0.00015157708829636936	0.00022231393558402518	0.0002587167783769573	0.00013870012893364957	0.00033219744401135086	0.00013413539553287077
4:Ins:R:3	6.504235762365016e-08	4.118713499104142e-08	1.9512202511321895e-07	6.210538633375305e-08	1.2425065060309984e-07	8.958203495877637e-08	2.5684788950074753e-08	2.3714648559091074e-07	1.694675380529375e-07	8.955051947952422e-08	1.1231720015860152e-07	1.3249644845500767e-08
4:Ins:R:4	8.926820621186475e-05	4.551100546029888e-05	0.0001432028338544756	9.088284611811123e-05	0.00018471415351502688	0.00021631172665216575	9.5949838312948e-05	0.00031419041045044165	0.0005950534621718826	0.00011754520018379286	0.0002740176147596329	8.263211111872546e-05
4:Ins:R:5	0.0001729345192524277	0.000224526366562454	0.00027659303606959013	0.0002608099559671467	0.00034482192829077187	0.0012385363973753556	0.00025547552736332506	0.00045856612235360504	0.00045305402874824775	0.00027946826801877563	0.0006813191618485462	0.00033064464685188786
5:Ins:R:0	0.0014990325464990083	0.0012738511404002822	0.001683120394492118	0.0016706959335910253	0.0019832419011937214	0.010866136106988833	0.0017754012213300886	0.003493906857585202	0.004257288737724364	0.0018943354171390746	0.005751471720003421	0.0018261163557903473
5:Ins:R:1	0.002139115470573227	0.0016041718890123964	0.0032567438395338525	0.003346845669205747	0.004629608615776436	0.016193934637359523	0.0029148382650298794	0.00570075341060458	0.010184314125195484	0.0031379143730618678	0.00797963332882027	0.002260274415628839
5:Ins:R:2	5.4222188490938614e-05	3.7972364565872386e-05	6.264071447654628e-05	8.986374029863173e-05	0.00014999934583304338	6.437127585533373e-05	6.98242010585747e-05	0.0001447126040213523	0.0003205571799548903	8.923968258748902e-05	0.00016303038599767706	4.8803185210597855e-05
5:Ins:R:3	1.8050239792932216e-05	2.1702436795458594e-05	3.6367012406121675e-05	4.45429439100169e-05	5.36450014821948e-05	4.8048866812172785e-05	2.996945202437351e-05	4.9954917131132245e-05	0.00018730896493713686	5.169053647606555e-05	6.418793697967324e-05	1.975272952594732e-05
5:Ins:R:4	3.311118953297791e-05	1.92450011569317e-05	2.2087502563583045e-05	4.710041533843435e-05	4.9656427042661785e-05	0.0008957907264707412	4.292125691234738e-05	4.080291305625778e-05	9.234949555886817e-05	4.548563835387847e-05	0.00011220954926016549	3.757036217379157e-05
5:Ins:R:5	2.4072356906918248e-05	3.437859832239613e-05	2.8055064769344542e-05	4.0437747576880614e-05	5.353393520425022e-05	4.5270663684696093e-05	4.614977305639515e-05	5.2755846365055195e-05	0.0001109524795582897	3.681361395004415e-05	8.943827295559348e-05	3.789412248471213e-05
2:Del:M:1	0.0037928791153220864	0.0029901053510465424	0.005207349611779774	0.004130131883553751	0.005256311428585203	0.016085294821181557	0.0035042857589465378	0.0075363365816932025	0.012240653213949208	0.004736746269239409	0.009411698038479209	0.003954024123595736
3:Del:M:1	0.009586880112828234	0.008684999148946626	0.01853715426305772	0.009552088455113577	0.012781113043912634	0.008012144003591142	0.009899597968730996	0.017471088889079864	0.015794342624721548	0.011392090676814792	0.016852595269183007	0.010600588929135022
3:Del:M:2	0.0018220161074855147	0.0021307213309101785	0.0038851443216717943	0.0029476979515806337	0.003952458561405095	0.001444075147596807	0.002935737226293959	0.004108751530922717	0.005147004767134694	0.0033465398509766554	0.005053352667724986	0.0031482916095393852
4:Del:M:1	0.0016352410291623298	0.001575251896576028	0.0025021807323336383	0.004271836878735116	0.005202623257953961	0.002159672137329471	0.0033380649362332983	0.002862553153747676	0.00706651494009212	0.003493632024358874	0.00348274615130412	0.0021250855414657113
4:Del:M:2	0.001977580936651315	0.001761796209620704	0.003045411064792083	0.002484327631131778	0.003105956496986361	0.0040442406239751365	0.002451538016707457	0.003356951868020937	0.005435454752673495	0.0026114555785432198	0.004277575690180408	0.0023840934753188306
4:Del:M:3	0.00030708285778671457	0.0002959144244111615	0.00042896842489711495	0.0005566870461709366	0.0007046786511513949	0.0008462887856435311	0.0005935747801284484	0.0005915269211576046	0.0010194856156209248	0.0005485905999268395	0.0007889119890169053	0.0004378058329702296
5:Del:M:1	0.004263949863358517	0.003689753818695315	0.006079850433687118	0.007957496225545457	0.009396399575604288	0.0222450712452683	0.007053894111314399	0.010099835428249581	0.017204108371757804	0.006481040313075246	0.016186298062797786	0.005845904743668388
5:Del:M:2	0.0014546284464808368	0.0016534925256266202	0.0026522690109947204	0.0024391217161206778	0.0032576039582375626	0.005711488518564357	0.002576802862570836	0.005001788924824412	0.006717956791705616	0.0026017259901088595	0.006136627375276978	0.0027176043231538116
5:Del:M:3	0.0008390497551851813	0.0006535038217063223	0.0011671743358387685	0.0011759074521477354	0.0015401806560830249	0.0009411410752754088	0.0010758647698192174	0.001624820930131505	0.0025947669635836535	0.0011351397969705454	0.0019082612432614618	0.0010387827932432547
5:Del:M:4	0.00019725758022653305	0.00018482667531701205	0.0002016089833653823	0.0002464869444608149	0.0002878600921314074	0.0002557673138936667	0.0002738899342155161	0.0003645434646097813	0.0004801193138328824	0.0002318165910484063	0.0005226260182664093	0.00023334214099870432
5:Del:M:5	0.0001423576733140114	0.00014028361346508106	0.00021380884810178545	0.00026938118041628365	0.0004065688063646423	0.0002489137699070324	0.00029433667349387755	0.0002811110822317579	0.0006269204368036554	0.000316880160192122	0.0004169410961038124	0.0002048094641323723
