MutationType	ID83A	ID83B	ID83C	ID83D	ID83E	ID83F	ID83G	ID83H	ID83I	ID83J	ID83K	ID83L
1:Del:C:0	1.33E-09	1.64E-09	3.27E-09	3.38E-09	1.23E-09	2.53E-09	1.52E-09	2.94E-09	2.59E-09	1.04E-09	2.31E-09	1.73E-09
1:Del:C:1	9.96E-04	1.23E-03	1.07E-03	1.38E-03	8.14E-04	2.50E-03	9.81E-04	1.63E-03	1.06E-03	9.68E-04	1.29E-03	9.49E-04
1:Del:C:2	2.90E-04	3.34E-04	4.94E-04	5.11E-04	2.84E-04	6.31E-04	3.59E-04	5.70E-04	4.06E-04	3.03E-04	3.78E-04	3.61E-04
1:Del:C:3	1.37E-04	1.84E-04	2.89E-04	2.71E-04	1.82E-04	4.10E-04	1.69E-04	3.50E-04	1.88E-04	1.65E-04	1.95E-04	1.97E-04
1:Del:C:4	1.07E-04	1.10E-04	1.74E-04	2.39E-04	9.92E-05	2.17E-04	9.05E-05	1.90E-04	1.23E-04	1.07E-04	1.53E-04	1.50E-04
1:Del:C:5	1.24E-04	1.92E-04	2.32E-04	3.06E-04	9.43E-05	1.85E-04	1.31E-04	2.65E-04	2.10E-04	1.31E-04	2.03E-04	1.53E-04
1:Del:T:0	1.33E-09	1.64E-09	3.27E-09	3.38E-09	1.23E-09	2.53E-09	1.52E-09	2.94E-09	2.59E-09	1.04E-09	2.31E-09	1.73E-09
1:Del:T:1	7.92E-04	8.29E-04	1.18E-03	1.20E-03	5.76E-04	2.07E-03	7.14E-04	1.38E-03	7.78E-04	6.68E-04	8.57E-04	7.66E-04
1:Del:T:2	4.08E-04	5.23E-04	6.79E-04	7.52E-04	4.20E-04	8.42E-04	4.96E-04	8.00E-04	5.48E-04	4.44E-04	4.99E-04	4.61E-04
1:Del:T:3	3.50E-04	3.86E-04	4.61E-04	6.40E-04	2.59E-04	7.56E-04	3.29E-04	6.08E-04	3.75E-04	3.36E-04	4.28E-04	3.92E-04
1:Del:T:4	3.72E-04	3.60E-04	5.81E-04	6.45E-04	2.83E-04	6.87E-04	2.80E-04	6.71E-04	4.25E-04	3.25E-04	4.76E-04	3.94E-04
1:Del:T:5	2.02E-03	2.35E-03	4.84E-03	4.86E-03	1.86E-03	3.75E-03	2.13E-03	3.60E-03	3.80E-03	1.63E-03	3.26E-03	2.76E-03
1:Ins:C:0	1.76E-04	2.17E-04	3.78E-04	4.08E-04	1.70E-04	3.96E-04	2.24E-04	3.89E-04	2.71E-04	2.19E-04	2.89E-04	2.12E-04
1:Ins:C:1	1.35E-04	1.33E-04	1.73E-04	1.75E-04	9.36E-05	2.28E-04	1.04E-04	2.17E-04	1.23E-04	1.33E-04	1.87E-04	1.16E-04
1:Ins:C:2	1.20E-04	1.23E-04	1.77E-04	1.89E-04	1.02E-04	1.85E-04	1.32E-04	2.15E-04	1.41E-04	1.24E-04	1.40E-04	1.46E-04
1:Ins:C:3	8.85E-05	1.04E-04	1.75E-04	1.63E-04	1.14E-04	1.29E-04	9.42E-05	2.02E-04	1.34E-04	1.35E-04	9.34E-05	1.05E-04
1:Ins:C:4	1.04E-04	1.05E-04	1.66E-04	1.92E-04	8.48E-05	1.83E-04	1.10E-04	1.87E-04	1.22E-04	9.30E-05	1.25E-04	1.13E-04
1:Ins:C:5	6.15E-04	5.22E-04	7.68E-04	9.05E-04	4.62E-04	8.33E-04	4.56E-04	8.31E-04	6.21E-04	5.03E-04	6.85E-04	6.58E-04
1:Ins:T:0	2.84E-04	3.28E-04	4.35E-04	4.46E-04	2.66E-04	5.25E-04	3.59E-04	5.63E-04	5.23E-04	3.42E-04	3.54E-04	3.49E-04
1:Ins:T:1	4.57E-04	4.22E-04	5.34E-04	5.83E-04	4.06E-04	8.00E-04	4.72E-04	7.68E-04	5.38E-04	4.87E-04	5.26E-04	4.27E-04
1:Ins:T:2	2.08E-04	2.66E-04	3.44E-04	4.06E-04	2.27E-04	3.76E-04	2.80E-04	4.24E-04	3.37E-04	3.06E-04	2.92E-04	2.69E-04
1:Ins:T:3	2.05E-04	2.36E-04	3.94E-04	3.48E-04	2.11E-04	4.47E-04	2.41E-04	4.40E-04	3.03E-04	2.50E-04	2.47E-04	2.77E-04
1:Ins:T:4	2.28E-04	2.24E-04	3.19E-04	4.04E-04	1.95E-04	4.38E-04	2.00E-04	3.77E-04	2.29E-04	2.39E-04	2.63E-04	3.25E-04
1:Ins:T:5	4.88E-03	4.81E-03	2.34E-03	3.54E-03	4.70E-03	2.66E-03	5.63E-03	6.03E-03	4.29E-03	5.41E-03	4.98E-03	5.22E-03
2:Del:R:0	1.59E-03	1.73E-03	4.87E-03	4.32E-03	1.78E-03	3.23E-03	2.02E-03	4.90E-03	4.19E-03	1.73E-03	3.22E-03	2.93E-03
2:Del:R:1	6.93E-05	7.98E-05	1.57E-04	1.44E-04	5.81E-05	1.63E-04	8.24E-05	1.40E-04	1.11E-04	7.95E-05	9.00E-05	8.45E-05
2:Del:R:2	2.77E-05	4.06E-05	5.78E-05	5.88E-05	2.35E-05	1.14E-04	2.90E-05	5.69E-05	3.21E-05	3.97E-05	4.55E-05	3.22E-05
2:Del:R:3	8.83E-06	7.05E-06	2.55E-05	2.20E-05	9.08E-06	1.57E-05	6.96E-06	2.71E-05	1.81E-05	8.59E-06	2.07E-05	1.39E-05
2:Del:R:4	6.34E-06	6.29E-06	1.48E-05	1.17E-05	5.31E-06	1.69E-05	4.83E-06	1.34E-05	7.50E-06	6.43E-06	8.25E-06	6.43E-06
2:Del:R:5	5.49E-05	5.64E-05	9.25E-05	1.44E-04	4.87E-05	6.85E-05	4.04E-05	9.60E-05	9.32E-05	4.41E-05	1.00E-04	7.26E-05
3:Del:R:0	3.61E-04	3.36E-04	5.87E-04	6.98E-04	3.13E-04	4.87E-04	3.83E-04	5.24E-04	5.81E-04	3.73E-04	4.24E-04	4.47E-04
3:Del:R:1	8.44E-05	7.13E-05	1.21E-04	1.49E-04	5.84E-05	1.24E-04	6.47E-05	1.46E-04	8.66E-05	9.09E-05	8.49E-05	9.54E-05
3:Del:R:2	2.02E-05	2.38E-05	3.01E-05	4.80E-05	1.94E-05	4.79E-05	2.39E-05	3.65E-05	2.48E-05	1.51E-05	2.40E-05	2.63E-05
3:Del:R:3	1.33E-09	1.64E-09	3.27E-09	3.38E-09	1.23E-09	2.53E-09	1.52E-09	2.94E-09	2.59E-09	1.04E-09	2.31E-09	1.73E-09
3:Del:R:4	7.06E-06	6.59E-06	1.04E-05	1.41E-05	6.50E-06	1.31E-05	5.38E-06	1.25E-05	8.50E-06	6.71E-06	1.32E-05	7.73E-06
3:Del:R:5	1.33E-09	1.64E-09	3.27E-09	3.38E-09	1.23E-09	2.53E-09	1.52E-09	2.94E-09	2.59E-09	1.04E-09	2.31E-09	1.73E-09
4:Del:R:0	2.29E-04	2.35E-04	4.73E-04	4.71E-04	2.67E-04	4.00E-04	3.59E-04	4.87E-04	4.76E-04	3.05E-04	3.10E-04	2.61E-04
4:Del:R:1	2.29E-05	2.22E-05	3.58E-05	5.50E-05	2.10E-05	4.19E-05	3.13E-05	4.71E-05	3.05E-05	2.17E-05	3.08E-05	3.33E-05
4:Del:R:2	1.09E-05	7.93E-06	2.28E-05	1.87E-05	7.40E-06	1.20E-05	8.11E-06	1.55E-05	1.36E-05	1.07E-05	1.26E-05	1.48E-05
4:Del:R:3	1.33E-09	1.64E-09	3.27E-09	3.38E-09	1.23E-09	2.53E-09	1.52E-09	2.94E-09	2.59E-09	1.04E-09	2.31E-09	1.73E-09
4:Del:R:4	1.33E-09	1.64E-09	3.27E-09	3.38E-09	1.23E-09	2.53E-09	1.52E-09	2.94E-09	2.59E-09	1.04E-09	2.31E-09	1.73E-09
4:Del:R:5	1.33E-09	1.64E-09	3.27E-09	3.38E-09	1.23E-09	2.53E-09	1.52E-09	2.94E-09	2.59E-09	1.04E-09	2.31E-09	1.73E-09
5:Del:R:0	5.37E-04	6.17E-04	8.89E-04	1.02E-03	5.11E-04	1.03E-03	5.51E-04	1.08E-03	7.47E-04	5.13E-04	8.28E-04	6.67E-04
5:Del:R:1	6.23E-06	6.36E-06	1.14E-05	9.13E-06	7.93E-06	2.25E-05	6.04E-06	1.16E-05	4.90E-06	3.97E-06	4.36E-06	8.11E-06
5:Del:R:2	1.33E-09	1.64E-09	3.27E-09	3.38E-09	1.23E-09	2.53E-09	1.52E-09	2.94E-09	2.59E-09	1.04E-09	2.31E-09	1.73E-09
5:Del:R:3	1.33E-09	1.64E-09	3.27E-09	3.38E-09	1.23E-09	2.53E-09	1.52E-09	2.94E-09	2.59E-09	1.04E-09	2.31E-09	1.73E-09
5:Del:R:4	1.33E-09	1.64E-09	3.27E-09	3.38E-09	1.23E-09	2.53E-09	1.52E-09	2.94E-09	2.59E-09	1.04E-09	2.31E-09	1.73E-09
5:Del:R:5	1.33E-09	1.64E-09	3.27E-09	3.38E-09	1.23E-09	2.53E-09	1.52E-09	2.94E-09	2.59E-09	1.04E-09	2.31E-09	1.73E-09
2:Ins:R:0	2.53E-04	2.73E-04	4.16E-04	4.86E-04	2.47E-04	4.65E-04	2.31E-04	4.59E-04	4.09E-04	2.13E-04	3.84E-04	3.23E-04
2:Ins:R:1	1.61E-04	1.51E-04	2.73E-04	2.79E-04	1.18E-04	2.62E-04	1.60E-04	2.64E-04	1.85E-04	1.30E-04	2.01E-04	1.60E-04
2:Ins:R:2	1.25E-04	9.67E-05	1.93E-04	2.16E-04	7.62E-05	1.54E-04	1.02E-04	1.77E-04	1.19E-04	1.21E-04	1.36E-04	1.71E-04
2:Ins:R:3	4.82E-05	4.69E-05	6.22E-05	6.93E-05	3.41E-05	1.01E-04	4.06E-05	8.27E-05	4.74E-05	3.70E-05	5.14E-05	4.12E-05
2:Ins:R:4	7.23E-05	6.71E-05	1.29E-04	1.42E-04	6.01E-05	1.15E-04	9.04E-05	1.36E-04	1.15E-04	7.48E-05	8.72E-05	8.73E-05
2:Ins:R:5	1.09E-03	1.01E-03	1.71E-03	1.88E-03	9.91E-04	1.51E-03	9.27E-04	1.75E-03	1.48E-03	1.01E-03	1.44E-03	1.31E-03
3:Ins:R:0	9.20E-05	9.41E-05	1.67E-04	1.75E-04	9.35E-05	1.15E-04	8.22E-05	1.63E-04	1.09E-04	1.02E-04	1.39E-04	1.06E-04
3:Ins:R:1	1.13E-04	1.34E-04	1.74E-04	2.11E-04	1.15E-04	2.04E-04	1.16E-04	2.05E-04	1.60E-04	1.10E-04	1.88E-04	1.10E-04
3:Ins:R:2	2.66E-05	2.71E-05	3.34E-05	4.80E-05	2.15E-05	5.04E-05	2.24E-05	3.87E-05	3.07E-05	1.68E-05	2.32E-05	2.53E-05
3:Ins:R:3	1.33E-09	1.64E-09	3.27E-09	3.38E-09	1.23E-09	2.53E-09	1.52E-09	2.94E-09	2.59E-09	1.04E-09	2.31E-09	1.73E-09
3:Ins:R:4	6.00E-06	9.58E-06	4.08E-06	1.26E-05	2.78E-06	4.69E-06	4.45E-06	1.24E-05	4.34E-06	4.19E-06	8.93E-06	4.04E-06
3:Ins:R:5	3.79E-05	3.97E-05	4.36E-05	7.43E-05	3.60E-05	6.31E-05	3.46E-05	4.56E-05	4.48E-05	3.18E-05	4.43E-05	3.52E-05
4:Ins:R:0	8.26E-05	9.41E-05	1.71E-04	1.78E-04	8.73E-05	1.78E-04	9.61E-05	1.85E-04	1.46E-04	8.07E-05	1.01E-04	8.94E-05
4:Ins:R:1	1.87E-04	1.45E-04	2.38E-04	2.57E-04	1.60E-04	3.22E-04	1.96E-04	2.96E-04	2.03E-04	1.70E-04	1.71E-04	1.86E-04
4:Ins:R:2	1.90E-05	1.05E-05	2.48E-05	3.11E-05	1.29E-05	2.42E-05	1.32E-05	3.19E-05	1.49E-05	1.72E-05	1.36E-05	1.63E-05
4:Ins:R:3	1.33E-09	1.64E-09	3.27E-09	3.38E-09	1.23E-09	2.53E-09	1.52E-09	2.94E-09	2.59E-09	1.04E-09	2.31E-09	1.73E-09
4:Ins:R:4	1.58E-05	1.48E-05	3.32E-05	4.17E-05	1.09E-05	2.83E-05	1.94E-05	3.04E-05	2.02E-05	1.39E-05	2.45E-05	1.65E-05
4:Ins:R:5	2.65E-05	2.89E-05	4.88E-05	4.72E-05	2.98E-05	7.67E-05	2.33E-05	5.81E-05	3.94E-05	3.27E-05	4.02E-05	2.94E-05
5:Ins:R:0	1.39E-04	1.54E-04	2.56E-04	2.50E-04	1.26E-04	3.61E-04	1.60E-04	2.96E-04	1.74E-04	1.35E-04	1.49E-04	1.71E-04
5:Ins:R:1	2.73E-04	3.29E-04	4.32E-04	5.40E-04	1.86E-04	5.39E-04	2.76E-04	4.81E-04	3.30E-04	1.95E-04	3.68E-04	2.80E-04
5:Ins:R:2	1.24E-05	1.17E-05	2.09E-05	2.86E-05	1.03E-05	1.25E-05	1.15E-05	2.43E-05	9.83E-06	8.89E-06	1.56E-05	1.34E-05
5:Ins:R:3	5.78E-06	8.79E-06	8.89E-06	1.79E-05	5.87E-06	9.78E-06	4.59E-06	1.03E-05	8.04E-06	4.55E-06	8.62E-06	9.18E-06
5:Ins:R:4	8.34E-06	1.05E-05	9.02E-06	1.43E-05	4.40E-06	3.85E-05	7.76E-06	1.47E-05	6.82E-06	8.79E-06	9.61E-06	9.15E-06
5:Ins:R:5	7.15E-06	7.51E-06	8.59E-06	1.37E-05	5.53E-06	1.20E-05	5.17E-06	1.31E-05	8.46E-06	5.90E-06	9.64E-06	6.72E-06
2:Del:M:1	2.36E-04	2.78E-04	4.53E-04	5.51E-04	2.37E-04	5.12E-04	3.85E-04	4.47E-04	4.24E-04	2.60E-04	3.55E-04	3.60E-04
3:Del:M:1	4.21E-04	4.48E-04	7.02E-04	7.25E-04	3.21E-04	4.52E-04	4.40E-04	8.18E-04	6.22E-04	6.04E-04	5.30E-04	4.30E-04
3:Del:M:2	1.90E-04	1.91E-04	2.74E-04	3.52E-04	2.10E-04	1.77E-04	1.78E-04	3.57E-04	2.43E-04	3.04E-04	2.80E-04	2.32E-04
4:Del:M:1	1.82E-04	2.07E-04	2.18E-04	3.58E-04	1.18E-04	1.82E-04	1.73E-04	2.63E-04	2.58E-04	1.35E-04	2.45E-04	2.17E-04
4:Del:M:2	1.40E-04	1.56E-04	2.05E-04	3.13E-04	1.17E-04	2.14E-04	1.07E-04	2.35E-04	2.17E-04	1.40E-04	2.12E-04	1.88E-04
4:Del:M:3	4.83E-05	4.28E-05	7.22E-05	7.75E-05	3.09E-05	7.39E-05	4.36E-05	6.59E-05	4.98E-05	4.27E-05	6.30E-05	4.74E-05
5:Del:M:1	3.56E-04	4.21E-04	5.58E-04	6.53E-04	2.76E-04	5.98E-04	3.71E-04	6.54E-04	4.58E-04	3.07E-04	4.75E-04	3.69E-04
5:Del:M:2	1.60E-04	1.88E-04	3.02E-04	3.23E-04	1.52E-04	3.04E-04	1.53E-04	3.48E-04	2.39E-04	1.78E-04	2.39E-04	2.12E-04
5:Del:M:3	7.51E-05	9.71E-05	1.31E-04	1.61E-04	6.15E-05	1.07E-04	9.15E-05	1.37E-04	1.26E-04	8.60E-05	1.15E-04	1.05E-04
5:Del:M:4	2.67E-05	2.64E-05	3.93E-05	4.52E-05	2.20E-05	3.72E-05	2.56E-05	5.30E-05	2.78E-05	2.32E-05	3.08E-05	2.51E-05
5:Del:M:5	2.44E-05	2.58E-05	3.34E-05	5.89E-05	1.89E-05	3.81E-05	2.34E-05	4.59E-05	2.87E-05	2.18E-05	3.62E-05	3.00E-05
