MutationsType	DBS78A	DBS78B	DBS78C
AC>CA	0.00495222	0.00500832	0.00001888
AC>CG	0.00115811	0.00000305	0.00000049
AC>CT	0.00753998	0.00379093	0.00028800
AC>GA	0.00173182	0.00902681	0.00025613
AC>GG	0.00105682	0.00000322	0.00000050
AC>GT	0.00504686	0.00148191	0.00493924
AC>TA	0.00682263	0.00217902	0.00496870
AC>TG	0.00000179	0.00000555	0.00000060
AC>TT	0.01374834	0.00239634	0.00004946
AT>CA	0.00121056	0.00160949	0.00027327
AT>CC	0.00112268	0.00000322	0.00000049
AT>CG	0.00000179	0.00000555	0.00000060
AT>GA	0.00491436	0.00707188	0.00016689
AT>GC	0.00187748	0.00003335	0.00386234
AT>TA	0.00456731	0.01147466	0.00030413
CC>AA	0.00929059	0.10047455	0.08406097
CC>AG	0.00476670	0.01152246	0.02270270
CC>AT	0.01963633	0.08383162	0.00959158
CC>GA	0.00124935	0.01227758	0.00002644
CC>GG	0.00336501	0.00172026	0.00027187
CC>GT	0.01065051	0.01867114	0.00000315
CC>TA	0.01608444	0.04734857	0.00486612
CC>TG	0.01206312	0.00648326	0.00543479
CC>TT	0.65889390	0.00171395	0.00470226
CG>AT	0.00125903	0.00114601	0.00393412
CG>GC	0.00000179	0.00000555	0.00000060
CG>GT	0.00000127	0.00000488	0.00318646
CG>TA	0.00000179	0.00000555	0.00000060
CG>TC	0.00104255	0.00162508	0.00410906
CG>TT	0.00101277	0.00000367	0.00000047
CT>AA	0.00012110	0.05419064	0.03367300
CT>AC	0.00000091	0.00000081	0.53136391
CT>AG	0.00073389	0.01867695	0.00129404
CT>GA	0.00000030	0.00997748	0.00046180
CT>GC	0.00107607	0.00189234	0.00019105
CT>GG	0.00135359	0.00531083	0.00046755
CT>TA	0.00443957	0.02263122	0.00000034
CT>TC	0.00978021	0.01222286	0.00006386
CT>TG	0.00470946	0.00528594	0.00019316
GC>AA	0.01708195	0.04528021	0.00486903
GC>AG	0.00421508	0.01675271	0.01559165
GC>AT	0.00118401	0.01856030	0.00001003
GC>CA	0.00188541	0.00919973	0.00894235
GC>CG	0.00000179	0.00000555	0.00000060
GC>TA	0.00154160	0.00650778	0.00484718
TA>AT	0.00437511	0.00533628	0.00440402
TA>CG	0.00107333	0.00000353	0.00000048
TA>CT	0.00504859	0.00848435	0.00376332
TA>GC	0.00000179	0.00000555	0.00000060
TA>GG	0.00000179	0.00000555	0.00000060
TA>GT	0.00323087	0.00000208	0.00000039
TC>AA	0.00090329	0.09697851	0.01942949
TC>AG	0.00216810	0.03505138	0.00003786
TC>AT	0.01263381	0.05892024	0.00000010
TC>CA	0.00596265	0.01974780	0.00000874
TC>CG	0.00012063	0.00144574	0.00400862
TC>CT	0.00869542	0.01774232	0.00412254
TC>GA	0.00101589	0.00953629	0.00506659
TC>GG	0.00114769	0.00165658	0.00024737
TC>GT	0.00519370	0.01697069	0.00451684
TG>AA	0.00514252	0.01122254	0.00581314
TG>AC	0.00444215	0.00199375	0.00000030
TG>AT	0.02455065	0.01310069	0.03151105
TG>CA	0.00740365	0.00026189	0.00002041
TG>CC	0.00289366	0.00029449	0.00687886
TG>CT	0.01451278	0.06974385	0.00901278
TG>GA	0.00371657	0.00099037	0.00003225
TG>GC	0.00109854	0.00000352	0.00000046
TG>GT	0.00317603	0.03402078	0.12920467
TT>AA	0.01048425	0.00922154	0.00543672
TT>AC	0.00277355	0.00484844	0.00039495
TT>AG	0.00146992	0.00525889	0.00042686
TT>CA	0.00756812	0.00625551	0.00006916
TT>CC	0.00777825	0.00514155	0.00086669
TT>CG	0.00319765	0.00000227	0.00000038
TT>GA	0.00394057	0.00209981	0.00455577
TT>GC	0.00104504	0.00000353	0.00000048
TT>GG	0.00003656	0.00622689	0.00017706
