MutationsType	DBS1	DBS2	DBS4	DBS5	DBS6	DBS9	DBS11	DBS78C
AC>CA	0.00004971	0.00037408	0.00414186	0.00213982	0.00266057	0.02459182	0.00136991	0.00001888
AC>CG	0.00002641	0.00003171	0.00004962	0.00046196	0.00014603	0.00206931	0.00019399	0.00000049
AC>CT	0.00429109	0.00012603	0.00000000	0.00201983	0.00024005	0.02849052	0.00075595	0.00028800
AC>GA	0.00012703	0.00023705	0.00440197	0.00055795	0.00858184	0.02529159	0.00044197	0.00025613
AC>GG	0.00005711	0.00000000	0.00000000	0.00000000	0.00010402	0.00712763	0.00224985	0.00000050
AC>GT	0.00296075	0.00028006	0.00000001	0.00082193	0.00013203	0.01209598	0.00570961	0.00493924
AC>TA	0.00120031	0.00148031	0.00127057	0.00147988	0.01010217	0.04118630	0.00026398	0.00496870
AC>TG	0.00017204	0.00000636	0.00005312	0.00111991	0.00044910	0.01789405	0.00023898	0.00000060
AC>TT	0.02650674	0.00292062	0.00016107	0.00746938	0.00318068	0.04438523	0.00281981	0.00004946
AT>CA	0.00048212	0.00003781	0.00091641	0.00010799	0.00011402	0.01269578	0.00947935	0.00027327
AT>CC	0.00029708	0.00000000	0.00000000	0.00002130	0.00006391	0.00177941	0.00189987	0.00000049
AT>CG	0.00000398	0.00000000	0.00000000	0.00000000	0.00000182	0.00000000	0.00001740	0.00000060
AT>GA	0.00212054	0.00016804	0.00032415	0.00110991	0.00162035	0.00636788	0.01119924	0.00016689
AT>GC	0.00017404	0.00000585	0.00001761	0.00000000	0.00001720	0.00180940	0.00417972	0.00386234
AT>TA	0.00234059	0.00045810	0.00453203	0.00079293	0.00220047	0.00919694	0.00383974	0.00030413
CC>AA	0.00001060	0.72415324	0.00000000	0.00000000	0.00000000	0.00000000	0.00000000	0.08406097
CC>AG	0.00001230	0.07261537	0.00543244	0.02429798	0.06161322	0.02639122	0.00097193	0.02270270
CC>AT	0.01870475	0.10002117	0.01570704	0.00242980	0.00043809	0.01949351	0.03449765	0.00959158
CC>GA	0.00013403	0.01770375	0.00355159	0.00006759	0.03550762	0.01099634	0.00095294	0.00002644
CC>GG	0.00009822	0.00045010	0.00007303	0.00001190	0.01810388	0.00305898	0.00344976	0.00027187
CC>GT	0.00692176	0.00110023	0.00007994	0.00002480	0.00344074	0.01789405	0.06949526	0.00000315
CC>TA	0.01040264	0.01600339	0.00017008	0.00126989	0.00222048	0.00068677	0.05879599	0.00486612
CC>TG	0.00255065	0.00023705	0.00000830	0.00480960	0.00687147	0.01549484	0.03229780	0.00543479
CC>TT	0.85821812	0.00000000	0.00000000	0.00000000	0.00000000	0.00000000	0.33197737	0.00470226
CG>AT	0.00000060	0.00115024	0.00029013	0.00163986	0.00754162	0.00021893	0.00181988	0.00393412
CG>GC	0.00000542	0.00036908	0.00000510	0.00009919	0.00059013	0.00001200	0.00016599	0.00000060
CG>GT	0.00000170	0.00128027	0.00000000	0.00647946	0.00322069	0.00009937	0.00117992	0.00318646
CG>TA	0.00035609	0.00000000	0.00000000	0.00000000	0.00000000	0.00000000	0.00000000	0.00000060
CG>TC	0.00001260	0.00215046	0.00000000	0.00002980	0.00891191	0.00013296	0.00068495	0.00410906
CG>TT	0.00012403	0.00556118	0.00036116	0.00221982	0.01870401	0.00008287	0.00069895	0.00000047
CT>AA	0.00002771	0.00321068	0.00000000	0.46596124	0.00448096	0.00000000	0.00439970	0.03367300
CT>AC	0.00041911	0.00000000	0.00000000	0.20898261	0.00195042	0.00000000	0.00234984	0.53136391
CT>AG	0.00000000	0.00058712	0.00036316	0.02669778	0.03950848	0.00058181	0.00049597	0.00129404
CT>GA	0.00008922	0.00001810	0.00067330	0.01609866	0.00734158	0.00283906	0.01159921	0.00046180
CT>GC	0.00025206	0.00013403	0.00007223	0.00484960	0.00179038	0.00310897	0.00610958	0.00019105
CT>GG	0.00001080	0.00008982	0.00092642	0.00056995	0.00681146	0.01039654	0.00401973	0.00046755
CT>TA	0.00781199	0.00338072	0.00000000	0.00333972	0.00008842	0.00000000	0.04169716	0.00000034
CT>TC	0.01050267	0.00003841	0.00000000	0.00023698	0.00000000	0.00002999	0.00298980	0.00006386
CT>TG	0.00224057	0.00039008	0.00003081	0.00087393	0.01120240	0.00000000	0.00147990	0.00019316
GC>AA	0.00158040	0.00508108	0.32814716	0.00013299	0.00000000	0.00000000	0.00099993	0.00486903
GC>AG	0.00010703	0.00032507	0.01130507	0.00265978	0.00366079	0.12395876	0.00328978	0.01559165
GC>AT	0.00004871	0.00095320	0.00924415	0.00156987	0.00188040	0.12595809	0.02719815	0.00001003
GC>CA	0.00005761	0.00106022	0.01190534	0.00457962	0.00869187	0.02739089	0.00210986	0.00894235
GC>CG	0.00000515	0.00006691	0.00000098	0.00032297	0.00000000	0.00249917	0.00403972	0.00000060
GC>TA	0.00000083	0.00073616	0.01770794	0.00022198	0.00082918	0.01399534	0.00024298	0.00484718
TA>AT	0.00050513	0.00275058	0.03041364	0.00186984	0.00857184	0.01549484	0.00222985	0.00440402
TA>CG	0.00000755	0.00001890	0.00038917	0.00000789	0.00025906	0.00134955	0.00058396	0.00000048
TA>CT	0.00070218	0.00028006	0.00872391	0.00226981	0.02610560	0.01419528	0.00337977	0.00376332
TA>GC	0.00002011	0.00008222	0.00007023	0.00005220	0.00026406	0.00057881	0.00101993	0.00000060
TA>GG	0.00007032	0.00007892	0.00222100	0.00162986	0.00021805	0.00324892	0.00037497	0.00000060
TA>GT	0.00115029	0.00130028	0.00806362	0.00190984	0.00006251	0.00777741	0.00266982	0.00000039
TC>AA	0.00001090	0.00145031	0.37917004	0.04039664	0.04580983	0.00368877	0.00021699	0.01942949
TC>AG	0.00000309	0.00020004	0.00187084	0.01489876	0.00828178	0.04668447	0.04739677	0.00003786
TC>AT	0.00246063	0.00000000	0.00841377	0.00074794	0.00059413	0.05178277	0.08459423	0.00000010
TC>CA	0.00000442	0.00068214	0.08463796	0.00142988	0.01180253	0.04878377	0.00028198	0.00000874
TC>CG	0.00003301	0.00000389	0.00040018	0.00000000	0.00086218	0.00778741	0.00323978	0.00400862
TC>CT	0.00190048	0.00335071	0.00000828	0.00104991	0.00939202	0.05138290	0.02009863	0.00412254
TC>GA	0.00006422	0.00088519	0.03641633	0.00002460	0.00734158	0.01729425	0.00023498	0.00506659
TC>GG	0.00041110	0.00000987	0.00001040	0.00003480	0.00151032	0.00372876	0.00732950	0.00024737
TC>GT	0.00510130	0.00008572	0.00000000	0.00003860	0.00000000	0.00000000	0.01519896	0.00451684
TG>AA	0.00137035	0.00296063	0.00763342	0.01799850	0.02550547	0.01579475	0.00782947	0.00581314
TG>AC	0.00023706	0.00022005	0.00011805	0.00145988	0.01010217	0.00726758	0.00086594	0.00000030
TG>AT	0.00241061	0.00429091	0.00000000	0.02039830	0.22104743	0.00074575	0.01049928	0.03151105
TG>CA	0.00027907	0.00014403	0.00080436	0.00047596	0.01140245	0.02279242	0.05609618	0.00002041
TG>CC	0.00010303	0.00005941	0.00012005	0.00050596	0.00789169	0.01179608	0.00312979	0.00687886
TG>CT	0.00185047	0.00307065	0.00008214	0.00032797	0.27505902	0.00096768	0.00557962	0.00901278
TG>GA	0.00040710	0.00147031	0.00785352	0.00326973	0.00744160	0.00617794	0.00730950	0.00003225
TG>GC	0.00008892	0.00027206	0.00060427	0.00029198	0.00560120	0.00390870	0.00611958	0.00000046
TG>GT	0.00190048	0.00640135	0.00003231	0.08269312	0.02740588	0.00333889	0.00523964	0.12920467
TT>AA	0.00549140	0.00431091	0.00001801	0.00491959	0.00019304	0.00034089	0.00476967	0.00543672
TT>AC	0.00072018	0.00034507	0.00000066	0.00096592	0.00012803	0.00665778	0.00103993	0.00039495
TT>AG	0.00041811	0.00021505	0.00000000	0.00089293	0.00212045	0.00091769	0.00126991	0.00042686
TT>CA	0.00072518	0.00000000	0.00000000	0.00000000	0.00000000	0.00000000	0.00201986	0.00006916
TT>CC	0.00542138	0.00000298	0.00000000	0.00077294	0.00000000	0.00515828	0.00399973	0.00086669
TT>CG	0.00008382	0.00001520	0.00000000	0.00000000	0.00001120	0.00001979	0.00000000	0.00000038
TT>GA	0.00186047	0.00004791	0.00000000	0.00002990	0.00000000	0.00000000	0.00070695	0.00455577
TT>GC	0.00106027	0.00000154	0.00000000	0.00005660	0.00000041	0.00003559	0.00000578	0.00000048
TT>GG	0.00161041	0.00000000	0.00000000	0.00000000	0.00000000	0.00000000	0.00000000	0.00017706
