Iteration	L1	L1 %	L2	L2 %	KL Divergence
1	88.594	7.866	24.767	3.763	0.029
2	86.812	7.715	22.354	3.455	0.029
3	86.749	7.761	23.218	3.606	0.028
4	91.475	8.12	24.653	3.801	0.03
5	89.366	7.993	24.396	3.747	0.029
6	87.184	7.839	23.068	3.599	0.029
7	86.4	7.646	22.146	3.39	0.029
8	87.021	7.711	22.358	3.47	0.029
9	89.011	7.901	24.291	3.727	0.029
10	88.749	7.913	23.709	3.613	0.031
11	82.284	7.275	21.067	3.218	0.029
12	91.818	8.191	25.681	3.943	0.029
13	90.054	8.098	24.658	3.783	0.029
14	87.506	7.793	22.649	3.485	0.029
15	86.727	7.74	23.007	3.554	0.029
16	90.379	7.949	24.817	3.692	0.029
17	93.906	8.263	26.682	3.998	0.03
18	89.093	7.955	23.738	3.591	0.03
19	87.259	7.69	23.205	3.514	0.028
20	92.347	8.152	26.692	3.887	0.029
21	86.971	7.78	22.705	3.501	0.03
22	88.879	7.948	24.039	3.674	0.03
23	82.649	7.367	20.462	3.138	0.03
24	87.312	7.678	23.389	3.519	0.028
25	83.417	7.503	22.109	3.434	0.029
26	86.45	7.964	22.646	3.786	0.029
27	88.79	7.936	23.166	3.632	0.03
28	85.463	7.681	22.405	3.544	0.029
29	87.111	7.79	22.636	3.496	0.029
30	89.615	7.925	24.358	3.63	0.029
31	87.626	7.842	23.206	3.625	0.029
32	88.069	7.82	24.16	3.662	0.029
33	88.663	7.825	22.886	3.451	0.029
34	89.486	8.1	24.805	3.921	0.029
35	87.798	7.966	23.525	3.735	0.03
36	84.587	7.556	20.877	3.227	0.03
37	76.982	6.885	18.378	2.851	0.029
38	89.465	8.037	24.464	3.827	0.029
39	83.846	7.513	21.532	3.358	0.029
40	87.917	7.809	23.745	3.606	0.029
41	91.682	8.154	24.6	3.761	0.031
42	95.356	8.56	27.288	4.254	0.03
43	89.21	7.851	25.082	3.798	0.027
44	89.307	7.978	24.082	3.713	0.029
45	89.851	8.109	24.271	3.74	0.03
46	89.777	8.128	23.808	3.76	0.03
47	89.388	7.921	24.15	3.745	0.03
48	87.162	7.681	22.738	3.428	0.028
49	82.058	7.324	20.328	3.115	0.029
50	86.666	7.778	23.287	3.62	0.029
51	84.615	7.601	22.279	3.499	0.028
52	89.265	7.938	24.476	3.694	0.028
53	91.39	8.244	23.878	3.811	0.03
54	84.352	7.539	21.666	3.361	0.029
55	90.366	8.104	24.041	3.795	0.03
56	88.88	7.896	23.703	3.583	0.031
57	89.373	7.967	23.596	3.631	0.03
58	85.749	7.509	21.359	3.206	0.029
59	86.18	7.591	22.441	3.337	0.029
60	88.574	7.897	24.033	3.769	0.029
61	90.324	7.917	24.032	3.567	0.03
62	88.939	7.939	25.034	3.815	0.029
63	86.479	7.758	23.293	3.601	0.028
64	82.031	7.348	20.762	3.168	0.029
65	92.754	8.38	25.538	3.947	0.031
66	82.676	7.382	19.987	3.105	0.03
67	85.89	7.617	23.468	3.587	0.028
68	85.938	7.696	22.569	3.563	0.029
69	89.946	8.104	24.693	3.888	0.03
70	82.068	7.301	20.276	3.131	0.029
71	91.361	8.09	26.44	3.902	0.029
72	78.267	7.088	18.779	2.955	0.029
73	87.214	7.827	23.274	3.566	0.029
74	82.699	7.327	20.305	3.084	0.029
75	90.015	8.002	24.697	3.705	0.028
76	87.98	7.705	24.196	3.602	0.029
77	93.807	8.392	25.976	4.053	0.03
78	92.453	8.162	25.278	3.802	0.03
79	84.607	7.583	21.514	3.387	0.03
80	89.825	7.931	24.462	3.696	0.029
81	88.232	7.697	22.736	3.435	0.029
82	87.927	7.922	22.306	3.463	0.032
83	86.172	7.678	21.29	3.273	0.03
84	82.114	7.254	19.929	3.004	0.03
85	85.614	7.548	22.344	3.461	0.028
86	89.487	7.998	24.129	3.775	0.029
87	85.493	7.598	23.336	3.506	0.029
88	89.007	7.932	23.808	3.681	0.029
89	92.488	8.196	25.095	3.856	0.031
90	88.439	8.011	22.857	3.673	0.03
91	89.855	8.102	25.195	3.963	0.029
92	90.187	8.045	24.861	3.839	0.029
93	89.579	8.156	24.19	3.893	0.03
94	91.188	8.131	25.195	3.942	0.031
95	83.097	7.307	20.544	3.079	0.029
96	93.055	8.152	25.847	3.829	0.03
97	80.806	7.228	20.242	3.177	0.029
98	88.27	7.959	23.284	3.63	0.03
99	92.095	8.166	25.311	3.883	0.029
100	80.785	7.175	20.091	3.084	0.028
101	91.388	8.196	24.589	3.84	0.03
102	86.469	7.56	22.515	3.288	0.029
103	90.306	7.957	25.094	3.825	0.028
104	91.27	8.081	25.302	3.922	0.029
105	92.573	8.154	25.064	3.787	0.031
106	90.871	8.046	24.237	3.71	0.03
107	84.974	7.658	22.82	3.617	0.028
108	90.03	8.113	23.439	3.687	0.031
109	83.988	7.459	21.689	3.285	0.029
110	91.099	8.045	24.5	3.76	0.029
111	84.417	7.525	22.123	3.355	0.03
112	86.623	7.755	22.719	3.538	0.03
113	90.733	8.089	24.936	3.862	0.029
114	86.387	7.584	22.297	3.346	0.029
115	88.172	7.868	23.431	3.626	0.03
116	88.625	7.933	24.19	3.796	0.029
117	81.381	7.202	21.113	3.247	0.028
118	88.957	7.902	23.625	3.671	0.029
119	86.459	7.86	23.187	3.714	0.029
120	81.36	7.244	21.138	3.165	0.029
121	89.895	7.978	24.066	3.617	0.03
122	84.976	7.642	21.555	3.359	0.03
123	88.247	7.745	22.923	3.475	0.029
124	92.853	8.229	24.918	3.849	0.03
125	87.106	7.649	23.916	3.571	0.027
126	86.152	7.806	22.852	3.597	0.029
127	89.608	7.992	24.403	3.796	0.028
128	86.313	7.685	23.02	3.515	0.029
129	85.981	7.573	22.608	3.413	0.029
130	91.445	8.103	25.733	3.909	0.028
131	82.156	7.383	20.929	3.227	0.029
132	84.204	7.388	22.185	3.261	0.029
133	85.939	7.553	22.424	3.316	0.03
134	85.938	7.629	22.729	3.461	0.029
135	86.37	7.792	22.554	3.502	0.031
136	86.326	7.772	23.495	3.651	0.029
137	86.789	7.596	23.774	3.567	0.027
138	83.282	7.437	20.867	3.228	0.03
139	79.306	7.034	18.917	2.889	0.029
140	90.064	8.143	24.542	3.841	0.03
141	88.491	7.799	23.439	3.582	0.029
142	87.568	7.81	22.038	3.437	0.03
143	88.235	7.75	23.722	3.539	0.029
144	88.59	7.805	23.161	3.489	0.029
145	86.715	7.681	22.213	3.455	0.03
146	84.54	7.462	21.647	3.293	0.029
147	92.572	8.213	24.858	3.82	0.031
148	86.195	7.634	22.209	3.425	0.029
149	89.804	8.011	25.343	3.878	0.029
150	86.422	7.786	23.268	3.662	0.029
151	91.47	8.218	25.469	3.943	0.029
152	90.298	7.979	25.101	3.71	0.03
153	81.741	7.399	21.002	3.327	0.028
154	90.516	7.97	25.153	3.771	0.03
155	90.829	8.09	24.886	3.867	0.029
156	95.46	8.631	27.638	4.331	0.03
157	91.24	8.154	24.357	3.755	0.03
158	91.223	8.072	25.4	3.824	0.029
159	87.589	7.768	22.806	3.48	0.031
160	90.754	7.996	24.631	3.751	0.03
161	90.918	7.936	24.158	3.562	0.03
162	89.73	7.956	24.864	3.78	0.029
163	85.978	7.63	22.369	3.449	0.029
164	88.751	7.822	24.44	3.667	0.028
165	85.562	7.604	22.858	3.447	0.029
166	86.585	7.704	23.444	3.551	0.03
167	80.476	7.16	20.365	3.137	0.028
168	84.339	7.547	21.371	3.269	0.03
169	83.947	7.644	22.25	3.558	0.028
170	82.758	7.442	20.157	3.164	0.03
171	92.339	8.191	26.014	3.968	0.029
172	88.748	7.909	24.126	3.643	0.03
173	83.959	7.578	20.933	3.32	0.03
174	91.206	8.045	24.144	3.614	0.031
175	89.629	7.911	24.365	3.69	0.029
176	89.691	7.95	24.452	3.721	0.029
177	83.585	7.502	21.025	3.261	0.029
178	86.215	7.702	22.148	3.433	0.029
179	89.039	7.939	24.116	3.722	0.029
180	87.331	7.659	22.387	3.385	0.03
181	86.888	7.725	22.527	3.467	0.029
182	90.642	8.191	24.846	3.894	0.03
183	84.122	7.477	22.715	3.452	0.027
184	88.009	7.764	23.842	3.593	0.028
185	89.484	7.941	24.08	3.672	0.03
186	84.457	7.448	22.07	3.293	0.029
187	84.337	7.399	21.523	3.223	0.029
188	86.044	7.618	22.457	3.438	0.028
189	96.898	8.581	27.131	4.13	0.031
190	88.073	7.754	23.109	3.494	0.029
191	87.902	8.013	23.541	3.759	0.031
192	88.985	7.886	23.993	3.675	0.029
193	91.282	8.114	24.921	3.837	0.03
194	84.259	7.401	21.213	3.171	0.029
195	87.989	7.764	23.416	3.512	0.03
196	82.887	7.495	20.682	3.187	0.031
197	87.554	7.724	23.189	3.506	0.03
198	80.548	7.109	19.514	2.914	0.03
199	79.599	7.017	20.323	3.053	0.028
200	89.26	8.005	23.922	3.715	0.029
201	90.809	8.186	25.741	4.058	0.029
202	84.841	7.621	22.116	3.424	0.028
203	84.094	7.486	21.832	3.338	0.029
204	86.537	7.692	22.509	3.423	0.029
205	87.187	7.811	22.812	3.527	0.03
206	89.094	8.014	24.439	3.787	0.03
207	86.21	7.774	22.852	3.626	0.029
208	84.868	7.522	21.781	3.36	0.03
209	90.738	8.041	24.005	3.685	0.03
210	90.128	8.079	25.326	3.889	0.029
211	82.491	7.215	20.024	2.974	0.029
212	86.264	7.722	23.206	3.593	0.03
213	93.218	8.224	26.538	4.009	0.029
214	87.642	7.888	22.697	3.572	0.03
215	87.325	7.821	23.664	3.704	0.029
216	92.355	8.196	25.346	3.844	0.03
217	87.724	7.799	23.935	3.63	0.029
218	93.607	8.248	24.929	3.714	0.031
219	87.584	7.716	24.094	3.637	0.029
220	85.737	7.597	22.239	3.425	0.028
221	79.495	6.986	19.309	2.965	0.028
222	87.871	7.754	23.564	3.553	0.029
223	90.072	8.081	24.743	3.896	0.029
224	89.607	7.899	24.217	3.65	0.03
225	89.003	7.994	23.143	3.61	0.029
226	91.176	8.159	25.704	3.962	0.029
227	87.998	7.903	22.803	3.564	0.03
228	90.274	7.974	25.458	3.825	0.029
229	85.056	7.741	21.739	3.584	0.03
230	89.084	7.786	24.23	3.623	0.03
231	86.939	7.781	23.751	3.647	0.029
232	87.629	7.743	22.76	3.457	0.03
233	80.851	7.204	19.945	3.008	0.029
234	89.108	7.872	23.406	3.48	0.031
235	87.432	7.852	22.881	3.548	0.031
236	82.615	7.319	21.759	3.273	0.028
237	86.623	7.839	23.091	3.664	0.029
238	85.044	7.625	22.27	3.419	0.029
239	85.759	7.695	22.896	3.574	0.029
240	90.711	8.101	25.218	3.95	0.029
241	85.733	7.642	22.35	3.431	0.029
242	86.621	7.608	23.856	3.544	0.028
243	89.703	7.77	23.585	3.474	0.029
244	83.57	7.39	21.432	3.305	0.029
245	86.918	7.79	22.779	3.518	0.029
246	89.391	7.961	24.356	3.726	0.028
247	87.515	7.875	22.764	3.505	0.03
248	86.369	7.55	23.53	3.505	0.027
249	83.482	7.463	21.225	3.287	0.03
250	80.555	7.212	19.86	3.127	0.028
251	87.036	7.72	22.729	3.516	0.028
252	88.238	8.085	23.205	3.721	0.03
253	87.886	7.733	22.792	3.424	0.029
254	89.361	8.027	24.478	3.831	0.031
255	89.062	7.95	24.821	3.814	0.029
256	84.817	7.537	21.537	3.334	0.03
257	85.215	7.512	22.944	3.442	0.028
258	85.065	7.508	21.523	3.26	0.03
259	93.405	8.188	25.857	3.807	0.029
260	90.558	8.064	25.08	3.851	0.029
261	88.882	7.898	23.819	3.66	0.029
262	85.91	7.641	23.449	3.571	0.028
263	84.295	7.398	21.531	3.234	0.029
264	86.785	7.675	23.203	3.469	0.029
265	86.62	7.656	22.078	3.353	0.03
266	86.146	7.595	22.426	3.451	0.029
267	86.466	7.756	23.123	3.549	0.029
268	88.626	7.8	24.624	3.69	0.028
269	88.395	7.883	23.384	3.597	0.029
270	87.525	7.772	23.55	3.584	0.029
271	92.713	8.136	24.895	3.689	0.031
272	86.583	7.695	23.018	3.473	0.029
273	91.964	8.083	25.365	3.766	0.03
274	82.119	7.236	20.094	3.048	0.029
275	88.78	7.951	23.574	3.649	0.03
276	88.839	7.971	23.828	3.686	0.03
277	87.229	7.634	22.815	3.392	0.029
278	86.021	7.626	22.55	3.431	0.029
279	92.644	8.02	25.514	3.731	0.03
280	85.855	7.628	21.447	3.319	0.03
281	89.958	8.136	24.357	3.803	0.031
282	89.167	8.12	24.423	3.965	0.029
283	93.36	8.154	26.047	3.826	0.03
284	88.2	7.861	23.0	3.597	0.03
285	88.949	8.008	24.066	3.706	0.03
286	85.837	7.7	22.756	3.51	0.029
287	90.774	7.954	24.63	3.662	0.029
288	85.049	7.506	22.515	3.402	0.028
289	87.035	7.706	22.173	3.342	0.031
290	82.036	7.296	20.657	3.153	0.028
291	88.878	7.761	24.142	3.618	0.029
292	85.296	7.535	22.128	3.355	0.028
293	87.149	7.561	23.031	3.341	0.029
294	87.32	7.795	22.411	3.427	0.03
295	87.235	7.704	22.541	3.422	0.03
296	86.545	7.938	23.518	3.838	0.029
297	86.17	7.646	22.072	3.314	0.03
298	86.409	7.753	22.783	3.553	0.03
299	85.329	7.568	22.364	3.472	0.028
300	84.342	7.597	22.015	3.371	0.03
301	86.1	7.632	22.733	3.438	0.028
302	84.751	7.519	22.575	3.434	0.028
303	87.404	7.768	22.845	3.506	0.029
304	85.201	7.632	22.624	3.506	0.029
305	85.755	7.666	22.74	3.418	0.031
306	91.048	8.167	25.686	3.973	0.029
307	90.797	8.111	24.412	3.709	0.03
308	84.502	7.507	22.173	3.339	0.029
309	88.993	8.111	23.91	3.874	0.03
310	87.701	7.825	23.674	3.676	0.029
311	92.598	8.237	25.587	3.926	0.029
312	90.07	7.893	24.318	3.565	0.03
313	87.355	7.777	21.145	3.25	0.031
314	87.281	7.743	23.906	3.685	0.028
315	78.794	7.03	18.407	2.845	0.03
316	82.714	7.427	21.076	3.338	0.029
317	92.625	8.29	25.493	3.964	0.031
318	82.556	7.438	21.978	3.456	0.028
319	86.334	7.612	22.361	3.373	0.029
320	88.855	7.877	24.152	3.692	0.028
321	86.951	7.702	23.615	3.584	0.028
322	90.26	8.083	24.36	3.779	0.03
323	89.334	7.932	24.085	3.67	0.029
324	85.112	7.512	22.784	3.46	0.027
325	84.085	7.563	21.56	3.408	0.029
326	90.173	7.995	24.273	3.652	0.03
327	86.635	7.804	23.419	3.743	0.028
328	84.475	7.624	21.905	3.47	0.03
329	89.847	8.058	24.74	3.875	0.029
330	88.263	7.816	24.083	3.707	0.029
331	86.402	7.659	22.912	3.442	0.03
332	92.351	8.214	25.94	3.941	0.029
333	91.001	8.067	24.446	3.755	0.03
334	88.601	7.896	23.409	3.636	0.03
335	82.968	7.386	20.78	3.245	0.028
336	85.928	7.707	22.795	3.504	0.03
337	83.234	7.422	21.395	3.318	0.029
338	92.263	8.051	25.587	3.77	0.029
339	89.923	8.098	23.582	3.718	0.031
340	87.374	7.814	23.039	3.592	0.029
341	90.994	7.936	24.758	3.647	0.029
342	87.684	7.797	23.014	3.521	0.029
343	83.465	7.609	21.134	3.411	0.029
344	91.832	8.112	25.446	3.739	0.03
345	91.213	8.119	24.343	3.703	0.03
346	86.436	7.717	23.28	3.553	0.028
347	84.243	7.488	22.251	3.391	0.028
348	91.198	8.075	24.767	3.74	0.03
349	86.534	7.788	22.243	3.492	0.03
350	86.476	7.722	22.749	3.482	0.029
351	86.182	7.668	22.945	3.531	0.029
352	90.122	8.174	24.536	3.903	0.03
353	80.698	7.239	19.192	3.021	0.03
354	88.84	7.913	23.874	3.691	0.029
355	89.599	8.052	23.848	3.744	0.029
356	91.688	8.133	24.242	3.698	0.031
357	87.049	7.787	22.806	3.533	0.029
358	85.295	7.644	22.195	3.476	0.029
359	79.432	7.072	20.419	3.148	0.028
360	83.269	7.408	22.12	3.346	0.028
361	92.424	8.303	26.67	4.154	0.029
362	87.624	7.928	23.55	3.719	0.029
363	87.504	7.607	23.206	3.399	0.029
364	81.609	7.254	21.09	3.223	0.029
365	88.436	7.93	23.416	3.608	0.029
366	86.403	7.781	22.733	3.542	0.03
367	85.11	7.53	21.674	3.316	0.029
368	84.824	7.628	22.18	3.468	0.029
369	92.58	8.181	25.07	3.738	0.031
370	86.35	7.606	22.311	3.356	0.029
371	92.506	8.306	24.672	3.879	0.03
372	90.154	7.961	24.017	3.604	0.03
373	82.609	7.386	21.085	3.29	0.029
374	89.317	7.852	23.842	3.574	0.03
375	89.654	7.914	23.261	3.532	0.031
376	89.539	8.008	24.138	3.806	0.029
377	88.176	7.799	23.782	3.582	0.029
378	89.999	8.152	24.746	3.908	0.03
379	88.136	8.018	24.244	3.828	0.03
380	89.076	7.819	23.432	3.564	0.029
381	91.316	8.056	25.035	3.847	0.03
382	89.315	7.943	23.988	3.694	0.029
383	82.856	7.326	21.277	3.248	0.028
384	87.675	7.823	23.0	3.522	0.031
385	87.728	7.781	23.248	3.562	0.03
386	83.28	7.34	21.234	3.189	0.028
387	97.316	8.581	28.754	4.295	0.029
388	86.135	7.648	21.748	3.305	0.031
389	93.988	8.397	26.248	4.0	0.03
390	91.743	8.172	24.997	3.795	0.03
391	85.639	7.508	22.798	3.441	0.028
392	84.644	7.496	21.774	3.293	0.031
393	88.125	7.802	22.56	3.423	0.03
394	84.625	7.476	21.237	3.179	0.029
395	88.207	7.865	22.893	3.52	0.03
396	86.958	7.682	22.918	3.482	0.03
397	85.367	7.554	22.878	3.47	0.027
398	86.517	7.655	23.663	3.532	0.028
399	90.701	8.032	24.029	3.72	0.029
400	89.404	8.032	24.273	3.854	0.03
401	84.673	7.561	22.153	3.387	0.029
402	86.4	7.667	23.394	3.571	0.028
403	92.565	8.292	25.949	3.945	0.03
404	86.411	7.689	23.155	3.52	0.03
405	88.411	7.889	23.578	3.598	0.029
406	88.395	7.789	22.375	3.375	0.031
407	85.679	7.693	22.14	3.394	0.03
408	86.818	7.767	22.448	3.462	0.03
409	91.116	8.055	24.842	3.81	0.03
410	88.2	8.003	23.959	3.751	0.03
411	92.734	8.207	25.93	3.914	0.029
412	95.567	8.446	28.03	4.195	0.029
413	94.892	8.509	26.601	4.074	0.03
414	80.375	7.185	19.679	3.046	0.029
415	88.003	7.728	23.994	3.601	0.029
416	91.981	8.174	25.63	3.895	0.03
417	82.694	7.366	20.407	3.169	0.029
418	90.752	7.958	23.886	3.576	0.03
419	89.538	7.82	23.53	3.476	0.029
420	84.8	7.621	22.394	3.486	0.03
421	87.398	7.789	22.199	3.419	0.03
422	87.82	7.89	23.678	3.729	0.029
423	90.497	8.031	24.074	3.717	0.03
424	86.335	7.699	22.769	3.545	0.028
425	84.639	7.482	21.346	3.237	0.029
426	87.02	7.831	23.262	3.634	0.029
427	89.945	8.195	24.233	3.939	0.03
428	85.508	7.727	22.561	3.502	0.03
429	91.115	8.214	24.957	3.891	0.031
430	85.892	7.633	23.02	3.449	0.029
431	88.044	7.856	23.856	3.655	0.029
432	89.537	7.926	24.839	3.708	0.029
433	92.313	8.254	26.136	3.965	0.03
434	86.345	7.664	22.617	3.406	0.029
435	91.035	8.049	24.414	3.702	0.029
436	92.954	8.217	26.197	3.947	0.028
437	86.913	7.927	22.406	3.579	0.03
438	87.284	7.745	23.74	3.588	0.029
439	88.828	7.916	23.174	3.594	0.031
440	89.745	7.879	23.567	3.516	0.029
441	87.748	7.878	24.277	3.75	0.029
442	85.111	7.534	22.59	3.405	0.029
443	93.095	8.401	26.575	4.204	0.029
444	89.303	7.882	23.157	3.497	0.03
445	87.652	7.733	24.347	3.659	0.028
446	95.709	8.463	27.196	4.133	0.03
447	81.653	7.234	20.094	3.073	0.029
448	92.18	8.148	25.551	3.85	0.029
449	84.805	7.585	22.373	3.497	0.028
450	91.909	8.07	25.483	3.793	0.03
451	84.22	7.551	22.102	3.416	0.029
452	84.591	7.59	21.488	3.369	0.029
453	84.202	7.537	22.024	3.402	0.03
454	88.509	7.837	24.033	3.625	0.029
455	90.072	7.997	23.829	3.628	0.03
456	88.369	7.955	23.02	3.572	0.03
457	83.521	7.392	20.281	3.141	0.029
458	82.275	7.208	20.174	3.058	0.029
459	93.098	8.29	25.765	3.866	0.03
460	87.027	7.794	23.669	3.623	0.029
461	90.518	8.071	23.096	3.589	0.031
462	89.153	7.946	23.896	3.686	0.03
463	83.674	7.495	22.226	3.443	0.028
464	87.54	7.866	23.478	3.629	0.03
465	89.187	7.759	24.268	3.534	0.03
466	88.401	7.852	23.863	3.709	0.03
467	83.918	7.448	21.765	3.313	0.028
468	88.846	7.932	22.914	3.537	0.03
469	91.632	8.206	26.053	4.032	0.029
470	89.036	7.835	23.975	3.583	0.028
471	83.165	7.531	20.671	3.244	0.029
472	90.64	8.007	24.999	3.719	0.03
473	82.989	7.424	21.225	3.258	0.03
474	89.914	7.93	24.069	3.643	0.03
475	86.4	7.798	22.806	3.556	0.031
476	89.937	8.186	24.684	3.905	0.03
477	89.536	8.09	23.918	3.86	0.029
478	87.044	7.697	23.163	3.511	0.028
479	82.667	7.368	19.308	3.009	0.031
480	90.203	8.196	24.775	3.988	0.029
481	90.19	7.962	25.059	3.763	0.029
482	88.999	7.937	23.421	3.705	0.029
483	80.909	7.276	20.563	3.207	0.028
484	82.731	7.27	20.902	3.145	0.029
485	84.448	7.532	21.246	3.259	0.029
486	90.104	7.994	24.229	3.675	0.03
487	89.271	8.007	24.671	3.771	0.03
488	90.79	8.152	25.334	3.945	0.029
489	88.419	7.913	24.522	3.748	0.029
490	87.211	7.752	23.019	3.554	0.029
491	85.911	7.63	22.692	3.471	0.029
492	86.677	7.599	22.29	3.384	0.028
493	87.043	7.835	22.751	3.59	0.029
494	85.298	7.539	22.041	3.363	0.029
495	85.05	7.526	22.691	3.459	0.028
496	93.125	8.336	26.252	4.064	0.03
497	90.583	8.001	25.091	3.795	0.03
498	89.287	7.878	24.684	3.714	0.029
499	91.321	8.096	25.151	3.796	0.031
500	89.098	7.977	24.818	3.825	0.03
501	84.671	7.473	21.588	3.256	0.029
502	87.025	7.714	22.35	3.43	0.03
503	89.07	7.92	24.486	3.752	0.028
504	85.943	7.568	21.905	3.284	0.029
505	91.131	8.206	25.248	3.859	0.031
506	88.459	7.945	23.552	3.667	0.029
507	82.623	7.452	21.329	3.364	0.028
508	89.282	7.929	25.163	3.826	0.029
509	87.706	7.721	23.467	3.537	0.029
510	89.496	7.893	24.313	3.668	0.03
511	90.811	8.128	24.203	3.842	0.03
512	88.28	7.881	23.607	3.595	0.03
513	92.824	8.212	26.53	3.982	0.03
514	88.025	7.745	24.323	3.62	0.029
515	85.34	7.707	21.899	3.438	0.03
516	85.94	7.649	21.95	3.389	0.03
517	83.173	7.346	21.211	3.158	0.029
518	89.323	8.046	24.4	3.766	0.03
519	89.12	7.849	23.713	3.567	0.029
520	91.397	8.162	25.416	3.914	0.03
521	84.51	7.555	21.68	3.365	0.03
522	92.684	8.322	25.369	3.867	0.031
523	83.779	7.387	20.568	3.171	0.028
524	90.481	8.155	24.937	3.869	0.03
525	90.031	8.026	24.47	3.712	0.031
526	88.356	7.896	23.36	3.63	0.03
527	91.114	8.123	25.069	3.819	0.029
528	84.485	7.56	20.796	3.21	0.03
529	83.956	7.534	21.038	3.262	0.029
530	87.858	7.902	23.727	3.71	0.029
531	86.444	7.771	23.405	3.621	0.029
532	84.355	7.439	22.01	3.338	0.028
533	90.363	8.119	24.869	3.836	0.03
534	88.477	7.807	23.1	3.475	0.03
535	91.337	7.993	25.816	3.769	0.029
536	89.604	8.086	24.462	3.771	0.03
537	82.719	7.324	21.094	3.192	0.028
538	87.519	7.836	22.458	3.495	0.03
539	87.804	7.688	23.956	3.504	0.029
540	86.649	7.693	22.51	3.52	0.029
541	84.075	7.418	21.555	3.26	0.029
542	88.924	7.941	23.667	3.599	0.03
543	84.896	7.62	22.145	3.436	0.029
544	88.466	7.774	24.682	3.688	0.028
545	88.029	7.844	24.373	3.741	0.028
546	91.083	8.103	24.69	3.809	0.029
547	88.536	7.852	23.964	3.627	0.029
548	83.091	7.385	20.842	3.172	0.029
549	91.618	8.102	24.163	3.654	0.03
550	86.5	7.715	23.187	3.598	0.029
551	81.896	7.264	20.592	3.129	0.028
552	91.96	8.245	24.892	3.808	0.03
553	89.685	7.897	23.901	3.664	0.029
554	92.665	8.3	25.007	3.883	0.03
555	88.12	7.774	23.648	3.557	0.03
556	89.967	8.049	24.501	3.78	0.03
557	87.293	7.809	23.319	3.644	0.029
558	87.268	7.688	23.277	3.516	0.029
559	90.48	7.955	23.35	3.511	0.03
560	88.424	7.769	23.28	3.479	0.029
561	88.349	7.831	23.455	3.58	0.03
562	86.903	7.811	22.178	3.514	0.03
563	89.237	7.954	24.048	3.706	0.029
564	89.614	8.019	24.241	3.742	0.031
565	85.619	7.564	22.738	3.451	0.029
566	82.401	7.438	20.871	3.264	0.03
567	90.002	8.072	24.823	3.835	0.029
568	87.879	7.868	23.877	3.71	0.028
569	91.521	8.114	25.359	3.819	0.03
570	89.206	7.865	24.272	3.59	0.029
571	86.162	7.614	22.459	3.335	0.03
572	88.049	7.873	23.51	3.611	0.029
573	87.5	7.765	23.004	3.535	0.03
574	87.684	7.956	23.124	3.687	0.03
575	79.006	7.062	18.871	2.922	0.03
576	86.042	7.652	22.235	3.376	0.029
577	87.925	7.743	24.385	3.611	0.029
578	85.406	7.535	21.575	3.252	0.03
579	86.047	7.544	23.575	3.536	0.027
580	87.964	7.829	23.93	3.639	0.029
581	90.538	8.02	23.769	3.619	0.03
582	91.449	8.163	23.932	3.748	0.031
583	85.484	7.519	21.623	3.263	0.029
584	80.524	7.167	20.075	3.115	0.028
585	84.901	7.493	21.745	3.291	0.029
586	84.632	7.62	22.279	3.507	0.029
587	86.23	7.696	22.655	3.491	0.029
588	89.15	7.885	23.361	3.572	0.03
589	91.304	8.083	24.116	3.702	0.029
590	85.854	7.586	22.792	3.45	0.028
591	87.653	7.844	23.283	3.607	0.029
592	88.218	7.827	23.449	3.601	0.029
593	85.871	7.684	21.973	3.433	0.03
594	89.974	8.112	23.841	3.7	0.032
595	87.103	7.805	23.817	3.704	0.028
596	84.526	7.585	23.112	3.605	0.027
597	92.109	8.092	25.793	3.798	0.029
598	87.331	7.736	23.355	3.54	0.029
599	88.838	7.906	22.937	3.579	0.029
600	84.496	7.678	22.338	3.544	0.029
601	83.765	7.37	21.181	3.185	0.028
602	82.986	7.34	22.018	3.344	0.028
603	83.489	7.458	20.637	3.229	0.029
604	88.892	7.855	24.354	3.659	0.029
605	85.067	7.479	21.807	3.246	0.029
606	86.753	7.695	22.898	3.405	0.031
607	87.533	7.736	23.976	3.615	0.029
608	86.973	7.74	23.692	3.631	0.028
609	88.966	7.969	24.674	3.787	0.029
610	86.939	7.715	24.048	3.606	0.028
611	82.954	7.363	21.076	3.259	0.029
612	91.202	8.039	25.728	3.933	0.028
613	86.663	7.764	22.731	3.562	0.029
614	85.825	7.662	22.716	3.517	0.029
615	87.622	7.827	22.499	3.496	0.03
616	90.449	8.107	24.274	3.805	0.03
617	91.849	8.315	25.632	4.056	0.03
618	87.407	7.648	23.136	3.422	0.029
619	90.529	8.172	24.206	3.821	0.03
620	88.455	7.838	23.95	3.694	0.029
621	86.715	7.657	23.294	3.588	0.029
622	86.981	7.771	23.183	3.58	0.029
623	85.001	7.462	21.916	3.311	0.029
624	86.509	7.727	22.944	3.513	0.029
625	89.921	8.044	25.232	3.87	0.029
626	86.019	7.564	22.252	3.314	0.029
627	85.48	7.593	22.397	3.491	0.029
628	81.94	7.485	20.379	3.246	0.029
629	89.349	8.008	23.427	3.654	0.03
630	88.694	7.956	23.654	3.717	0.029
631	91.971	8.175	24.967	3.807	0.031
632	87.727	7.775	24.231	3.674	0.028
633	86.116	7.758	22.541	3.539	0.03
634	86.529	7.666	21.776	3.349	0.03
635	87.264	7.709	21.98	3.279	0.031
636	91.972	8.164	24.164	3.726	0.03
637	87.351	7.762	22.845	3.549	0.029
638	87.735	7.772	23.842	3.599	0.029
639	88.968	8.161	24.267	3.961	0.03
640	87.064	7.802	24.03	3.672	0.03
641	83.188	7.428	21.159	3.232	0.029
642	87.88	8.03	22.884	3.726	0.03
643	94.258	8.436	26.474	4.122	0.03
644	88.49	7.86	24.247	3.672	0.03
645	91.546	8.25	25.318	3.907	0.03
646	86.141	7.737	22.848	3.539	0.029
647	83.269	7.346	22.004	3.288	0.028
648	91.794	8.188	23.976	3.658	0.031
649	85.977	7.7	23.014	3.558	0.029
650	81.421	7.24	19.965	3.065	0.03
651	86.522	7.715	22.848	3.541	0.029
652	78.768	7.115	19.042	3.013	0.029
653	83.207	7.419	20.818	3.226	0.03
654	85.534	7.641	22.224	3.459	0.029
655	86.291	7.617	22.503	3.421	0.029
656	85.807	7.776	22.086	3.46	0.03
657	84.106	7.454	21.424	3.214	0.029
658	87.108	7.77	23.666	3.587	0.03
659	86.831	7.832	23.378	3.707	0.03
660	92.118	8.215	24.949	3.782	0.03
661	90.604	8.12	24.923	3.847	0.03
662	90.579	8.097	25.589	3.942	0.029
663	85.167	7.601	22.236	3.375	0.029
664	92.305	8.131	26.046	3.944	0.029
665	77.352	6.866	18.209	2.813	0.028
666	87.638	7.967	23.155	3.698	0.03
667	87.363	7.899	22.498	3.597	0.031
668	92.804	8.329	26.048	3.977	0.031
669	85.96	7.485	22.692	3.372	0.028
670	90.61	8.143	24.819	3.867	0.03
671	84.734	7.464	22.602	3.349	0.029
672	87.126	7.711	22.218	3.419	0.03
673	86.025	7.682	21.909	3.347	0.031
674	86.587	7.788	22.775	3.567	0.029
675	86.9	7.682	23.009	3.497	0.028
676	90.18	8.08	25.371	3.914	0.03
677	90.179	8.114	24.837	3.806	0.029
678	86.535	7.57	23.248	3.438	0.028
679	90.93	8.053	24.509	3.785	0.031
680	88.765	7.836	24.22	3.626	0.029
681	84.156	7.529	22.032	3.406	0.029
682	82.277	7.262	20.278	3.05	0.029
683	87.261	7.734	23.227	3.504	0.028
684	86.574	7.532	22.754	3.336	0.029
685	84.023	7.442	21.324	3.23	0.03
686	85.182	7.671	22.318	3.471	0.029
687	87.005	7.731	22.973	3.5	0.029
688	87.917	7.687	23.388	3.429	0.03
689	92.892	8.306	26.006	4.052	0.029
690	85.406	7.479	22.388	3.316	0.029
691	87.665	7.812	22.918	3.484	0.029
692	92.51	8.251	26.703	4.066	0.029
693	93.693	8.31	26.213	3.976	0.03
694	89.468	7.852	24.454	3.67	0.029
695	86.896	7.783	23.573	3.72	0.03
696	90.54	8.113	25.159	3.843	0.029
697	88.101	7.872	23.201	3.568	0.03
698	85.063	7.491	21.927	3.267	0.029
699	85.031	7.593	22.064	3.41	0.029
700	90.19	7.83	24.521	3.604	0.029
701	82.115	7.338	21.27	3.29	0.029
702	89.389	7.972	24.154	3.725	0.03
703	85.691	7.686	23.169	3.642	0.029
704	83.885	7.537	21.601	3.359	0.03
705	82.789	7.298	21.28	3.198	0.029
706	85.112	7.585	22.36	3.382	0.029
707	83.942	7.344	21.704	3.24	0.028
708	85.935	7.592	22.191	3.373	0.029
709	91.231	8.001	25.416	3.739	0.029
710	88.369	7.825	23.344	3.532	0.031
711	83.527	7.535	21.19	3.353	0.03
712	89.645	7.855	24.156	3.614	0.028
713	87.965	7.87	23.502	3.641	0.029
714	86.654	7.658	23.03	3.506	0.028
715	82.38	7.295	21.329	3.173	0.029
716	88.078	7.863	22.809	3.55	0.03
717	86.066	7.631	22.23	3.37	0.029
718	83.855	7.435	21.215	3.215	0.029
719	78.048	6.882	17.997	2.751	0.029
720	84.338	7.434	22.113	3.29	0.028
721	84.275	7.434	22.035	3.346	0.028
722	87.264	7.799	23.645	3.661	0.029
723	82.137	7.311	20.489	3.112	0.029
724	90.541	8.065	24.742	3.776	0.029
725	86.039	7.601	22.145	3.301	0.03
726	91.473	8.016	24.756	3.658	0.03
727	87.811	7.71	24.348	3.607	0.028
728	92.927	8.191	26.089	3.845	0.03
729	83.823	7.49	21.6	3.31	0.03
730	85.654	7.536	22.039	3.286	0.03
731	85.524	7.674	22.316	3.472	0.03
732	92.823	8.209	25.546	3.939	0.03
733	91.371	8.195	24.819	3.822	0.031
734	91.093	8.086	25.51	3.936	0.029
735	89.449	8.066	24.484	3.81	0.03
736	88.108	7.713	23.389	3.574	0.029
737	87.17	7.819	23.11	3.606	0.03
738	85.442	7.519	22.989	3.442	0.028
739	85.81	7.663	23.235	3.514	0.03
740	84.227	7.541	21.091	3.261	0.03
741	83.544	7.341	20.321	3.063	0.029
742	88.806	7.987	23.77	3.685	0.031
743	90.163	7.962	24.879	3.715	0.029
744	82.554	7.302	20.43	3.075	0.03
745	90.836	8.076	23.82	3.695	0.03
746	87.483	7.743	23.516	3.588	0.029
747	85.115	7.496	22.117	3.341	0.028
748	87.212	7.746	22.567	3.436	0.03
749	86.204	7.732	22.071	3.462	0.03
750	83.248	7.308	21.477	3.2	0.03
751	85.671	7.511	22.406	3.318	0.028
752	88.165	7.895	23.14	3.623	0.03
753	86.317	7.672	22.94	3.47	0.029
754	85.807	7.722	22.912	3.656	0.028
755	86.221	7.69	22.785	3.486	0.029
756	84.306	7.527	21.141	3.25	0.03
757	82.864	7.485	20.928	3.261	0.03
758	87.007	7.726	22.851	3.489	0.03
759	81.334	7.221	19.901	3.033	0.029
760	86.43	7.692	22.166	3.379	0.03
761	84.964	7.514	22.151	3.383	0.03
762	84.985	7.439	22.415	3.306	0.029
763	90.959	8.03	24.803	3.714	0.03
764	84.345	7.511	22.651	3.476	0.027
765	89.479	7.995	24.173	3.763	0.03
766	89.947	8.019	24.277	3.743	0.03
767	90.73	8.15	26.128	4.022	0.029
768	86.59	7.743	23.225	3.597	0.029
769	85.683	7.504	22.896	3.385	0.028
770	89.52	8.057	23.436	3.69	0.031
771	86.581	7.74	23.03	3.558	0.029
772	82.59	7.234	20.659	3.151	0.028
773	88.691	7.727	23.938	3.506	0.029
774	91.192	8.12	25.644	3.896	0.029
775	88.227	7.814	24.052	3.644	0.029
776	89.424	7.974	24.699	3.783	0.028
777	86.728	7.785	23.812	3.716	0.028
778	83.251	7.435	21.846	3.411	0.029
779	86.412	7.877	23.451	3.751	0.029
780	87.847	7.735	23.457	3.596	0.029
781	80.874	7.237	20.091	3.092	0.029
782	85.833	7.521	22.725	3.359	0.029
783	89.839	7.871	24.572	3.618	0.029
784	92.381	8.326	25.334	3.986	0.031
785	83.626	7.406	21.433	3.231	0.029
786	90.156	8.008	24.63	3.691	0.031
787	87.17	7.725	23.132	3.482	0.03
788	84.027	7.421	22.004	3.38	0.029
789	88.896	7.949	24.815	3.821	0.029
790	84.335	7.497	22.485	3.415	0.029
791	87.163	7.676	23.079	3.518	0.028
792	87.185	7.661	22.998	3.484	0.029
793	81.392	7.218	19.512	3.013	0.028
794	91.632	7.993	26.015	3.799	0.029
795	85.38	7.636	22.737	3.531	0.028
796	85.03	7.695	22.15	3.479	0.029
797	91.254	8.138	24.754	3.818	0.03
798	87.798	7.825	23.566	3.597	0.03
799	88.095	7.879	22.78	3.5	0.031
800	88.653	7.78	24.136	3.629	0.029
801	84.051	7.482	20.729	3.19	0.03
802	80.177	7.046	19.706	2.963	0.028
803	87.993	7.893	23.46	3.62	0.029
804	85.515	7.428	22.322	3.242	0.029
805	88.361	7.915	23.584	3.704	0.03
806	90.139	7.976	24.301	3.705	0.029
807	92.285	8.222	25.846	3.945	0.03
808	82.942	7.343	20.246	3.101	0.029
809	88.594	7.962	24.199	3.735	0.029
810	90.383	8.029	25.05	3.89	0.03
811	87.352	7.824	23.318	3.584	0.03
812	82.284	7.286	20.096	3.052	0.03
813	81.442	7.381	20.881	3.315	0.029
814	88.177	7.907	23.353	3.636	0.03
815	86.461	7.659	22.682	3.487	0.029
816	85.31	7.466	23.022	3.399	0.028
817	90.174	8.047	24.811	3.78	0.029
818	89.493	8.004	23.449	3.619	0.03
819	84.37	7.593	21.997	3.381	0.029
820	89.275	7.944	24.261	3.673	0.03
821	90.458	8.014	24.587	3.759	0.029
822	88.711	7.947	23.638	3.763	0.03
823	90.318	7.984	24.744	3.758	0.029
824	89.748	7.953	23.565	3.541	0.03
825	89.377	7.932	24.072	3.652	0.029
826	87.953	7.917	24.427	3.85	0.029
827	82.899	7.363	20.885	3.208	0.028
828	82.91	7.429	21.994	3.436	0.028
829	89.33	8.003	24.604	3.806	0.03
830	84.49	7.445	22.139	3.347	0.028
831	89.659	8.058	23.939	3.737	0.031
832	84.62	7.565	20.959	3.255	0.03
833	89.873	7.904	24.61	3.688	0.029
834	88.452	7.853	23.345	3.572	0.03
835	89.687	7.869	24.729	3.636	0.029
836	91.851	8.007	24.866	3.675	0.029
837	90.366	8.017	24.824	3.787	0.029
838	85.938	7.643	22.055	3.36	0.03
839	83.707	7.497	21.401	3.356	0.028
840	87.374	7.808	23.06	3.592	0.03
841	92.01	8.11	24.957	3.769	0.03
842	90.959	8.156	25.105	3.83	0.03
843	86.893	7.75	22.332	3.452	0.03
844	88.109	7.743	23.324	3.481	0.029
845	85.892	7.798	22.928	3.605	0.029
846	88.562	7.847	23.566	3.594	0.029
847	90.747	8.184	25.0	3.919	0.031
848	89.065	7.874	24.679	3.666	0.028
849	90.914	8.194	24.78	3.913	0.03
850	88.898	7.946	23.964	3.756	0.03
851	84.227	7.462	21.6	3.308	0.029
852	81.557	7.226	20.328	3.086	0.028
853	80.055	7.071	18.612	2.885	0.029
854	91.211	8.097	24.366	3.717	0.03
855	85.988	7.842	22.53	3.665	0.03
856	87.848	7.794	22.172	3.378	0.031
857	88.672	7.845	23.934	3.633	0.03
858	97.683	8.903	28.261	4.546	0.03
859	91.461	8.143	25.511	3.871	0.03
860	81.15	7.095	20.663	3.063	0.028
861	85.857	7.672	22.507	3.477	0.029
862	84.399	7.494	21.733	3.357	0.029
863	84.765	7.677	21.816	3.407	0.03
864	83.062	7.26	22.179	3.269	0.027
865	88.356	7.83	23.866	3.614	0.028
866	96.765	8.671	27.297	4.225	0.032
867	92.459	8.385	25.349	3.993	0.031
868	92.548	8.265	24.361	3.793	0.031
869	91.165	8.024	25.406	3.759	0.031
870	89.594	8.063	23.236	3.622	0.031
871	88.508	7.937	23.294	3.598	0.03
872	87.569	7.841	23.143	3.565	0.03
873	87.664	7.755	24.588	3.658	0.028
874	86.942	7.849	24.018	3.723	0.028
875	88.932	7.873	24.627	3.756	0.029
876	88.128	7.856	23.198	3.524	0.03
877	87.494	7.773	22.17	3.389	0.03
878	88.736	7.936	23.883	3.646	0.03
879	87.08	7.854	22.029	3.451	0.031
880	93.472	8.432	25.983	4.024	0.03
881	84.607	7.462	20.741	3.199	0.03
882	85.96	7.576	23.006	3.45	0.029
883	87.225	7.815	23.442	3.734	0.03
884	86.461	7.575	21.74	3.263	0.029
885	87.388	7.719	23.732	3.588	0.029
886	84.498	7.5	21.904	3.374	0.028
887	82.774	7.446	21.478	3.336	0.029
888	86.241	7.512	23.034	3.409	0.029
889	90.159	8.123	23.724	3.731	0.031
890	87.423	7.822	22.454	3.498	0.031
891	89.479	7.97	24.068	3.732	0.029
892	88.027	7.741	22.286	3.359	0.03
893	83.025	7.47	20.874	3.291	0.03
894	90.43	8.03	24.817	3.762	0.029
895	90.529	7.986	24.865	3.73	0.029
896	79.993	7.044	19.176	2.907	0.029
897	81.96	7.255	21.133	3.227	0.029
898	86.742	7.564	21.944	3.293	0.028
899	83.794	7.536	21.605	3.348	0.029
900	88.103	7.911	24.05	3.737	0.03
901	90.377	8.045	24.598	3.758	0.03
902	86.997	7.765	23.521	3.607	0.03
903	85.884	7.766	22.719	3.577	0.03
904	85.517	7.616	22.628	3.491	0.028
905	90.063	8.022	23.98	3.731	0.03
906	89.26	8.012	23.635	3.64	0.029
907	87.888	7.808	24.849	3.743	0.029
908	88.515	8.016	23.772	3.844	0.03
909	91.565	8.335	25.139	3.998	0.031
910	85.163	7.569	22.904	3.508	0.028
911	81.965	7.229	20.709	3.138	0.029
912	85.346	7.56	22.372	3.389	0.03
913	82.729	7.164	20.419	2.981	0.029
914	92.162	8.248	25.449	3.951	0.03
915	91.085	7.952	26.011	3.845	0.027
916	86.105	7.813	23.682	3.773	0.028
917	85.067	7.604	22.931	3.483	0.028
918	82.222	7.442	20.694	3.271	0.029
919	83.93	7.487	22.26	3.419	0.028
920	85.106	7.568	21.356	3.263	0.03
921	85.976	7.632	22.062	3.418	0.029
922	88.577	7.889	24.336	3.71	0.029
923	85.834	7.68	20.962	3.297	0.031
924	85.554	7.685	22.472	3.563	0.029
925	87.276	7.772	23.797	3.679	0.029
926	82.324	7.416	20.135	3.216	0.029
927	83.615	7.51	20.97	3.286	0.03
928	90.505	8.095	23.761	3.696	0.03
929	89.172	7.933	24.123	3.689	0.029
930	93.67	8.369	25.816	3.957	0.031
931	85.109	7.479	22.875	3.371	0.029
932	83.851	7.356	21.123	3.194	0.027
933	89.473	8.084	23.781	3.743	0.031
934	90.017	7.976	24.552	3.729	0.029
935	86.837	7.75	24.158	3.675	0.028
936	92.657	8.172	23.912	3.636	0.031
937	90.02	8.085	24.516	3.793	0.03
938	86.073	7.793	22.168	3.483	0.031
939	88.203	7.826	23.088	3.477	0.03
940	88.305	7.814	23.38	3.531	0.03
941	86.084	7.591	22.876	3.443	0.028
942	90.652	8.003	23.92	3.611	0.031
943	86.533	7.785	22.605	3.559	0.029
944	89.32	7.862	24.782	3.672	0.028
945	87.485	7.849	23.045	3.609	0.03
946	85.779	7.629	21.686	3.31	0.03
947	89.868	8.141	24.803	3.842	0.03
948	90.435	8.045	24.647	3.716	0.031
949	90.787	8.115	24.02	3.75	0.03
950	87.421	7.8	22.73	3.47	0.03
951	86.892	7.758	22.606	3.484	0.03
952	86.811	7.571	22.793	3.351	0.029
953	93.187	8.183	26.067	3.864	0.029
954	82.979	7.336	21.274	3.229	0.028
955	86.733	7.698	23.141	3.485	0.029
956	92.735	8.324	24.579	3.873	0.031
957	87.487	7.682	23.151	3.462	0.029
958	86.415	7.751	22.973	3.642	0.029
959	80.982	7.152	20.495	3.069	0.028
960	89.917	7.925	23.957	3.655	0.029
961	86.113	7.616	22.037	3.41	0.029
962	90.354	8.041	24.717	3.747	0.03
963	90.083	8.071	24.829	3.836	0.029
964	89.733	7.99	24.317	3.705	0.03
965	83.986	7.52	22.122	3.444	0.028
966	86.503	7.706	22.955	3.538	0.03
967	83.562	7.467	21.583	3.367	0.029
968	81.211	7.219	20.631	3.175	0.028
969	86.083	7.659	22.522	3.546	0.028
970	89.621	7.986	24.026	3.622	0.03
971	86.896	7.591	22.705	3.394	0.029
972	87.945	7.766	22.81	3.414	0.03
973	95.443	8.553	27.248	4.237	0.029
974	84.47	7.498	21.999	3.419	0.028
975	85.697	7.605	22.326	3.42	0.029
976	95.15	8.349	27.244	4.062	0.029
977	88.347	7.91	23.153	3.62	0.03
978	83.754	7.292	21.435	3.169	0.028
979	89.95	7.991	25.156	3.795	0.028
980	93.252	8.151	26.722	3.965	0.028
981	87.399	7.669	23.564	3.584	0.028
982	89.326	7.959	23.453	3.582	0.031
983	87.193	7.726	22.489	3.433	0.03
984	85.801	7.471	22.675	3.336	0.029
985	86.474	7.687	23.301	3.507	0.03
986	86.903	7.775	22.92	3.555	0.029
987	88.893	7.85	23.893	3.565	0.03
988	87.595	7.722	23.86	3.572	0.029
989	86.978	7.755	21.928	3.414	0.03
990	81.746	7.312	20.808	3.187	0.028
991	83.364	7.631	21.212	3.458	0.029
992	91.21	8.007	25.921	3.868	0.029
993	87.788	7.803	24.007	3.663	0.029
994	84.274	7.457	21.679	3.246	0.029
995	90.205	7.896	24.404	3.606	0.029
996	91.867	8.146	25.197	3.905	0.029
997	85.678	7.548	22.827	3.423	0.029
998	90.353	7.996	23.915	3.623	0.03
999	79.371	6.96	18.744	2.833	0.03
1000	86.542	7.777	22.696	3.507	0.03
