MutationType	DBS78A	DBS78B	DBS78C	DBS78D	DBS78E	DBS78F	DBS78G	DBS78H	DBS78I	DBS78J	DBS78K	DBS78L	DBS78M	DBS78N
AC>CA	3.54E-04	2.85E-05	1.09E-03	5.37E-09	6.43E-04	9.72E-04	1.37E-03	1.03E-08	5.78E-04	1.97E-03	6.68E-04	5.84E-04	6.28E-04	6.42E-04
AC>CG	5.10E-04	8.11E-05	4.39E-04	3.44E-09	2.83E-04	2.97E-04	1.33E-04	3.46E-05	1.05E-04	1.90E-04	1.31E-04	2.30E-04	1.88E-04	1.84E-04
AC>CT	5.41E-04	7.76E-05	8.17E-04	5.42E-09	1.05E-03	9.19E-04	6.54E-04	5.54E-05	5.03E-04	8.60E-04	1.30E-03	8.17E-04	1.21E-03	4.54E-04
AC>GA	1.13E-03	8.56E-05	1.51E-03	5.68E-09	1.17E-03	1.30E-03	6.20E-04	7.40E-09	1.35E-03	1.37E-03	1.20E-03	1.41E-03	1.12E-03	9.94E-04
AC>GG	5.17E-04	7.66E-05	4.47E-04	3.52E-09	2.19E-04	3.05E-04	1.05E-04	5.18E-05	7.89E-05	2.29E-04	1.39E-04	3.09E-04	1.84E-04	1.79E-04
AC>GT	2.54E-04	7.87E-05	3.00E-04	1.38E-04	7.06E-04	4.54E-04	5.37E-04	1.40E-04	2.61E-04	5.45E-04	2.90E-04	3.98E-04	6.00E-04	7.73E-04
AC>TA	4.58E-04	9.47E-05	5.01E-04	1.37E-04	1.10E-03	4.14E-04	3.26E-04	1.42E-04	4.71E-04	7.99E-04	4.76E-04	2.82E-04	7.01E-04	6.06E-04
AC>TG	1.05E-07	2.63E-08	1.65E-07	1.94E-09	1.61E-07	1.46E-07	1.09E-07	9.00E-09	1.50E-07	1.58E-07	1.30E-07	1.09E-07	1.23E-07	1.34E-07
AC>TT	9.27E-04	1.31E-04	1.56E-03	5.37E-09	1.49E-03	1.66E-03	6.16E-04	7.53E-09	6.47E-04	2.42E-03	6.99E-04	9.20E-04	1.51E-03	2.04E-03
AT>CA	1.80E-04	2.19E-05	7.19E-04	3.46E-09	5.62E-04	4.88E-04	3.06E-04	8.44E-09	5.74E-04	5.84E-04	5.36E-04	5.14E-04	4.46E-04	2.10E-04
AT>CC	2.46E-05	2.81E-05	7.00E-05	2.08E-09	3.99E-05	5.70E-05	2.16E-05	8.06E-09	3.65E-05	7.58E-05	8.85E-05	8.25E-06	2.42E-04	3.90E-05
AT>CG	1.05E-07	2.63E-08	1.65E-07	1.94E-09	1.61E-07	1.46E-07	1.09E-07	9.00E-09	1.50E-07	1.58E-07	1.30E-07	1.09E-07	1.23E-07	1.34E-07
AT>GA	5.66E-04	1.56E-05	7.34E-04	4.93E-09	9.03E-04	1.15E-03	5.42E-04	6.98E-05	7.48E-04	8.83E-04	7.80E-04	4.95E-04	6.31E-04	8.19E-04
AT>GC	3.02E-04	3.56E-05	4.33E-04	1.43E-04	4.22E-04	4.63E-04	1.53E-04	6.95E-09	2.17E-04	5.54E-04	4.30E-04	2.89E-04	3.71E-04	2.70E-04
AT>TA	9.39E-04	1.06E-04	1.28E-03	5.48E-09	1.66E-03	1.48E-03	6.32E-04	1.74E-04	1.07E-03	8.13E-04	1.12E-03	9.53E-04	6.22E-04	3.71E-04
CC>AA	1.16E-03	1.86E-04	1.18E-03	6.12E-04	1.96E-03	1.90E-03	1.57E-03	8.51E-04	1.55E-03	9.35E-04	1.68E-03	5.41E-03	1.25E-03	1.94E-03
CC>AG	8.22E-04	1.24E-04	1.45E-03	2.62E-04	1.28E-03	1.09E-03	6.20E-04	3.25E-04	1.21E-03	1.10E-03	1.15E-03	9.72E-04	1.34E-03	5.40E-04
CC>AT	2.30E-03	8.32E-05	1.28E-03	2.05E-04	2.59E-03	1.40E-03	2.29E-03	5.25E-04	1.63E-03	1.28E-03	5.79E-03	1.85E-03	1.58E-03	6.54E-04
CC>GA	6.04E-04	1.78E-05	1.03E-03	5.22E-09	1.07E-03	1.38E-03	5.73E-04	1.60E-04	8.75E-04	7.57E-04	7.70E-04	1.36E-03	6.56E-04	7.46E-04
CC>GG	1.06E-03	1.46E-04	1.14E-03	5.36E-09	7.87E-04	8.19E-04	3.39E-04	1.49E-04	3.61E-04	6.33E-04	4.88E-04	6.51E-04	4.76E-04	5.01E-04
CC>GT	1.04E-03	1.83E-04	9.92E-04	5.27E-09	1.46E-03	2.87E-03	1.56E-03	4.62E-04	8.63E-04	1.63E-03	1.91E-03	1.22E-03	1.30E-03	9.70E-04
CC>TA	6.27E-03	3.15E-04	1.28E-03	1.50E-04	1.35E-03	1.97E-03	3.58E-04	4.64E-04	5.41E-04	7.75E-04	1.09E-03	9.69E-04	8.62E-04	8.37E-04
CC>TG	1.65E-03	4.63E-05	1.72E-03	1.41E-04	1.70E-03	2.88E-03	1.18E-03	6.11E-05	9.93E-04	3.46E-03	1.59E-03	8.30E-04	1.73E-03	1.62E-03
CC>TT	2.89E-03	1.45E-03	7.78E-03	1.47E-04	2.95E-03	3.39E-03	1.29E-03	1.61E-03	2.23E-03	1.94E-03	2.48E-03	2.14E-03	6.02E-03	1.73E-03
CG>AT	2.25E-04	1.90E-08	3.50E-04	1.39E-04	3.92E-04	4.17E-04	2.68E-04	8.65E-09	3.67E-04	2.94E-04	3.50E-04	2.69E-04	3.68E-04	6.49E-05
CG>GC	1.05E-07	2.63E-08	1.65E-07	1.94E-09	1.61E-07	1.46E-07	1.09E-07	9.00E-09	1.50E-07	1.58E-07	1.30E-07	1.09E-07	1.23E-07	1.34E-07
CG>GT	1.14E-07	3.05E-08	1.64E-07	1.35E-04	1.75E-07	1.51E-07	1.11E-07	8.96E-09	1.48E-07	1.62E-07	1.37E-07	1.16E-07	1.21E-07	1.41E-07
CG>TA	1.05E-07	2.63E-08	1.65E-07	1.94E-09	1.61E-07	1.46E-07	1.09E-07	9.00E-09	1.50E-07	1.58E-07	1.30E-07	1.09E-07	1.23E-07	1.34E-07
CG>TC	5.73E-04	7.26E-05	7.01E-04	1.42E-04	8.10E-04	4.56E-04	4.64E-04	5.99E-06	6.35E-04	5.44E-04	5.30E-04	3.95E-04	2.42E-04	2.04E-04
CG>TT	1.04E-07	2.61E-08	1.35E-04	2.01E-09	1.60E-07	2.30E-05	1.08E-07	8.38E-09	2.32E-04	2.11E-05	2.33E-05	1.95E-05	3.22E-05	1.36E-07
CT>AA	2.20E-04	1.22E-05	5.31E-04	2.96E-04	9.48E-04	6.81E-04	3.45E-04	8.45E-04	3.88E-04	5.05E-04	6.92E-04	7.73E-04	8.79E-04	6.31E-04
CT>AC	3.33E-04	4.22E-05	5.32E-04	1.10E-03	4.75E-04	2.97E-04	1.31E-04	9.81E-04	1.79E-04	2.80E-04	3.95E-04	4.36E-04	8.33E-04	1.53E-04
CT>AG	3.30E-04	1.83E-05	5.23E-04	5.37E-09	7.17E-04	3.13E-04	3.24E-04	4.02E-04	4.43E-04	5.76E-04	4.23E-04	3.45E-04	4.32E-04	1.81E-04
CT>GA	4.88E-05	1.57E-08	1.88E-04	3.60E-09	2.30E-04	6.48E-04	3.95E-04	2.89E-04	2.10E-04	3.59E-04	2.79E-04	2.71E-04	2.52E-04	1.31E-04
CT>GC	1.86E-05	2.86E-05	5.58E-05	2.25E-09	3.29E-05	5.28E-05	1.48E-05	1.45E-04	1.42E-05	7.16E-05	9.60E-05	3.03E-05	2.34E-04	6.13E-05
CT>GG	8.27E-04	1.86E-05	1.55E-03	5.32E-09	1.47E-03	8.66E-04	9.33E-04	7.16E-09	1.40E-03	1.14E-03	1.03E-03	8.45E-04	8.90E-04	3.74E-04
CT>TA	8.55E-04	9.17E-09	8.36E-04	5.04E-09	8.01E-04	1.03E-03	1.11E-03	2.64E-04	1.43E-03	1.27E-03	8.61E-04	1.24E-03	5.10E-04	5.78E-04
CT>TC	1.12E-03	2.76E-05	1.56E-03	5.55E-09	1.69E-03	1.91E-03	1.20E-03	2.24E-04	1.72E-03	2.84E-03	1.92E-03	1.16E-03	1.49E-03	1.24E-03
CT>TG	1.59E-04	4.86E-05	3.38E-04	3.85E-09	2.22E-04	4.42E-04	6.64E-05	2.26E-04	5.28E-04	4.33E-04	2.57E-04	5.39E-04	4.03E-04	4.66E-04
GC>AA	1.12E-03	2.12E-04	7.88E-04	1.45E-04	1.83E-03	1.19E-03	1.17E-03	3.41E-04	8.70E-04	1.03E-03	7.09E-04	1.68E-03	9.86E-04	6.05E-03
GC>AG	1.38E-03	2.69E-05	1.82E-03	2.58E-04	2.39E-03	2.01E-03	1.47E-03	2.09E-04	1.31E-03	3.06E-03	1.69E-03	1.06E-03	1.17E-03	2.11E-03
GC>AT	5.14E-04	8.52E-06	1.17E-03	5.29E-09	1.04E-03	1.59E-03	1.64E-03	2.10E-04	7.79E-04	1.27E-03	1.05E-03	1.20E-03	7.77E-04	1.75E-03
GC>CA	5.78E-04	1.46E-05	1.04E-03	2.00E-04	8.65E-04	1.21E-03	1.09E-03	2.46E-04	9.86E-04	1.36E-03	6.33E-04	1.14E-03	6.31E-04	6.78E-04
GC>CG	1.05E-07	2.63E-08	1.65E-07	1.94E-09	1.61E-07	1.46E-07	1.09E-07	9.00E-09	1.50E-07	1.58E-07	1.30E-07	1.09E-07	1.23E-07	1.34E-07
GC>TA	4.26E-04	8.71E-09	7.48E-04	1.38E-04	7.32E-04	7.15E-04	2.99E-04	1.48E-04	4.98E-04	1.24E-03	8.10E-04	7.61E-04	4.81E-04	1.16E-03
TA>AT	8.81E-04	2.73E-05	1.01E-03	1.41E-04	1.19E-03	1.14E-03	1.24E-03	9.76E-09	6.26E-04	1.29E-03	9.57E-04	7.90E-04	9.29E-04	8.82E-04
TA>CG	1.02E-07	2.78E-08	1.17E-04	2.09E-09	1.94E-07	1.95E-05	1.08E-07	8.53E-09	2.32E-04	9.13E-06	1.82E-05	2.28E-05	2.51E-05	1.34E-07
TA>CT	7.26E-04	6.32E-05	7.14E-04	1.41E-04	6.69E-04	1.25E-03	8.46E-04	8.75E-09	7.82E-04	8.10E-04	6.73E-04	1.16E-03	7.07E-04	1.24E-03
TA>GC	1.05E-07	2.63E-08	1.65E-07	1.94E-09	1.61E-07	1.46E-07	1.09E-07	9.00E-09	1.50E-07	1.58E-07	1.30E-07	1.09E-07	1.23E-07	1.34E-07
TA>GG	1.05E-07	2.63E-08	1.65E-07	1.94E-09	1.61E-07	1.46E-07	1.09E-07	9.00E-09	1.50E-07	1.58E-07	1.30E-07	1.09E-07	1.23E-07	1.34E-07
TA>GT	3.65E-05	5.88E-05	1.47E-04	2.48E-09	5.75E-05	9.20E-05	1.98E-05	7.71E-09	2.46E-04	1.38E-04	1.45E-04	2.50E-05	3.53E-04	1.12E-04
TC>AA	7.31E-04	1.24E-05	8.51E-04	2.86E-04	1.32E-03	1.37E-03	4.75E-03	7.43E-04	1.27E-03	1.43E-03	1.88E-03	1.15E-03	9.53E-04	8.31E-04
TC>AG	1.08E-03	2.14E-05	7.32E-04	4.87E-09	8.50E-04	1.75E-03	1.69E-03	3.46E-04	9.43E-04	4.49E-03	9.77E-04	9.15E-04	7.96E-04	1.05E-03
TC>AT	3.00E-03	6.16E-05	9.35E-04	3.64E-09	9.62E-04	6.28E-03	1.40E-03	4.89E-04	1.18E-03	1.04E-03	1.04E-03	2.06E-03	8.26E-04	1.43E-03
TC>CA	9.07E-04	2.75E-05	1.19E-03	5.19E-09	1.29E-03	1.51E-03	7.67E-04	1.50E-04	1.48E-03	1.15E-03	1.49E-03	1.59E-03	1.03E-03	9.27E-04
TC>CG	3.25E-04	2.44E-08	3.30E-04	1.34E-04	5.66E-04	2.09E-04	2.54E-04	9.12E-09	2.23E-04	6.63E-04	4.13E-04	1.31E-04	2.78E-04	1.99E-04
TC>CT	6.66E-04	6.91E-05	1.43E-03	1.46E-04	1.33E-03	9.93E-04	1.76E-03	2.15E-04	1.58E-03	3.86E-03	1.03E-03	1.06E-03	9.87E-04	1.28E-03
TC>GA	4.64E-04	1.69E-05	9.23E-04	1.46E-04	7.68E-04	8.36E-04	4.24E-04	1.99E-04	8.13E-04	7.40E-04	7.60E-04	8.93E-04	6.22E-04	4.21E-04
TC>GG	5.81E-04	2.11E-05	2.62E-04	4.65E-09	4.94E-04	2.64E-04	6.28E-05	8.61E-09	1.48E-04	1.85E-04	2.84E-04	2.60E-04	3.78E-04	6.71E-04
TC>GT	8.84E-04	1.49E-04	1.10E-03	1.45E-04	8.75E-04	1.57E-03	1.09E-03	2.29E-04	1.06E-03	1.19E-03	1.07E-03	1.50E-03	7.75E-04	6.37E-04
TG>AA	7.88E-05	6.43E-05	3.17E-04	1.39E-04	2.30E-04	5.32E-04	4.03E-04	3.37E-04	4.31E-04	4.21E-04	3.84E-04	3.62E-04	5.45E-04	2.11E-04
TG>AC	4.50E-04	1.08E-04	4.91E-04	4.50E-09	3.21E-04	3.95E-04	1.16E-04	8.10E-09	4.21E-04	2.68E-04	2.56E-04	6.09E-04	2.49E-04	2.17E-04
TG>AT	1.08E-03	1.92E-04	1.47E-03	3.94E-04	1.26E-03	1.08E-03	1.12E-03	2.21E-04	2.29E-03	1.09E-03	1.26E-03	1.62E-03	1.46E-03	7.67E-04
TG>CA	6.04E-04	9.51E-05	5.77E-04	4.35E-09	5.20E-04	3.79E-04	1.69E-04	8.69E-09	5.12E-04	3.30E-04	3.50E-04	2.36E-04	7.56E-04	2.82E-04
TG>CC	1.93E-04	2.36E-05	5.40E-04	1.93E-04	4.11E-04	4.70E-04	2.80E-04	7.41E-09	4.00E-04	1.00E-03	2.76E-04	2.88E-04	3.97E-04	3.08E-04
TG>CT	9.27E-04	5.68E-05	2.36E-03	2.09E-04	3.25E-03	1.62E-03	2.80E-03	5.23E-04	4.06E-03	1.74E-03	3.27E-03	2.73E-03	1.34E-03	1.44E-03
TG>GA	2.01E-04	2.18E-05	3.82E-04	3.32E-09	3.38E-04	3.81E-04	2.25E-04	7.81E-09	4.61E-04	3.15E-04	4.26E-04	2.62E-04	4.41E-04	1.62E-04
TG>GC	1.02E-07	2.79E-08	1.15E-04	2.03E-09	1.93E-07	2.41E-05	1.07E-07	8.44E-09	2.15E-04	2.30E-05	1.24E-07	1.66E-05	4.20E-05	1.36E-07
TG>GT	1.12E-03	2.17E-05	6.25E-04	6.85E-04	5.80E-03	7.94E-04	8.46E-04	6.76E-04	8.48E-04	7.56E-04	2.09E-03	1.24E-03	9.36E-04	1.98E-03
TT>AA	1.92E-03	1.79E-04	1.55E-03	1.45E-04	1.87E-03	1.77E-03	3.92E-04	2.10E-04	1.03E-03	1.47E-03	9.15E-04	8.58E-04	6.80E-04	1.21E-03
TT>AC	4.10E-04	2.88E-05	7.03E-04	4.75E-09	5.52E-04	1.21E-03	3.06E-04	1.90E-05	4.62E-04	8.42E-04	5.53E-04	8.44E-04	7.45E-04	8.17E-04
TT>AG	2.08E-04	1.46E-08	5.99E-04	3.47E-09	4.18E-04	4.38E-04	2.41E-04	1.78E-04	3.89E-04	1.00E-03	3.46E-04	3.53E-04	4.53E-04	2.93E-04
TT>CA	2.39E-04	7.11E-05	8.46E-04	5.34E-09	9.94E-04	8.63E-04	9.67E-04	1.00E-04	6.06E-04	1.39E-03	1.09E-03	7.24E-04	9.78E-04	7.48E-04
TT>CC	3.16E-04	6.83E-05	5.91E-04	5.43E-09	7.15E-04	6.89E-04	4.89E-04	7.57E-05	6.69E-04	9.00E-04	8.91E-04	5.14E-04	9.43E-04	7.72E-04
TT>CG	6.10E-06	3.94E-05	1.97E-04	2.51E-09	7.21E-05	6.74E-05	1.14E-05	7.71E-09	3.88E-04	9.52E-05	9.94E-05	5.40E-05	2.51E-04	5.36E-05
TT>GA	3.47E-04	2.50E-05	5.01E-04	1.40E-04	5.29E-04	4.41E-04	4.58E-04	6.84E-09	5.71E-04	1.14E-03	4.41E-04	2.75E-04	4.85E-04	1.05E-03
TT>GC	1.03E-07	2.68E-08	1.21E-04	2.03E-09	1.92E-07	4.46E-05	1.08E-07	8.37E-09	2.32E-04	9.13E-06	8.08E-06	1.84E-05	3.22E-05	1.36E-07
TT>GG	4.41E-04	2.14E-08	4.66E-04	2.95E-09	3.90E-04	7.83E-04	1.60E-04	2.10E-04	3.00E-04	3.65E-04	3.62E-04	2.67E-04	1.10E-04	2.67E-04
