Samples	DBS78A	DBS78B	DBS78C	DBS78D	DBS78E	DBS78F	DBS78G	DBS78H	DBS78I	DBS78J	DBS78K	DBS78L	DBS78M	DBS78N
PGENE_1T	2.92E-02	4.23E-02	6.83E-02	0.00E+00	5.17E-02	6.47E-02	5.41E-02	0.00E+00	4.81E-02	1.28E-01	4.37E-02	3.68E-02	7.50E-02	5.46E-02
PGENE_2T	1.41E-03	2.00E-03	0.00E+00	0.00E+00	0.00E+00	1.00E-03	0.00E+00	0.00E+00	0.00E+00	0.00E+00	0.00E+00	0.00E+00	1.00E-03	0.00E+00
PGENE_4T	3.31E-01	5.77E-01	4.81E-01	5.64E-02	1.08E-01	1.60E-01	2.67E-02	1.32E-02	4.06E-02	7.22E-02	1.32E-01	1.61E-01	2.09E-01	8.09E-02
PGENE_5T	1.87E-02	0.00E+00	1.14E-02	7.18E-03	4.19E-02	1.50E-02	3.25E-02	4.55E-02	1.43E-02	1.59E-02	1.55E-02	9.35E-03	1.01E-02	1.84E-02
PGENE_8T	1.89E-01	9.50E-02	7.18E-02	3.17E-02	4.10E-02	1.65E-01	4.34E-02	2.00E-03	3.49E-02	1.27E-01	7.42E-02	3.55E-02	6.49E-02	2.34E-02
PGENE_9T	1.22E-02	2.86E-02	2.19E-02	2.99E-03	6.03E-02	9.85E-03	3.78E-02	5.47E-03	4.68E-02	1.29E-02	6.89E-02	3.36E-02	2.04E-02	1.71E-02
PGENE_10T	8.85E-03	0.00E+00	1.22E-02	0.00E+00	1.51E-02	2.43E-02	6.04E-02	5.91E-03	1.97E-02	5.05E-02	1.76E-02	1.65E-02	1.58E-02	2.55E-02
AC_WGS_1T	1.41E-02	0.00E+00	1.77E-02	0.00E+00	2.66E-02	2.71E-02	2.01E-02	0.00E+00	2.47E-02	4.93E-02	1.63E-02	1.76E-02	1.64E-02	6.10E-02
AC_WGS_2T	1.27E-01	3.82E-01	1.59E-02	2.64E-01	7.69E-02	7.91E-02	2.40E-01	7.47E-01	6.99E-02	3.57E-02	7.08E-02	2.90E-01	1.96E-02	5.92E-02
AC_WGS_4	6.21E-02	8.49E-02	5.16E-02	0.00E+00	2.87E-02	5.85E-02	5.64E-02	1.63E-02	2.18E-02	3.44E-02	1.53E-02	5.20E-02	3.48E-02	2.15E-02
AC_WGS_5	1.30E-02	1.44E-02	7.87E-03	5.22E-02	3.71E-02	5.00E-03	1.61E-02	0.00E+00	1.00E-03	5.00E-03	4.12E-03	2.11E-02	3.00E-03	1.32E-02
AC_WGS_6	1.23E-01	9.41E-02	1.79E-01	4.45E-02	1.74E-01	1.70E-01	1.42E-01	9.84E-03	1.36E-01	9.60E-02	2.42E-01	1.52E-01	2.18E-01	4.39E-02
AC_WGS_9T	2.30E-02	0.00E+00	3.51E-02	0.00E+00	9.10E-02	9.37E-02	1.27E-01	2.10E-02	4.91E-02	4.03E-02	1.39E-01	1.05E-01	7.35E-02	2.00E-02
AC_WGS_10	1.02E-01	7.47E-02	8.06E-02	0.00E+00	1.44E-01	5.75E-02	1.11E-01	3.00E-03	7.75E-02	1.43E-01	1.57E-01	4.02E-02	9.66E-02	4.36E-02
AC_WGS_44	7.27E-03	0.00E+00	7.02E-03	0.00E+00	6.83E-03	9.05E-03	6.49E-03	1.73E-03	1.14E-02	1.28E-02	1.17E-02	5.81E-03	9.70E-03	6.49E-03
AC_WGS_12	1.52E-02	4.69E-02	1.58E-02	4.11E-03	3.94E-02	1.73E-02	3.73E-03	2.82E-03	8.60E-03	1.79E-02	9.93E-03	1.30E-02	1.81E-02	5.80E-02
AC_WGS_13T	3.81E-02	0.00E+00	6.86E-02	0.00E+00	1.20E-01	5.14E-02	9.13E-02	2.89E-02	1.03E-01	9.26E-02	1.04E-01	5.70E-02	4.32E-02	2.83E-02
AC_WGS_15	1.30E-02	2.73E-02	1.28E-02	0.00E+00	1.05E-02	1.77E-02	7.61E-03	0.00E+00	7.22E-03	2.04E-02	9.51E-03	4.77E-03	1.16E-02	1.01E-02
AC_WGS_17	3.70E-02	6.50E-02	6.56E-02	0.00E+00	1.10E-01	5.47E-02	1.09E-01	2.00E-03	5.25E-02	6.68E-02	1.38E-01	3.82E-02	8.11E-02	1.01E-01
AC_WGS_22	1.67E-02	2.75E-02	1.09E-02	0.00E+00	1.43E-02	3.49E-02	2.02E-02	2.00E-03	8.76E-03	1.32E-02	9.23E-03	1.84E-02	1.03E-02	4.00E-02
AC_WGS_23	5.17E-02	2.21E-01	1.56E-01	0.00E+00	1.06E-01	1.58E-01	2.91E-01	7.00E-03	1.01E-01	1.48E-01	1.07E-01	1.40E-01	1.91E-01	1.34E-01
AC_WGS_25	2.38E-02	4.36E-02	5.59E-02	0.00E+00	2.77E-02	5.64E-02	1.73E-02	1.94E-02	5.35E-02	2.54E-02	2.32E-02	8.93E-02	3.36E-02	6.32E-02
AC_WGS_26	2.82E-03	2.30E-02	7.89E-03	0.00E+00	1.35E-02	5.53E-03	1.56E-02	0.00E+00	1.93E-02	6.57E-03	1.50E-02	1.27E-02	6.12E-03	6.41E-03
AC_WGS_27	7.66E-02	4.29E-02	2.10E-02	0.00E+00	1.17E-02	4.82E-02	3.67E-02	6.78E-03	4.79E-03	9.53E-03	3.67E-02	1.22E-02	1.80E-02	6.40E-03
AC_WGS_30	4.85E-02	0.00E+00	8.11E-02	0.00E+00	9.06E-02	7.96E-02	5.17E-02	0.00E+00	1.02E-01	8.53E-02	7.83E-02	8.22E-02	8.17E-02	3.94E-02
AC_WGS_32	1.17E-01	4.64E-02	1.07E-01	0.00E+00	8.03E-02	1.83E-01	6.83E-02	2.32E-02	1.86E-01	8.82E-02	1.70E-01	3.20E-01	8.08E-02	1.12E-01
AC_WGS_33	3.58E-02	2.07E+00	3.66E+00	0.00E+00	6.37E-02	2.25E-01	1.25E-02	0.00E+00	1.68E+00	1.31E-01	1.37E-01	2.12E-01	4.06E-01	5.01E-02
AC_WGS_34	3.53E-02	4.44E-02	9.07E-02	0.00E+00	8.56E-02	2.22E-01	2.45E-01	5.28E-02	1.18E-01	1.30E-01	1.73E-01	1.44E-01	1.04E-01	5.05E-02
AC_WGS_35	1.41E-03	2.00E-03	0.00E+00	0.00E+00	0.00E+00	1.00E-03	0.00E+00	0.00E+00	0.00E+00	0.00E+00	0.00E+00	0.00E+00	1.00E-03	0.00E+00
AC_WGS_36	1.21E-01	4.56E-02	6.23E-02	6.32E-03	7.72E-02	6.50E-02	2.91E-02	8.65E-03	4.87E-02	3.78E-02	5.25E-02	5.65E-02	6.32E-02	3.97E-02
AC_WGS_39	8.41E-02	0.00E+00	2.45E-02	4.24E-03	7.22E-02	3.51E-02	1.25E-02	4.35E-03	2.30E-02	2.57E-02	1.92E-02	5.82E-02	2.67E-02	9.01E-02
AC_WGS_41	8.74E-02	1.27E-01	2.18E-01	0.00E+00	1.03E-01	8.48E-02	2.84E-01	4.31E-02	3.05E-01	1.77E-01	1.79E-01	2.99E-01	1.62E-01	1.40E-01
AC_WGS_49	1.82E-02	4.12E-02	2.71E-02	0.00E+00	3.33E-02	2.86E-02	7.61E-02	5.74E-03	3.79E-02	6.14E-02	2.85E-02	2.05E-02	2.51E-02	6.07E-02
AC_WGS_50	3.87E-02	7.60E-02	2.57E-01	1.62E-01	5.45E-01	1.90E-01	1.43E-01	3.41E-01	2.31E-01	2.27E-01	4.64E-01	4.24E-01	5.75E-01	7.46E-02
AC_WGS_51	1.73E-02	6.63E-02	5.08E-02	6.97E-03	9.54E-02	2.50E-02	1.97E-02	3.33E-02	4.46E-02	1.83E-02	7.29E-02	8.58E-02	3.04E-02	2.14E-02
AC_WGS_52	9.89E-02	9.72E-02	9.73E-02	0.00E+00	4.38E-02	4.41E-02	3.33E-02	0.00E+00	6.22E-02	5.04E-02	1.01E-01	4.07E-02	8.96E-02	5.26E-02
AC_WGS_53	2.41E-02	4.44E-02	3.12E-02	3.60E-03	3.28E-02	2.76E-02	2.31E-02	2.00E-03	2.26E-02	3.95E-02	2.41E-02	2.37E-02	3.09E-02	2.49E-02
AC_WGS_11	3.19E-02	2.98E-02	5.84E-02	0.00E+00	5.09E-02	1.09E-01	4.04E-02	3.87E-02	4.97E-02	5.74E-02	3.51E-02	1.02E-01	6.00E-02	1.27E-01
AC_WGS_37	2.02E-02	3.77E-02	2.16E-02	0.00E+00	2.89E-02	3.18E-02	2.38E-02	9.18E-03	2.23E-02	2.57E-02	5.22E-02	4.06E-02	2.97E-02	1.31E-02
RC596TH1	3.48E-02	2.86E-02	5.28E-02	0.00E+00	5.35E-02	5.81E-02	3.34E-02	0.00E+00	4.07E-02	1.06E-01	3.92E-02	3.64E-02	6.03E-02	1.20E-01
RC597TH1	3.13E-02	2.93E-02	3.89E-02	0.00E+00	3.22E-02	6.52E-02	2.92E-02	1.00E-03	2.66E-02	6.12E-02	2.46E-02	3.34E-02	3.70E-02	3.12E-02
RC598TH1	3.30E-02	4.47E-02	4.41E-02	0.00E+00	3.69E-02	4.24E-02	1.89E-02	4.00E-03	2.02E-02	5.07E-02	3.86E-02	2.63E-02	5.00E-02	2.69E-02
RC599TH1	9.41E-02	2.84E-02	4.70E-02	0.00E+00	5.23E-02	1.11E-01	2.99E-02	1.00E-02	4.23E-02	4.23E-02	3.89E-02	2.96E-02	2.50E-02	4.09E-02
RC602TH1	7.31E-02	8.42E-02	4.45E-02	6.16E-03	1.13E-01	6.35E-02	2.63E-02	2.10E-02	4.33E-02	3.82E-02	3.60E-02	6.54E-02	4.90E-02	1.10E-01
RC603TH1	6.95E-01	2.96E+00	2.55E+00	8.92E-02	1.35E+00	1.43E+00	3.71E-01	6.92E-02	9.64E-01	7.11E-01	1.24E+00	6.31E-01	3.02E+00	8.49E-01
