Iteration	L1	L1 %	L2	L2 %	KL Divergence
1	8.245	70.265	2.785	46.351	0.594
2	8.766	66.577	2.738	45.18	0.576
3	8.264	63.314	2.535	42.335	0.561
4	7.314	60.104	2.577	43.623	0.494
5	8.583	69.092	2.636	45.106	0.587
6	9.117	67.953	2.941	48.833	0.558
7	8.684	70.303	2.806	48.236	0.575
8	9.052	70.858	2.889	47.767	0.565
9	8.242	71.197	2.779	49.774	0.598
10	9.419	65.999	2.892	43.154	0.53
11	9.444	63.207	2.785	44.317	0.537
12	8.975	66.728	2.94	47.188	0.548
13	8.051	64.81	2.558	43.677	0.545
14	8.511	65.735	2.664	46.568	0.563
15	9.188	68.252	2.875	47.706	0.602
16	7.676	65.448	2.506	43.837	0.58
17	10.308	70.811	3.233	49.766	0.597
18	8.081	68.547	2.753	46.207	0.587
19	9.283	63.975	2.947	43.372	0.535
20	10.005	70.866	3.005	48.474	0.583
21	9.206	68.615	2.982	47.639	0.555
22	9.046	65.018	2.859	44.643	0.522
23	7.973	66.039	2.588	44.804	0.545
24	8.726	64.94	2.77	44.702	0.524
25	7.17	60.075	2.359	41.207	0.54
26	7.654	60.386	2.492	41.941	0.486
27	9.029	70.811	2.865	47.37	0.607
28	9.452	66.064	2.921	45.152	0.525
29	8.674	67.617	2.8	44.951	0.585
30	10.703	70.029	3.428	45.38	0.539
31	8.995	63.636	2.895	45.635	0.565
32	9.817	67.413	3.218	45.383	0.537
33	9.135	66.221	2.867	43.974	0.537
34	9.152	63.378	2.893	44.995	0.542
35	7.588	64.614	2.509	44.738	0.559
36	8.493	65.07	2.727	45.9	0.554
37	8.826	68.484	2.792	45.623	0.568
38	9.275	72.647	3.044	49.428	0.622
39	8.866	73.544	2.82	49.714	0.636
40	7.664	64.711	2.543	42.927	0.552
41	7.996	60.253	2.601	42.378	0.525
42	9.003	69.578	2.818	45.9	0.599
43	7.537	65.461	2.522	44.136	0.57
44	9.398	74.793	2.955	49.44	0.668
45	8.677	63.98	2.69	43.47	0.542
46	10.212	66.607	3.253	46.506	0.523
47	9.666	65.604	2.928	46.363	0.566
48	8.091	65.75	2.627	45.3	0.575
49	10.184	72.048	3.203	48.775	0.613
50	7.758	59.06	2.539	40.743	0.519
51	8.407	63.737	2.633	42.784	0.532
52	8.995	68.515	2.85	46.092	0.561
53	7.304	61.584	2.494	42.999	0.518
54	7.718	68.187	2.547	46.015	0.56
55	8.342	65.706	2.747	43.624	0.567
56	9.299	68.96	2.994	47.744	0.591
57	8.282	68.5	2.778	45.373	0.541
58	9.489	71.067	2.922	46.606	0.604
59	8.183	70.383	2.668	47.135	0.612
60	8.378	65.145	2.703	44.155	0.54
61	7.708	67.751	2.582	46.862	0.588
62	8.077	67.28	2.676	47.413	0.575
63	7.87	71.314	2.591	47.707	0.622
64	8.193	66.866	2.731	47.126	0.572
65	8.632	65.062	2.736	44.57	0.557
66	7.86	60.058	2.605	42.744	0.496
67	8.618	68.446	2.71	45.698	0.561
68	8.56	67.95	2.75	46.991	0.564
69	9.3	66.317	2.99	45.202	0.554
70	8.076	68.065	2.726	46.235	0.536
71	8.207	65.992	2.753	45.902	0.563
72	8.271	69.459	2.772	47.798	0.548
73	7.744	64.741	2.607	44.322	0.552
74	9.8	67.44	3.039	46.106	0.533
75	8.831	66.224	2.704	44.744	0.563
76	8.502	63.39	2.746	43.919	0.564
77	8.07	64.49	2.59	43.778	0.512
78	9.615	68.481	3.088	47.425	0.576
79	9.534	69.006	2.95	47.348	0.586
80	8.669	64.862	2.658	44.261	0.535
81	9.015	71.778	2.97	48.422	0.615
82	9.302	70.321	2.992	47.901	0.573
83	9.161	76.362	2.993	51.008	0.645
84	7.634	61.24	2.456	41.831	0.549
85	8.591	68.935	2.809	46.316	0.601
86	8.617	65.835	2.72	44.947	0.534
87	7.629	63.997	2.581	44.451	0.533
88	7.699	61.451	2.608	42.28	0.526
89	9.886	68.136	3.007	44.931	0.573
90	9.319	65.752	2.882	44.509	0.538
91	9.173	70.549	2.895	48.892	0.603
92	7.348	60.35	2.426	40.949	0.513
93	9.325	67.299	2.89	44.845	0.579
94	10.152	69.996	3.266	47.354	0.556
95	8.766	64.432	2.643	43.598	0.53
96	8.916	65.313	2.897	45.473	0.52
97	7.931	64.967	2.683	45.175	0.54
98	8.609	67.645	2.813	46.343	0.585
99	7.227	62.788	2.496	45.135	0.512
100	8.457	69.013	2.732	45.72	0.611
101	9.763	71.292	2.975	49.32	0.614
102	7.914	70.773	2.605	48.287	0.603
103	9.121	75.697	3.115	52.878	0.656
104	7.651	56.538	2.527	39.737	0.476
105	10.082	70.182	3.071	47.7	0.593
106	8.332	66.838	2.718	44.704	0.553
107	9.778	66.935	2.943	45.125	0.554
108	9.196	65.924	2.95	46.35	0.541
109	8.795	68.237	2.767	46.83	0.576
110	8.894	65.854	2.803	44.403	0.551
111	8.161	64.626	2.639	43.683	0.552
112	8.958	68.446	2.897	46.245	0.562
113	8.344	62.263	2.683	42.615	0.523
114	7.682	63.639	2.572	43.264	0.529
115	8.27	66.029	2.621	44.226	0.573
116	8.762	68.409	2.788	46.464	0.573
117	9.247	68.643	3.002	48.673	0.563
118	9.039	66.777	2.909	46.829	0.554
119	9.623	68.71	2.834	46.036	0.57
120	8.766	67.118	2.865	47.872	0.546
121	7.345	65.924	2.388	43.871	0.543
122	8.038	64.911	2.56	44.669	0.544
123	9.977	70.111	3.151	44.57	0.593
124	9.511	74.811	3.039	50.196	0.628
125	7.986	65.066	2.679	44.99	0.541
126	8.71	74.048	2.964	50.14	0.616
127	7.909	65.009	2.584	44.904	0.567
128	9.491	67.485	2.92	46.065	0.57
129	8.609	59.502	2.909	41.869	0.48
130	8.976	64.186	2.94	43.754	0.536
131	7.847	62.913	2.494	43.426	0.549
132	8.556	70.457	2.907	48.656	0.612
133	8.806	67.396	2.703	45.808	0.578
134	8.942	71.186	2.827	47.189	0.618
135	10.099	71.864	3.162	49.615	0.595
136	8.547	66.802	2.67	45.29	0.553
137	8.057	63.371	2.577	41.939	0.545
138	8.138	68.837	2.67	47.347	0.602
139	9.662	65.84	2.969	44.102	0.552
140	8.571	66.76	2.739	45.029	0.553
141	7.613	63.883	2.566	44.157	0.591
142	8.759	70.788	2.847	47.816	0.61
143	8.821	66.31	2.827	45.703	0.561
144	8.3	63.331	2.623	43.884	0.554
145	8.616	67.75	2.831	46.52	0.584
146	8.526	66.435	2.852	45.762	0.551
147	9.208	67.999	2.904	46.652	0.589
148	7.99	63.114	2.633	44.17	0.539
149	9.192	69.068	2.988	46.3	0.545
150	7.933	64.385	2.55	43.912	0.519
151	7.645	63.928	2.497	43.968	0.584
152	7.852	67.548	2.666	44.428	0.532
153	9.002	66.633	2.921	46.173	0.581
154	8.461	68.397	2.711	46.343	0.617
155	8.766	72.57	2.9	49.283	0.601
156	8.297	64.431	2.737	43.848	0.541
157	9.671	71.373	2.94	48.796	0.602
158	8.826	69.094	2.847	45.831	0.579
159	8.352	65.906	2.639	45.797	0.55
160	9.15	64.813	2.745	44.099	0.535
161	8.286	63.463	2.597	42.666	0.569
162	7.997	73.762	2.633	49.591	0.634
163	9.251	68.302	2.892	46.447	0.592
164	8.615	69.223	2.703	47.527	0.602
165	8.4	70.516	2.71	46.431	0.595
166	8.172	68.111	2.663	44.883	0.606
167	8.758	66.008	2.766	44.424	0.568
168	8.632	71.932	2.877	50.493	0.57
169	10.022	66.795	3.029	45.329	0.544
170	10.211	64.0	3.127	42.415	0.5
171	8.37	67.797	2.62	46.96	0.578
172	9.064	68.921	2.984	45.731	0.553
173	8.451	66.08	2.732	44.461	0.529
174	8.804	64.499	2.764	45.051	0.542
175	8.395	66.476	2.604	44.481	0.586
176	8.419	70.255	2.749	48.582	0.615
177	7.55	61.443	2.468	40.848	0.518
178	8.754	69.48	2.85	46.612	0.601
179	9.099	69.147	2.912	47.598	0.612
180	9.905	72.256	3.241	47.568	0.617
181	8.69	66.797	2.718	44.293	0.595
182	9.103	64.833	2.668	42.691	0.58
183	8.921	64.73	2.924	45.204	0.55
184	7.769	65.556	2.48	43.601	0.547
185	8.935	66.335	2.809	45.644	0.512
186	8.489	67.666	2.776	47.833	0.59
187	10.87	76.735	3.637	51.592	0.604
188	8.692	70.855	2.885	47.543	0.639
189	8.33	59.455	2.747	42.11	0.513
190	8.066	75.108	2.658	49.873	0.679
191	8.799	67.892	2.811	45.493	0.565
192	9.456	70.5	2.97	48.416	0.595
193	8.41	62.007	2.707	43.775	0.516
194	8.537	67.368	2.717	45.813	0.577
195	8.346	65.342	2.623	44.783	0.585
196	8.579	68.679	2.735	45.857	0.596
197	8.713	67.816	2.86	47.436	0.581
198	8.606	64.345	2.684	43.651	0.537
199	7.947	67.789	2.671	45.751	0.564
200	8.985	67.003	2.794	45.429	0.575
201	9.201	64.886	2.9	44.237	0.529
202	8.248	62.897	2.682	44.048	0.532
203	8.869	69.756	2.773	47.086	0.602
204	8.51	65.268	2.756	44.921	0.558
205	8.573	67.559	2.615	45.868	0.574
206	9.782	66.724	3.003	46.326	0.55
207	8.951	67.36	2.969	46.17	0.588
208	10.166	73.708	3.29	47.62	0.598
209	9.024	63.874	2.763	44.295	0.518
210	8.862	70.147	2.881	46.925	0.593
211	7.503	61.068	2.396	41.697	0.508
212	8.159	65.364	2.682	45.349	0.573
213	9.201	69.297	3.042	48.152	0.571
214	10.696	71.306	3.567	48.471	0.563
215	8.731	64.932	2.732	43.9	0.538
216	9.345	67.046	2.847	45.634	0.544
217	9.48	64.598	2.941	44.756	0.551
218	9.462	65.824	2.877	45.322	0.567
219	8.217	67.926	2.696	46.623	0.565
220	8.391	62.288	2.685	44.289	0.489
221	7.823	63.735	2.588	42.911	0.533
222	9.908	68.891	3.06	45.221	0.552
223	7.874	68.216	2.62	44.694	0.569
224	9.667	72.677	3.223	49.681	0.604
225	8.38	65.969	2.701	44.89	0.585
226	8.134	69.195	2.609	46.746	0.634
227	8.273	67.048	2.75	45.777	0.587
228	8.696	71.289	2.753	48.33	0.592
229	10.638	72.241	3.388	47.525	0.587
230	8.413	69.15	2.702	47.126	0.589
231	7.773	61.803	2.549	42.757	0.527
232	8.029	66.519	2.685	46.778	0.557
233	9.397	70.989	2.927	46.381	0.599
234	8.426	65.068	2.633	43.598	0.539
235	9.601	72.135	3.008	48.681	0.613
236	8.385	67.414	2.672	45.454	0.58
237	9.761	66.621	2.958	44.397	0.554
238	8.075	67.752	2.683	46.963	0.598
239	8.909	69.459	2.9	45.691	0.589
240	7.875	64.909	2.655	44.778	0.53
241	7.969	58.412	2.595	41.247	0.455
242	8.763	65.257	2.851	46.481	0.536
243	8.307	63.029	2.655	44.15	0.523
244	9.155	68.048	2.845	46.722	0.572
245	10.313	72.045	3.133	47.165	0.576
246	8.872	66.346	2.672	45.355	0.552
247	9.957	66.846	3.016	44.741	0.593
248	8.541	65.656	2.675	45.038	0.587
249	9.527	70.176	3.086	46.94	0.576
250	8.531	68.603	2.681	46.983	0.591
251	7.987	63.452	2.571	42.78	0.534
252	9.453	72.075	2.937	48.4	0.623
253	9.826	68.227	3.009	46.32	0.545
254	8.799	70.185	2.86	49.097	0.575
255	8.554	63.812	2.779	45.117	0.531
256	8.877	69.636	2.934	47.913	0.598
257	10.251	71.461	3.121	48.617	0.609
258	8.625	63.587	2.881	44.57	0.489
259	9.068	67.505	2.877	45.948	0.563
260	8.418	68.123	2.807	46.05	0.592
261	8.083	66.468	2.577	45.291	0.548
262	9.599	69.001	3.202	46.374	0.551
263	8.469	59.232	2.562	39.954	0.526
264	8.842	66.68	2.909	45.506	0.566
265	7.851	63.897	2.654	45.284	0.535
266	8.415	70.05	2.796	49.153	0.566
267	9.143	65.633	2.895	45.287	0.521
268	8.232	63.777	2.556	43.122	0.552
269	8.753	67.35	2.729	46.664	0.535
270	8.758	63.994	2.802	43.327	0.528
271	8.723	71.5	2.924	48.875	0.641
272	8.337	65.11	2.694	44.243	0.561
273	8.345	63.275	2.627	43.474	0.524
274	9.024	67.224	2.949	47.302	0.569
275	9.594	69.606	2.967	47.683	0.633
276	8.805	68.471	2.854	45.524	0.612
277	9.006	65.663	2.811	43.1	0.563
278	9.73	66.86	3.143	45.577	0.563
279	8.85	68.455	2.912	46.791	0.579
280	8.08	66.3	2.73	45.208	0.561
281	9.166	69.368	2.881	45.685	0.604
282	8.079	64.019	2.557	42.922	0.532
283	9.17	61.862	2.89	43.884	0.502
284	8.428	63.389	2.743	42.463	0.548
285	9.096	69.613	2.907	47.284	0.611
286	8.875	71.515	2.945	48.197	0.603
287	9.13	65.939	2.879	45.697	0.553
288	9.747	72.862	3.038	48.774	0.629
289	8.554	63.6	2.754	43.341	0.524
290	7.972	64.911	2.568	42.948	0.56
291	8.881	69.6	2.932	47.61	0.608
292	9.118	68.393	2.911	47.962	0.602
293	8.766	63.747	2.724	44.508	0.505
294	9.419	71.761	2.903	48.733	0.612
295	8.282	65.747	2.677	45.412	0.537
296	8.58	74.245	2.89	49.7	0.638
297	8.165	64.694	2.73	43.048	0.502
298	8.698	65.855	2.809	44.381	0.546
299	8.476	70.997	2.661	47.319	0.605
300	8.421	68.785	2.657	46.486	0.585
301	8.124	69.54	2.714	47.389	0.584
302	8.699	65.261	2.716	44.687	0.543
303	7.861	62.468	2.577	44.684	0.525
304	8.214	66.079	2.698	44.694	0.561
305	8.841	72.767	2.842	48.99	0.65
306	9.45	64.502	2.969	44.861	0.525
307	8.596	69.315	2.797	48.274	0.587
308	9.022	70.268	3.017	48.353	0.584
309	8.898	71.937	2.903	50.138	0.623
310	8.516	69.041	2.628	46.652	0.613
311	8.821	66.787	2.753	45.562	0.609
312	8.556	65.419	2.812	46.172	0.554
313	8.305	71.22	2.736	47.882	0.589
314	8.167	65.059	2.761	44.943	0.562
315	8.968	61.96	2.818	42.68	0.47
316	9.49	63.209	2.789	44.239	0.509
317	8.588	72.178	2.744	47.939	0.62
318	8.117	67.65	2.684	47.727	0.579
319	8.304	64.772	2.657	43.479	0.571
320	8.61	65.971	2.759	42.737	0.578
321	9.201	65.09	2.87	46.386	0.539
322	8.35	70.766	2.829	47.047	0.622
323	8.385	70.232	2.759	47.818	0.596
324	8.394	66.402	2.739	45.21	0.587
325	10.772	71.606	3.576	48.463	0.589
326	8.668	69.28	2.949	46.04	0.623
327	9.52	67.139	2.943	46.079	0.545
328	8.085	60.807	2.762	42.796	0.498
329	8.041	71.06	2.659	47.341	0.587
330	8.386	70.795	2.797	49.732	0.572
331	8.733	67.882	2.762	46.539	0.583
332	8.766	68.987	2.786	45.989	0.584
333	8.357	62.608	2.588	42.396	0.536
334	9.631	67.189	3.114	44.702	0.543
335	7.878	64.461	2.595	44.453	0.562
336	8.321	68.111	2.66	45.921	0.578
337	8.769	66.457	2.725	43.397	0.587
338	8.577	68.544	2.84	47.159	0.573
339	8.296	66.8	2.653	44.228	0.567
340	7.811	62.767	2.461	43.112	0.537
341	8.366	66.04	2.701	44.852	0.536
342	9.501	68.179	3.011	47.638	0.569
343	8.633	65.462	2.762	45.958	0.557
344	9.531	64.318	2.861	43.92	0.528
345	9.256	67.102	3.026	46.5	0.572
346	7.807	62.659	2.606	43.598	0.532
347	9.881	72.129	3.058	49.466	0.576
348	8.011	62.064	2.592	42.824	0.516
349	8.238	64.31	2.69	43.711	0.584
350	8.785	64.979	2.811	46.084	0.524
351	8.438	67.019	2.701	46.141	0.57
352	8.798	68.997	2.815	46.694	0.573
353	8.169	63.218	2.67	43.547	0.546
354	8.7	59.783	2.684	41.209	0.479
355	7.835	62.491	2.568	44.127	0.515
356	9.263	75.654	2.96	49.995	0.619
357	8.751	69.97	2.801	48.875	0.623
358	9.439	59.946	3.055	41.304	0.501
359	8.609	61.839	2.813	43.195	0.481
360	7.892	63.644	2.43	41.764	0.557
361	10.443	71.048	3.17	47.032	0.585
362	8.389	69.32	2.704	47.262	0.592
363	10.744	71.152	3.344	47.364	0.569
364	7.893	65.192	2.578	43.952	0.522
365	9.209	70.529	2.924	47.28	0.628
366	7.629	64.936	2.538	45.077	0.558
367	8.774	66.876	2.817	43.961	0.57
368	8.297	64.878	2.657	43.374	0.529
369	8.038	68.855	2.586	45.275	0.593
370	8.155	64.1	2.823	44.342	0.536
371	8.366	67.903	2.668	45.844	0.64
372	8.331	61.787	2.589	42.921	0.528
373	8.774	70.502	2.913	46.954	0.581
374	8.508	64.187	2.82	44.442	0.521
375	8.417	65.198	2.695	45.352	0.526
376	9.114	70.222	2.869	47.175	0.582
377	8.79	66.569	2.763	43.796	0.565
378	8.172	68.564	2.791	47.246	0.594
379	8.237	63.839	2.525	43.436	0.552
380	7.941	67.628	2.585	45.593	0.579
381	8.984	67.947	2.917	47.85	0.56
382	7.25	66.311	2.409	44.662	0.586
383	8.569	64.851	2.772	43.904	0.517
384	9.44	63.489	2.977	42.851	0.495
385	7.858	68.776	2.567	45.402	0.578
386	9.345	61.033	2.816	41.864	0.482
387	9.197	68.973	2.937	47.919	0.574
388	8.832	70.768	2.883	48.261	0.633
389	9.34	66.46	3.048	47.21	0.559
390	8.459	65.886	2.727	44.939	0.546
391	9.302	70.836	3.004	45.625	0.57
392	8.309	64.923	2.706	45.728	0.541
393	8.658	66.7	2.787	45.725	0.59
394	8.618	66.482	2.742	45.435	0.559
395	7.797	65.457	2.613	45.138	0.582
396	10.248	68.175	3.199	46.734	0.545
397	10.024	67.386	3.244	47.609	0.525
398	10.032	66.914	3.011	45.235	0.555
399	7.982	63.887	2.593	43.628	0.561
400	8.788	63.045	2.785	43.932	0.536
401	8.808	67.164	2.822	45.737	0.599
402	8.744	69.362	2.857	46.987	0.604
403	9.114	68.457	2.867	44.654	0.57
404	8.926	67.282	2.84	46.039	0.55
405	9.522	67.706	3.166	45.975	0.519
406	8.834	71.584	2.827	48.228	0.607
407	8.448	68.481	2.738	46.539	0.564
408	8.675	69.69	2.767	46.764	0.612
409	10.615	69.836	3.513	47.453	0.548
410	9.814	70.265	2.954	46.038	0.567
411	7.85	66.526	2.694	46.149	0.57
412	7.961	64.349	2.594	45.925	0.519
413	8.106	61.129	2.513	41.711	0.52
414	8.889	63.047	2.808	43.302	0.526
415	9.134	66.471	2.857	45.03	0.543
416	9.453	70.194	2.958	48.829	0.58
417	8.725	64.731	2.769	43.343	0.543
418	8.771	66.022	2.799	45.797	0.539
419	7.776	61.676	2.55	42.715	0.517
420	9.172	64.683	2.835	44.09	0.538
421	8.644	67.636	2.724	45.079	0.577
422	9.627	72.417	2.911	47.879	0.626
423	9.297	71.388	3.077	47.474	0.598
424	10.24	72.226	3.303	49.165	0.582
425	10.06	69.987	3.173	47.472	0.579
426	8.928	64.657	2.904	44.532	0.542
427	7.973	69.109	2.706	45.966	0.614
428	8.887	64.363	2.84	45.814	0.526
429	9.102	67.46	2.785	45.433	0.561
430	8.989	71.278	2.871	49.173	0.574
431	8.257	65.852	2.603	44.681	0.556
432	9.653	68.295	2.915	46.895	0.534
433	9.013	71.625	2.906	47.4	0.575
434	9.381	67.424	3.063	48.236	0.549
435	9.56	73.535	3.106	50.557	0.616
436	8.619	73.276	2.852	48.361	0.611
437	9.204	69.579	2.87	48.177	0.594
438	8.919	67.451	2.972	46.14	0.577
439	8.072	65.801	2.598	45.104	0.555
440	9.192	70.353	2.961	47.219	0.604
441	9.661	72.314	3.054	46.562	0.588
442	8.797	66.953	2.717	45.253	0.563
443	8.761	68.932	2.894	46.748	0.563
444	8.446	69.271	2.733	46.84	0.56
445	9.564	65.821	2.978	46.878	0.513
446	8.083	61.924	2.8	44.066	0.524
447	9.174	66.659	2.935	47.517	0.571
448	7.855	64.961	2.589	44.428	0.549
449	8.518	65.608	2.742	45.185	0.581
450	9.004	72.377	2.908	49.858	0.641
451	9.363	73.914	2.965	50.249	0.647
452	8.059	65.906	2.528	43.622	0.59
453	9.852	75.737	3.037	51.007	0.643
454	10.368	70.663	3.363	47.73	0.564
455	8.467	71.142	2.715	49.604	0.632
456	8.523	70.551	2.742	46.631	0.609
457	8.624	63.941	2.807	43.401	0.559
458	8.356	70.397	2.75	47.451	0.591
459	8.392	69.079	2.648	46.125	0.619
460	9.206	71.117	3.025	47.85	0.599
461	8.189	67.0	2.683	45.471	0.566
462	8.17	72.093	2.72	48.523	0.623
463	10.071	70.525	3.017	47.647	0.608
464	11.133	73.975	3.537	48.32	0.595
465	9.19	68.169	2.908	45.299	0.546
466	8.71	64.64	2.706	44.146	0.547
467	8.796	64.85	2.821	45.483	0.573
468	8.525	65.044	2.727	44.024	0.552
469	7.525	68.123	2.537	45.54	0.609
470	8.82	67.748	2.883	47.633	0.553
471	8.814	67.421	2.794	46.556	0.573
472	8.879	70.937	2.922	46.843	0.62
473	8.851	62.151	2.719	43.161	0.514
474	8.575	71.857	2.806	47.682	0.59
475	8.391	69.876	2.745	47.573	0.597
476	8.886	71.083	2.954	48.874	0.594
477	8.875	70.171	2.9	46.551	0.584
478	8.423	62.019	2.723	43.418	0.509
479	9.174	70.274	2.976	47.489	0.588
480	8.89	68.427	2.875	48.018	0.582
481	9.726	73.351	2.996	48.001	0.644
482	8.453	70.038	2.752	46.976	0.578
483	7.687	66.909	2.61	46.877	0.555
484	8.268	69.601	2.642	46.921	0.593
485	8.866	61.625	2.726	41.63	0.507
486	9.77	68.016	3.287	45.968	0.544
487	8.772	62.655	2.757	42.638	0.515
488	8.832	60.891	2.694	42.16	0.491
489	8.026	61.106	2.566	42.756	0.532
490	9.002	65.395	2.879	45.42	0.564
491	8.939	60.57	2.854	43.963	0.515
492	8.926	69.417	2.849	47.534	0.633
493	8.712	70.196	2.884	48.699	0.607
494	8.556	69.148	2.835	47.486	0.605
495	9.107	69.016	3.045	48.102	0.539
496	8.033	66.306	2.531	44.546	0.557
497	8.783	65.951	2.798	46.025	0.554
498	8.765	70.146	2.906	47.552	0.593
499	7.789	62.791	2.482	43.53	0.534
500	8.72	60.672	2.672	41.853	0.529
501	9.328	63.237	2.986	43.474	0.503
502	8.587	65.757	2.786	46.369	0.543
503	8.523	66.962	2.865	45.443	0.564
504	9.361	67.307	2.941	45.541	0.585
505	8.166	65.854	2.766	46.42	0.589
506	7.992	61.211	2.617	42.127	0.52
507	8.711	63.043	2.8	44.239	0.496
508	8.428	65.639	2.691	44.199	0.596
509	8.282	71.618	2.719	48.419	0.609
510	9.379	68.92	2.865	46.377	0.546
511	8.063	66.023	2.617	46.763	0.546
512	8.282	67.888	2.637	45.979	0.56
513	9.228	69.1	2.86	48.486	0.573
514	9.393	72.18	2.914	48.798	0.641
515	7.744	66.602	2.594	45.45	0.599
516	8.336	66.77	2.795	45.614	0.564
517	9.23	64.912	2.934	45.215	0.52
518	8.256	63.546	2.629	43.116	0.542
519	10.126	71.309	2.994	48.76	0.574
520	9.142	61.441	2.74	42.235	0.528
521	9.262	62.501	2.722	42.085	0.516
522	8.567	65.976	2.741	44.49	0.57
523	8.892	65.11	2.903	47.122	0.545
524	9.473	68.025	2.993	46.181	0.548
525	9.017	63.464	2.879	44.638	0.535
526	9.754	70.586	3.051	48.777	0.609
527	8.255	63.327	2.633	43.419	0.531
528	8.389	68.621	2.781	48.154	0.608
529	10.275	71.528	3.355	48.773	0.564
530	8.613	69.683	2.774	47.153	0.58
531	7.52	65.071	2.501	45.139	0.546
532	8.754	66.767	2.745	46.005	0.547
533	9.031	76.642	2.977	51.661	0.629
534	10.06	71.228	3.039	47.464	0.565
535	9.033	65.398	2.87	45.551	0.549
536	10.154	70.521	3.077	48.14	0.558
537	9.712	64.419	3.149	42.401	0.515
538	9.55	73.534	3.126	48.969	0.577
539	8.098	70.345	2.661	48.054	0.628
540	9.353	66.758	3.043	44.988	0.572
541	8.276	66.287	2.808	45.201	0.537
542	8.945	68.131	2.85	45.955	0.585
543	8.637	65.936	2.848	46.275	0.554
544	8.902	73.897	2.898	50.74	0.629
545	10.059	71.077	3.222	47.178	0.585
546	8.483	64.545	2.663	44.89	0.547
547	9.296	70.713	2.976	47.555	0.614
548	8.559	66.994	2.833	46.928	0.575
549	8.29	63.195	2.67	44.508	0.503
550	8.637	65.33	2.804	45.142	0.537
551	9.454	63.588	2.824	45.002	0.53
552	7.999	59.159	2.55	40.488	0.513
553	9.212	70.684	3.007	49.124	0.563
554	8.979	68.476	2.914	45.941	0.541
555	9.863	70.988	3.257	48.695	0.562
556	7.429	59.911	2.504	41.611	0.468
557	8.008	64.366	2.653	44.301	0.537
558	8.978	63.11	2.993	42.903	0.5
559	9.185	66.67	2.895	45.463	0.538
560	8.466	64.842	2.734	43.806	0.554
561	9.05	71.097	2.831	48.027	0.611
562	7.925	67.402	2.527	44.756	0.578
563	8.366	67.088	2.762	46.238	0.587
564	7.607	64.025	2.482	43.452	0.554
565	8.669	63.739	2.831	41.466	0.526
566	8.22	69.253	2.769	47.776	0.587
567	9.476	68.049	2.917	46.721	0.58
568	7.758	65.492	2.594	44.181	0.568
569	9.173	66.873	2.84	44.5	0.567
570	8.973	67.257	2.86	46.621	0.603
571	9.023	68.064	2.905	45.861	0.573
572	8.166	67.067	2.681	45.048	0.554
573	9.097	70.489	3.056	47.214	0.58
574	9.399	72.278	3.05	48.812	0.655
575	9.701	66.771	2.957	44.699	0.593
576	8.835	68.906	2.895	46.559	0.558
577	8.378	71.009	2.809	48.39	0.619
578	7.966	64.372	2.57	43.583	0.534
579	8.972	67.143	2.872	45.201	0.558
580	9.273	64.021	2.946	44.661	0.524
581	8.028	60.729	2.625	42.515	0.504
582	8.515	67.424	2.688	45.897	0.593
583	8.352	67.889	2.794	48.478	0.563
584	8.194	59.902	2.637	40.955	0.496
585	8.994	71.082	2.851	48.704	0.626
586	8.282	66.64	2.655	45.87	0.561
587	8.976	67.619	2.935	46.644	0.577
588	7.657	69.487	2.5	46.912	0.597
589	9.463	69.851	2.968	47.59	0.56
590	7.447	61.2	2.369	41.53	0.543
591	8.654	70.229	2.941	48.809	0.591
592	7.886	62.397	2.533	41.98	0.502
593	9.256	65.141	2.962	44.79	0.539
594	8.672	67.321	2.796	46.312	0.579
595	10.577	71.012	3.327	47.607	0.563
596	7.599	63.883	2.419	43.605	0.558
597	9.709	65.008	3.017	43.487	0.5
598	7.998	68.559	2.588	45.721	0.599
599	8.544	70.959	2.816	47.331	0.596
600	7.742	62.337	2.624	43.599	0.522
601	8.964	71.048	2.818	49.245	0.614
602	8.504	67.381	2.831	45.97	0.604
603	8.647	67.064	2.692	46.958	0.553
604	8.417	69.437	2.918	48.27	0.582
605	8.775	67.904	2.768	46.907	0.574
606	8.873	64.648	2.87	43.686	0.515
607	8.886	71.135	2.722	48.739	0.612
608	8.904	64.914	2.822	44.096	0.546
609	8.745	71.602	2.86	48.263	0.616
610	7.944	60.222	2.456	40.877	0.485
611	7.841	64.094	2.569	42.898	0.559
612	8.519	66.677	2.851	45.629	0.556
613	11.256	69.434	3.433	47.835	0.598
614	8.285	66.682	2.704	44.547	0.587
615	9.066	67.464	2.861	46.409	0.56
616	8.359	70.838	2.825	48.135	0.624
617	9.059	67.516	2.881	47.052	0.563
618	8.125	68.76	2.721	47.28	0.584
619	8.853	73.507	2.921	50.66	0.623
620	8.242	59.225	2.626	42.045	0.489
621	8.533	70.714	2.784	47.666	0.581
622	7.42	64.087	2.405	43.752	0.527
623	10.063	62.443	3.056	42.356	0.507
624	9.037	67.284	2.935	46.409	0.545
625	8.13	64.873	2.699	44.468	0.559
626	8.31	69.28	2.711	47.682	0.642
627	9.535	66.399	3.03	44.835	0.547
628	8.632	64.537	2.782	43.579	0.551
629	9.366	67.755	2.85	46.996	0.544
630	10.117	70.799	3.371	49.427	0.581
631	9.229	70.767	2.928	47.948	0.589
632	8.811	72.054	2.955	50.136	0.632
633	8.54	65.318	2.606	43.635	0.583
634	8.927	66.021	2.795	44.043	0.544
635	7.818	66.235	2.606	47.516	0.57
636	8.31	71.116	2.791	47.251	0.637
637	9.116	62.21	2.948	42.055	0.506
638	8.643	71.152	2.825	46.774	0.629
639	8.299	67.266	2.721	45.551	0.562
640	10.264	76.023	3.131	50.396	0.643
641	9.996	64.2	3.184	42.791	0.528
642	8.394	71.035	2.781	47.676	0.59
643	9.24	70.688	2.868	48.868	0.592
644	9.435	68.898	2.921	46.244	0.611
645	8.535	67.05	2.721	46.08	0.568
646	7.946	63.001	2.565	43.654	0.535
647	9.277	59.118	2.927	39.933	0.457
648	8.71	58.903	2.775	41.224	0.459
649	10.532	67.384	3.321	46.427	0.537
650	8.183	66.551	2.696	45.365	0.583
651	8.034	65.159	2.692	45.302	0.525
652	8.866	72.174	2.872	48.743	0.638
653	9.455	61.029	2.957	42.974	0.485
654	8.338	69.876	2.688	47.482	0.6
655	8.523	65.69	2.701	45.781	0.558
656	9.628	73.127	2.93	50.201	0.623
657	10.454	68.816	3.101	45.651	0.548
658	9.631	71.86	2.934	48.467	0.622
659	8.807	69.153	2.892	47.925	0.608
660	8.925	71.88	2.706	49.075	0.622
661	9.534	62.794	2.961	42.49	0.5
662	9.262	64.615	2.999	45.089	0.49
663	7.661	64.112	2.495	43.733	0.536
664	8.405	61.94	2.707	42.36	0.517
665	8.275	69.553	2.668	47.484	0.595
666	8.453	64.646	2.711	43.125	0.549
667	8.757	65.966	2.843	44.883	0.539
668	8.891	66.765	2.914	46.016	0.554
669	9.307	68.785	2.923	48.516	0.585
670	8.954	68.949	2.825	46.744	0.586
671	8.891	66.944	2.786	45.731	0.573
672	9.375	70.524	3.077	48.562	0.594
673	9.434	67.175	2.94	46.607	0.557
674	7.856	65.007	2.522	44.56	0.559
675	9.323	66.725	2.967	46.491	0.58
676	9.071	73.374	2.965	49.361	0.643
677	8.014	62.566	2.585	43.558	0.518
678	8.441	67.928	2.831	46.765	0.556
679	8.464	70.313	2.712	46.513	0.623
680	8.005	60.797	2.466	40.674	0.55
681	9.462	67.392	3.0	47.42	0.541
682	9.146	67.803	2.846	45.919	0.574
683	9.41	67.824	2.992	45.762	0.581
684	8.826	66.054	2.844	46.929	0.522
685	8.551	67.879	2.893	46.693	0.554
686	9.064	65.099	2.861	43.45	0.554
687	8.544	68.657	2.741	46.23	0.576
688	8.033	68.102	2.586	46.172	0.581
689	8.096	59.575	2.483	41.772	0.493
690	8.759	68.737	2.785	46.329	0.612
691	8.653	68.047	2.83	46.991	0.563
692	9.609	71.283	2.918	48.459	0.622
693	10.89	72.766	3.469	48.122	0.605
694	8.228	62.719	2.723	44.216	0.514
695	8.34	64.133	2.694	44.036	0.551
696	8.911	66.697	2.827	45.785	0.565
697	8.139	65.065	2.595	44.714	0.557
698	7.895	59.31	2.535	41.284	0.511
699	9.283	70.773	2.85	48.597	0.599
700	8.236	67.12	2.746	46.613	0.541
701	8.796	65.186	2.714	44.985	0.549
702	8.153	68.622	2.756	46.246	0.599
703	7.696	65.262	2.584	44.974	0.559
704	8.971	62.324	2.792	42.538	0.501
705	10.504	70.854	3.338	47.815	0.551
706	8.513	67.324	2.756	46.308	0.57
707	7.908	69.439	2.679	48.036	0.61
708	8.617	62.82	2.707	43.027	0.497
709	7.982	62.565	2.564	42.768	0.538
710	8.151	63.477	2.683	43.384	0.524
711	8.243	62.049	2.654	43.04	0.511
712	8.657	73.487	2.879	50.542	0.63
713	9.12	65.334	2.79	44.762	0.535
714	9.175	70.116	2.927	48.689	0.601
715	8.634	68.435	2.789	47.053	0.592
716	8.245	66.69	2.659	45.723	0.566
717	8.949	60.068	2.679	38.34	0.49
718	7.685	62.075	2.461	42.377	0.524
719	8.527	70.396	2.831	48.276	0.605
720	9.508	74.762	2.946	51.124	0.651
721	8.479	63.43	2.588	44.265	0.568
722	8.662	66.747	2.797	45.708	0.556
723	9.179	64.827	2.779	43.501	0.58
724	8.625	71.607	2.785	46.642	0.636
725	10.439	67.77	3.321	46.723	0.519
726	8.335	71.47	2.697	48.829	0.608
727	9.472	72.311	2.975	47.934	0.625
728	9.534	73.526	2.935	48.139	0.667
729	8.958	68.581	2.818	45.537	0.56
730	9.01	70.337	2.963	48.283	0.595
731	8.402	66.412	2.803	45.657	0.539
732	9.449	64.231	2.98	44.282	0.526
733	10.195	64.083	2.985	42.705	0.54
734	9.002	66.636	2.872	47.198	0.549
735	10.025	66.858	3.208	45.967	0.543
736	9.386	68.307	2.791	45.082	0.536
737	8.888	65.984	2.93	47.64	0.563
738	9.662	65.853	2.911	45.306	0.534
739	8.245	64.194	2.836	45.062	0.551
740	8.298	70.763	2.788	47.309	0.614
741	10.704	70.239	3.284	45.472	0.556
742	8.571	71.311	2.75	46.605	0.624
743	8.259	71.771	2.74	50.296	0.63
744	9.044	72.829	2.895	47.76	0.601
745	7.872	62.404	2.576	42.175	0.52
746	7.82	65.782	2.613	44.324	0.559
747	8.182	67.928	2.667	47.769	0.554
748	9.522	69.787	2.968	48.024	0.6
749	9.634	69.668	3.026	47.072	0.567
750	8.259	66.996	2.751	45.36	0.576
751	8.807	67.273	2.732	45.273	0.59
752	8.485	67.6	2.727	45.413	0.595
753	8.683	71.767	2.817	47.262	0.637
754	8.91	69.051	2.974	46.217	0.581
755	7.75	65.109	2.583	43.72	0.538
756	8.642	60.827	2.737	41.755	0.532
757	8.777	67.626	2.704	46.23	0.557
758	9.325	68.41	2.962	46.573	0.552
759	9.271	68.909	2.902	46.084	0.566
760	9.294	66.088	2.988	44.451	0.513
761	8.269	67.953	2.901	47.347	0.553
762	7.964	68.488	2.521	46.191	0.574
763	8.916	65.561	2.758	45.358	0.574
764	8.784	69.67	2.752	45.855	0.571
765	8.271	69.118	2.684	48.033	0.564
766	8.679	63.894	2.71	44.583	0.517
767	7.917	67.823	2.623	46.337	0.588
768	8.347	63.192	2.63	42.861	0.558
769	8.465	70.312	2.722	47.584	0.621
770	9.182	74.236	3.023	49.585	0.673
771	8.668	66.421	2.749	45.346	0.598
772	9.838	73.973	3.105	50.009	0.61
773	9.858	65.955	3.077	43.98	0.524
774	9.192	71.888	3.094	49.074	0.591
775	8.711	71.195	2.815	49.487	0.591
776	8.225	67.235	2.644	46.246	0.609
777	8.439	69.636	2.693	47.034	0.559
778	8.137	65.319	2.776	44.741	0.552
779	8.796	73.535	2.825	50.153	0.682
780	8.408	68.879	2.835	48.2	0.564
781	8.724	67.921	2.828	46.947	0.59
782	8.722	68.309	2.876	46.669	0.593
783	8.064	66.785	2.765	45.924	0.591
784	6.963	61.854	2.349	42.719	0.533
785	8.273	64.225	2.658	43.456	0.522
786	8.921	64.114	2.853	45.361	0.546
787	8.528	68.633	2.841	48.047	0.609
788	7.253	65.254	2.425	44.091	0.589
789	9.201	68.676	3.012	48.516	0.612
790	8.979	75.148	2.963	51.408	0.664
791	8.479	69.376	2.798	47.716	0.594
792	10.107	67.667	3.191	45.77	0.543
793	8.882	68.545	2.779	46.898	0.596
794	9.512	71.982	3.072	47.828	0.617
795	9.265	66.695	3.002	44.541	0.555
796	8.498	65.044	2.69	44.705	0.51
797	8.384	62.409	2.739	43.193	0.526
798	8.477	68.928	2.697	46.7	0.611
799	8.728	64.78	2.817	44.76	0.546
800	8.799	68.624	2.696	45.28	0.586
801	9.674	71.095	2.928	46.892	0.593
802	8.749	69.899	2.778	47.599	0.61
803	8.05	61.049	2.511	41.855	0.531
804	9.073	66.913	2.883	44.929	0.584
805	8.275	64.934	2.563	43.985	0.549
806	9.067	67.654	2.877	46.458	0.565
807	9.369	67.651	2.949	45.268	0.559
808	8.461	61.848	2.646	42.94	0.529
809	9.528	65.072	2.935	43.678	0.497
810	8.501	70.716	2.732	47.471	0.608
811	8.498	68.708	2.859	46.691	0.584
812	7.974	60.372	2.631	41.704	0.525
813	7.991	68.626	2.634	45.101	0.63
814	7.975	66.775	2.673	45.71	0.565
815	7.93	67.469	2.669	45.95	0.558
816	9.678	74.477	3.131	52.227	0.628
817	9.806	76.076	3.064	51.351	0.681
818	9.09	74.719	2.941	48.647	0.631
819	8.429	69.667	2.7	46.567	0.617
820	8.236	68.604	2.751	46.419	0.61
821	8.81	65.423	2.749	45.197	0.547
822	8.526	71.111	2.845	47.167	0.649
823	9.658	74.206	3.147	51.149	0.616
824	8.011	68.367	2.656	46.752	0.622
825	8.898	67.854	2.918	49.37	0.543
826	8.361	65.565	2.718	44.996	0.57
827	8.956	64.006	2.825	45.161	0.55
828	8.967	69.477	2.795	47.934	0.59
829	8.303	68.53	2.699	47.812	0.6
830	8.329	70.784	2.725	47.217	0.583
831	7.333	62.155	2.365	42.576	0.518
832	7.879	59.361	2.593	40.311	0.484
833	7.843	67.621	2.596	46.587	0.55
834	8.522	69.598	2.69	46.265	0.618
835	8.297	63.323	2.764	43.99	0.522
836	8.033	64.094	2.581	43.418	0.544
837	8.575	66.109	2.708	44.495	0.574
838	9.559	66.452	2.95	45.766	0.546
839	9.904	70.065	3.173	46.862	0.599
840	9.025	68.306	2.891	46.938	0.579
841	8.632	67.672	2.727	47.133	0.578
842	8.884	67.244	2.698	44.862	0.58
843	10.341	69.564	3.268	45.999	0.572
844	11.02	75.235	3.315	50.043	0.583
845	9.123	69.8	3.046	47.089	0.622
846	8.192	65.829	2.785	45.223	0.538
847	9.903	67.659	3.16	44.833	0.536
848	8.497	69.23	2.797	46.037	0.585
849	7.353	63.677	2.516	44.815	0.539
850	8.945	65.417	2.85	46.877	0.557
851	8.132	67.627	2.683	46.649	0.58
852	9.17	70.026	2.968	45.594	0.574
853	8.032	68.663	2.723	46.785	0.598
854	8.173	59.104	2.59	42.2	0.486
855	7.702	57.717	2.47	40.931	0.462
856	8.213	68.441	2.562	45.961	0.61
857	9.275	68.086	2.957	46.617	0.568
858	9.026	66.886	2.832	46.32	0.58
859	9.012	66.705	2.954	46.329	0.562
860	7.795	66.726	2.606	45.656	0.571
861	9.084	67.818	2.825	46.305	0.587
862	8.279	66.022	2.663	45.287	0.551
863	9.112	69.087	2.881	46.321	0.612
864	8.966	70.029	2.833	47.544	0.598
865	8.321	70.501	2.691	48.247	0.576
866	9.627	68.145	3.081	46.081	0.557
867	8.935	62.221	2.764	44.2	0.499
868	9.265	66.623	2.908	45.571	0.545
869	8.294	68.345	2.603	48.051	0.546
870	10.193	73.42	3.146	50.543	0.63
871	8.677	69.363	2.775	46.628	0.554
872	8.565	68.436	2.684	46.223	0.575
873	8.409	69.92	2.676	46.405	0.592
874	7.9	67.917	2.561	44.526	0.599
875	8.407	69.251	2.715	47.14	0.596
876	8.377	64.453	2.676	44.844	0.562
877	8.794	66.498	2.833	45.132	0.582
878	9.446	69.422	2.899	45.927	0.606
879	8.75	74.768	2.881	48.348	0.608
880	8.057	66.41	2.692	46.244	0.579
881	9.008	71.713	2.95	48.805	0.63
882	9.901	80.016	3.249	53.559	0.704
883	8.953	63.526	2.747	44.229	0.517
884	9.666	67.115	3.104	46.216	0.551
885	8.079	67.534	2.502	44.801	0.573
886	8.67	73.462	2.841	49.0	0.636
887	8.108	62.0	2.612	42.434	0.562
888	9.756	66.363	3.066	46.453	0.538
889	10.256	73.801	3.351	50.033	0.578
890	8.992	64.37	2.791	43.595	0.523
891	8.517	65.345	2.755	44.973	0.555
892	8.777	70.435	2.842	46.977	0.594
893	8.811	70.266	2.777	45.996	0.623
894	8.273	65.046	2.78	46.562	0.532
895	9.577	68.095	2.988	46.981	0.536
896	9.219	69.876	2.955	47.766	0.57
897	9.981	65.47	3.02	44.053	0.525
898	7.82	65.002	2.536	44.185	0.544
899	8.795	67.615	2.752	46.408	0.608
900	7.855	62.791	2.666	42.824	0.529
901	8.42	72.211	2.712	47.461	0.641
902	8.742	68.085	2.74	45.019	0.613
903	10.185	68.937	3.011	44.809	0.566
904	9.127	63.228	2.917	44.813	0.526
905	8.875	70.263	2.999	48.09	0.56
906	9.138	65.179	2.965	46.322	0.524
907	8.183	63.48	2.767	42.999	0.485
908	8.574	69.994	2.7	48.592	0.601
909	9.17	74.613	2.919	50.004	0.645
910	9.733	68.407	3.153	45.62	0.549
911	8.696	70.39	2.736	45.659	0.625
912	7.752	63.227	2.58	44.606	0.571
913	7.896	66.113	2.635	45.776	0.544
914	9.521	71.926	3.107	49.739	0.612
915	7.968	71.861	2.578	47.648	0.636
916	10.042	76.317	3.161	50.037	0.671
917	10.777	71.121	3.528	49.539	0.577
918	8.221	68.221	2.7	45.675	0.581
919	8.539	69.659	2.864	48.529	0.592
920	8.276	62.609	2.671	43.515	0.528
921	8.784	67.903	2.807	45.634	0.572
922	8.591	69.327	2.694	47.093	0.599
923	9.661	65.512	3.0	44.244	0.519
924	9.434	69.101	2.868	46.732	0.582
925	9.374	71.51	3.028	49.945	0.628
926	7.847	64.266	2.576	44.734	0.545
927	8.625	66.054	2.912	45.642	0.545
928	7.896	64.564	2.603	43.088	0.565
929	9.686	67.3	2.971	44.476	0.587
930	8.453	69.838	2.747	46.183	0.581
931	8.812	65.53	2.82	43.942	0.558
932	8.236	67.079	2.663	44.099	0.59
933	8.314	67.174	2.816	45.841	0.522
934	7.901	66.611	2.588	46.256	0.603
935	8.053	66.183	2.677	45.145	0.565
936	8.711	72.433	2.844	49.931	0.609
937	7.9	64.098	2.628	45.335	0.535
938	8.109	63.491	2.557	44.069	0.526
939	9.08	65.359	2.831	44.073	0.562
940	8.48	68.477	2.802	47.332	0.559
941	8.021	67.926	2.648	46.457	0.579
942	8.665	69.047	2.894	47.603	0.574
943	9.012	66.945	2.698	44.128	0.563
944	8.605	60.206	2.626	42.565	0.527
945	9.465	68.457	2.889	46.816	0.576
946	8.776	60.001	2.706	39.714	0.504
947	8.479	66.042	2.714	46.138	0.559
948	8.646	63.062	2.696	42.948	0.522
949	8.455	67.802	2.785	46.155	0.601
950	8.989	65.457	2.865	46.211	0.547
951	8.28	66.977	2.714	47.194	0.575
952	9.315	67.801	2.976	45.958	0.569
953	7.904	64.63	2.582	43.904	0.574
954	7.831	64.552	2.546	43.039	0.566
955	8.59	66.842	2.764	45.018	0.572
956	9.253	68.754	2.958	46.479	0.589
957	7.93	66.385	2.69	44.491	0.521
958	9.81	68.684	3.167	45.632	0.582
959	7.898	69.011	2.66	45.425	0.586
960	8.343	64.653	2.64	43.242	0.544
961	8.063	70.057	2.614	46.471	0.621
962	8.847	68.48	2.874	46.38	0.582
963	8.701	69.875	2.793	47.153	0.579
964	8.186	68.41	2.746	46.57	0.593
965	10.155	73.506	3.187	48.73	0.622
966	8.179	67.033	2.584	44.685	0.584
967	8.121	66.096	2.711	43.88	0.553
968	8.907	70.334	2.818	47.025	0.58
969	8.454	75.535	2.797	50.238	0.665
970	8.081	62.564	2.548	41.28	0.535
971	9.774	74.857	3.227	50.747	0.62
972	8.689	72.673	2.798	49.835	0.612
973	10.261	72.293	3.157	50.774	0.592
974	8.276	67.95	2.768	46.343	0.574
975	8.2	70.133	2.602	46.693	0.61
976	9.019	69.944	2.872	46.581	0.583
977	8.742	67.668	2.845	46.751	0.557
978	8.11	66.19	2.763	46.598	0.54
979	9.737	69.141	3.198	46.008	0.576
980	8.698	63.355	2.612	43.188	0.546
981	8.707	63.11	2.772	44.243	0.518
982	9.396	75.127	3.047	48.882	0.662
983	9.787	68.73	2.95	47.238	0.58
984	9.467	67.254	2.99	45.308	0.549
985	8.891	63.608	2.853	43.801	0.518
986	8.567	61.994	2.743	42.535	0.501
987	8.662	71.915	2.783	48.215	0.609
988	9.432	66.564	2.904	47.76	0.553
989	7.999	67.337	2.621	44.927	0.592
990	9.667	69.087	2.896	45.151	0.567
991	8.152	69.136	2.69	44.772	0.609
992	8.012	70.684	2.614	47.413	0.595
993	7.767	60.891	2.443	41.374	0.5
994	8.676	61.272	2.695	42.186	0.525
995	9.019	63.392	2.764	43.671	0.537
996	10.087	70.72	3.196	48.753	0.586
997	8.249	67.51	2.721	46.169	0.592
998	8.141	63.255	2.594	43.655	0.506
999	8.98	68.964	2.831	47.827	0.572
1000	9.427	60.712	2.875	42.695	0.487
