MutationType	DBS78A	DBS78B	DBS78C	DBS78D	DBS78E	DBS78F	DBS78G	DBS78H	DBS78I	DBS78J	DBS78K	DBS78L	DBS78M	DBS78N
AC>CA	0.00015288790641327505	2.405140031605824e-07	2.5893383921614444e-07	0.007983151420143726	0.00799930861456907	0.007502602052844142	0.003549546965481252	0.03462309493641314	0.010011682079357794	0.0015245960131754991	0.00405507933115523	0.006205332926482408	0.03808278342014309	0.008785754067074044
AC>CG	0.0011764716833341687	3.9983678271572197e-07	3.485097637025208e-05	0.00043189816468303094	0.0001600616745374999	0.0003397174092942505	0.0010491538088364832	0.0001951903263740454	0.001176561680320885	0.0059184313354808255	0.0006488126411347626	0.0013005469114805886	0.0007200203438773226	0.0034732294510111273
AC>CT	0.0005503398412166126	2.8731411088254144e-07	9.160881479995955e-05	0.034363842448291326	0.0029612220610263276	0.02220045757673541	0.007060384752987179	0.004060443545347267	0.008482434339153869	0.005155768109772443	0.002984818603273851	0.0114958181516687	0.008719243012840983	0.006819973425568635
AC>GA	0.0009417787841373073	2.097187643680974e-07	2.1296837881075048e-07	0.008846245162520378	0.01260806777184064	0.014737734436246281	0.025397772978597282	0.003571535271972748	0.015481197227587506	0.01382125784563018	0.006199307092150087	0.014203016781376724	0.015388661428882606	0.01601137155900232
AC>GG	0.0009755187534884104	3.9810255860331384e-07	5.2139573587168366e-05	0.0005727855599273595	0.00017578408256527947	0.0005530100082878686	0.0016722171018220828	0.00019001829134984838	0.001365858780037554	0.006550092704476358	0.0006043640086491973	0.0010518808830826466	0.0008763013977383219	0.0035761012743982345
AC>GT	0.0006488338391474782	0.004278769009251045	0.004421747630649133	0.013650677063279422	0.001329606160288278	0.002385058361234912	0.002117585592917662	0.00906367495272668	0.003348360669258531	0.0015955831588321413	0.011897642393976187	0.008616317474307982	0.004188762181451746	0.0024717544495171085
AC>TA	0.0008952683968469863	0.0043488862591817565	0.004246515590053007	0.018272673262139393	0.0067321882742229335	0.006030892434995795	0.0013545478660296057	0.0018253025549478446	0.002655280423721268	0.0035897006548347423	0.00774972639816872	0.01677527442340562	0.008866243689249716	0.006131802778879834
AC>TG	1.5047143450668248e-06	4.4034247583891267e-07	4.003004095944457e-07	2.830327723902617e-06	4.084780254672512e-06	6.76153207954723e-06	6.216989645191686e-06	7.358599605212377e-06	9.791431736672571e-06	8.439180214282857e-06	1.2655863783057573e-05	1.0172472755027542e-05	1.181526559037334e-05	3.993600272228673e-06
AC>TT	0.0011165266162209784	1.5150299874763334e-07	2.0830481572061413e-07	0.033523887890402	0.010692907145913982	0.005208538937508234	0.006546797224021312	0.007415031875553287	0.01633289621702669	0.008805063670654067	0.04862880918226027	0.013231237067787142	0.03984766063962145	0.016809239758172063
AT>CA	0.00013952332195816744	3.7626052877948135e-07	3.497297665856156e-07	0.007265746279019608	0.005287763655172287	0.0035115532331466406	0.003351286228562713	0.0012341176392186444	0.0038040228639161467	0.0008052818440979816	0.0008894044286876004	0.004755756646388861	0.0043488664818121725	0.004448977961436269
AT>CC	0.0001982269952477364	4.313674289641853e-07	3.699731210113735e-07	0.004490714678127467	8.972835988345685e-05	0.0006087704952935861	1.3609809143226557e-05	3.811649885609913e-05	0.0002109001288669575	6.50551156651621e-05	0.0001665631177389803	0.00011911802602506533	0.0002873631747013728	0.0004344614417872058
AT>CG	1.5047143450668248e-06	4.4034247583891267e-07	4.003004095944457e-07	2.830327723902617e-06	4.084780254672512e-06	6.76153207954723e-06	6.216989645191686e-06	7.358599605212377e-06	9.791431736672571e-06	8.439180214282857e-06	1.2655863783057573e-05	1.0172472755027542e-05	1.181526559037334e-05	3.993600272228673e-06
AT>GA	6.634282862793177e-05	3.059728071352979e-07	0.00011880847994229547	0.011469740671976624	0.017573316089817295	0.009321057160591718	0.0038881750020876914	0.0030908403206474323	0.01824286942228576	0.005821649885176525	0.013167222519984065	0.010411449997153445	0.010619865519829194	0.011246166043402499
AT>GC	0.00025813385391451523	0.004627451507875479	2.636527870528557e-07	0.006653946890526035	0.0008922419022554072	0.003039731546660534	0.0013979350715987242	0.0006621694727163919	0.003912968880062426	0.0017726354990988723	0.0016243431458841818	0.0030655579732950496	0.0056908586820704245	0.00302151725333793
AT>TA	0.0013452450229919073	2.0718840333846065e-07	0.004986058193886615	0.007038616051036787	0.020985772805774475	0.012841928986447577	0.011327162078145474	0.003602831294746222	0.019484344362259442	0.011636307638307085	0.002162809644279492	0.03221620400231119	0.007602486213690272	0.01764290041900218
CC>AA	0.0037648340379963854	0.07898120782106978	0.11545251182985995	0.026862845036928214	0.049120413095895356	0.029269083616903658	0.3012218970610747	0.03155305533116241	0.028309522109196815	0.013652088879120715	0.02601869591585567	0.035397249081790406	0.00866351757814621	0.024895063399686685
CC>AG	0.002187330221229411	0.014203712329794936	0.01961618659494577	0.03392499725404656	0.011537985838266426	0.017644328559693237	0.011306802473208404	0.0032305396734587256	0.01190792791140314	0.0075187216587699	0.0026175344363418614	0.02052183266500676	0.012765521923921462	0.017066432219229467
CC>AT	0.00028276131386095873	0.009013867500079084	0.04507820359125995	0.06274454343026703	0.05417269555665767	0.28927135530717807	0.045041608381990055	0.05192932266768536	0.02193033790798657	0.04625332104275677	0.00416339250044096	0.061330101721787385	0.018769111225553272	0.02991539025688747
CC>GA	7.208081248642581e-05	2.6327343195996383e-07	0.005048788413008062	0.008801251845303988	0.007608306501842404	0.010470144709691482	0.027766997794213523	0.006918573418565007	0.021203353493605682	0.0025390099422314696	0.007922149755626795	0.012017572909567772	0.005881975900013972	0.008539765577176159
CC>GG	0.002276404803791366	2.9749912338614115e-07	0.004654211099474733	0.0028071062013727043	0.0013413732032277095	0.003189594019408099	0.0043414461314217985	0.001123314475930167	0.0059414974177533445	0.01484801810668818	0.0027302244951678523	0.005848382135851681	0.006271480546299524	0.01113140077023758
CC>GT	0.004197073626473311	1.3919622530006562e-07	0.004839857443943225	0.02966174208576653	0.01237235514592063	0.04065722052728158	0.012924145316373096	0.030834998310311095	0.05799256445766682	0.016031999044101065	0.004994019906352681	0.018580129755243854	0.018070602154050198	0.012921509807674092
CC>TA	0.0054426010500891915	0.004522541254783377	0.02628924034563644	0.013936729926871718	0.006510321697233927	0.008604836152605927	0.009477691964291069	0.0015717334824697953	0.02487381066737028	0.4731411055299002	0.006116027465650075	0.012080637980735201	0.006029829813337471	0.014310241462835091
CC>TG	0.00020070682757369974	0.0045150446764651575	8.4917802566978e-05	0.029601219601935076	0.01777019652801834	0.020338403561331812	0.005013853647120553	0.0066760750108551875	0.04415453794391778	0.021490131473709075	0.01796695858888381	0.017788492474650183	0.06326890934402886	0.020838210535142725
CC>TT	0.9460449546300084	0.004228817292553338	0.052282428789854264	0.10618280507451164	0.015929394331279476	0.021229873199342088	0.020766908297416706	0.005766557520021899	0.03409879805072803	0.02876643131274133	0.008883086422766404	0.020744328952312194	0.015427071153301941	0.3118858219961205
CG>AT	2.666823252306012e-07	0.0044235061137860585	2.8386774156422466e-07	0.0028330432115177694	0.006265711525548978	0.0038406560908812487	0.001688159560357351	0.0014789081232992269	0.003310981411078743	0.0012238270174584121	0.00013550768741227222	0.0030223568226266603	0.0012899483494688306	0.004273178612538139
CG>GC	1.5047143450668248e-06	4.4034247583891267e-07	4.003004095944457e-07	2.830327723902617e-06	4.084780254672512e-06	6.76153207954723e-06	6.216989645191686e-06	7.358599605212377e-06	9.791431736672571e-06	8.439180214282857e-06	1.2655863783057573e-05	1.0172472755027542e-05	1.181526559037334e-05	3.993600272228673e-06
CG>GT	9.710233362316765e-07	0.0041354681221108264	3.279666072995e-07	2.6146900651360873e-06	4.1446070468723995e-06	6.367109733358108e-06	6.1286560533475935e-06	7.530558285301789e-06	9.422356895455474e-06	7.836855309487929e-06	1.3013187365555463e-05	9.878862471003364e-06	1.1557387126077735e-05	3.873213622078668e-06
CG>TA	1.5047143450668248e-06	4.4034247583891267e-07	4.003004095944457e-07	2.830327723902617e-06	4.084780254672512e-06	6.76153207954723e-06	6.216989645191686e-06	7.358599605212377e-06	9.791431736672571e-06	8.439180214282857e-06	1.2655863783057573e-05	1.0172472755027542e-05	1.181526559037334e-05	3.993600272228673e-06
CG>TC	0.0009495740166377168	0.004568446214473131	6.187408937849928e-06	0.0009768109796986018	0.005053753722023024	0.004878206335160375	0.0025541681712973638	0.00289956165131634	0.0027375821322241736	0.006616788681019215	0.0008560929847535228	0.00941070168163865	0.0048062674011188555	0.006148117533957159
CG>TT	7.98151626347694e-07	4.333067144336673e-07	3.831370403402193e-07	6.562505940136562e-05	0.004165392415181606	3.905824877715071e-05	3.064619207122323e-05	6.983199921563947e-06	5.46625986535233e-05	8.313067909046308e-06	1.2251091314741488e-05	9.847524906036904e-06	3.2517960693070045e-05	0.002233800121846723
CT>AA	3.212441785462088e-05	0.018904347428571572	0.12764023059409976	0.014349013593180995	0.002060166784615237	0.0066759708356241695	0.00787792951218349	0.0012921668669099047	0.005603018642747674	0.0005327437767427264	0.005927366825477333	0.012145824672101839	0.0033486013414209133	0.003242433745250434
CT>AC	0.00018423066745378657	0.5922227868466686	0.10489848176044811	0.014714704664925853	0.00041971928670861305	0.0023777001396164755	0.0015673887153754259	0.00021050110251858757	0.0011336605497233789	0.0011389954438243953	0.0003397741760239777	0.0025719870493026847	0.0009106807700872107	0.004402337830210524
CT>AG	0.0001039789716042477	2.7778689332032224e-07	0.03272589841430018	0.007665274841518047	0.0036527694152918067	0.005389417550350453	0.0026673410218182826	0.0023067376810664416	0.0016308537240028137	0.0009641917998953444	0.0007144358198951086	0.010788481195087886	0.005586500204182786	0.0037585404118067427
CT>GA	3.2990874121079765e-07	3.576043166223364e-07	0.01773918958646668	0.0008646565604604435	0.0011792916857121774	0.0018922348504054793	0.001878480234721852	0.005458281560437406	0.007165023971777589	8.240919826115495e-05	0.00028713093191087174	0.0009480388937043305	0.002599912779103917	0.0006766627197807181
CT>GC	0.0001998634200453303	4.1618065604419004e-07	0.004703379388617185	0.00437596930052211	3.501391637496157e-05	0.0006183330536162135	6.141985644173206e-05	3.3406078725628926e-05	0.00015703950386396364	3.659749743755576e-05	0.00020050311790444748	0.00010294319374202376	0.00025570833664099714	0.0003901596607654895
CT>GG	0.00010289986342740641	2.74692410289839e-07	3.131122057849331e-07	0.009996891080849946	0.01627803263359876	0.009557067153749115	0.006713695942964212	0.004892776086288835	0.006866848471098691	0.003704813419734404	0.0017660104526926851	0.016625929076133434	0.0127251870371966	0.012950458602988999
CT>TA	1.4636899560036625e-07	1.3589584373535978e-07	0.012981372684001591	0.0033678181975723455	0.044772477239156803	0.009543183319349051	0.024570851028227047	0.018717973673224135	0.01579977217645128	0.011894294184674891	0.0035113973842933774	0.0076959692578327755	0.017286081833387836	0.015564045575059096
CT>TC	0.0001040706493703125	2.1306243298274542e-07	0.009455938003928247	0.022558881097052157	0.03128398101828365	0.027748210237913656	0.007812855015860888	0.009625076846862346	0.01972635772505236	0.009119910013230498	0.007888687313274138	0.012520539854337766	0.04608395208021342	0.01786474224564084
CT>TG	0.0004151918397663642	3.3824034572741127e-07	0.009062398572205371	0.008864974613476974	0.01078568991070717	0.0017164736745193005	0.006427279170079973	0.00012856922559297134	0.0035274066905242327	0.0004963246679383569	0.005000213620187194	0.0009773437569930304	0.0018600748058101402	0.0058957768440568116
GC>AA	0.004408358396808339	0.0044767037662001834	0.020640353776316928	0.018903666253722175	0.016735360539198565	0.005155414860567308	0.025512714388273253	0.012877351780782089	0.010971025144444565	0.008473400674569163	0.4599504672435727	0.019276887067201577	0.010608208434100359	0.013132806803280385
GC>AG	0.00013012017043347718	0.013630513365751952	0.00870818990576994	0.013936034006751225	0.014555288864059563	0.015557553130618726	0.009740092498036937	0.016391093715742485	0.018633168650127915	0.017198583120889524	0.03819047485828677	0.033667391422229825	0.06021024444366299	0.01529911386129705
GC>AT	2.6637665022980968e-05	1.575053981873363e-07	0.008854985461365603	0.00816240329909132	0.0061438303625952345	0.008911909962572984	0.010807468095416009	0.04256105721626892	0.02111796017040058	0.001625044710590357	0.03208916720981881	0.007369605257993152	0.014096092647709437	0.008353666337868769
GC>CA	2.8037487518950373e-05	0.009002910875737137	0.004795553111739788	0.006041240722275635	0.01452420627260895	0.005342569108675531	0.01599869944762905	0.014261094875455032	0.013757721145784411	0.0044238527565338024	0.0045868361378692026	0.007998261763498219	0.016961998245826237	0.009289116749982411
GC>CG	1.5047143450668248e-06	4.4034247583891267e-07	4.003004095944457e-07	2.830327723902617e-06	4.084780254672512e-06	6.76153207954723e-06	6.216989645191686e-06	7.358599605212377e-06	9.791431736672571e-06	8.439180214282857e-06	1.2655863783057573e-05	1.0172472755027542e-05	1.181526559037334e-05	3.993600272228673e-06
GC>TA	1.0311273921198234e-07	0.004310877665934108	0.0044927431931916185	0.0026838627626204693	0.007374104134441646	0.0034797128646256313	0.011422297677998463	0.001162089468597728	0.006360405983415806	0.0020119249732159935	0.02259880331230388	0.004944186746200976	0.016305580934857178	0.006512289771983894
TA>AT	0.00012612598371847087	0.004344366829584071	1.7758728621358168e-07	0.010326572993324677	0.008205019479409185	0.010409982113139328	0.005451388092940691	0.024647487338074668	0.013725608938502415	0.010341368106903328	0.009036736874223322	0.013343254067777515	0.01421822046981253	0.009446160024581433
TA>CG	8.213397378400436e-07	4.3172532523236607e-07	3.823903581442914e-07	6.61463009437108e-05	0.004290796907248338	3.067561659705346e-05	4.154531074658654e-05	6.9185180537020235e-06	2.909524040034655e-05	8.350766876101825e-06	1.2311913971368789e-05	9.933693371830429e-06	2.0487130162755823e-05	0.001991256704799142
TA>CT	0.00045855176268376724	0.004441938671188435	1.6727506479616527e-07	0.014765111403817848	0.009899627282882233	0.005964750317125958	0.02077391836660716	0.015120492494699288	0.01741036871089304	0.0062329766689839675	0.024237752412211648	0.0059712892278522825	0.007606607964504086	0.00728596024593963
TA>GC	1.5047143450668248e-06	4.4034247583891267e-07	4.003004095944457e-07	2.830327723902617e-06	4.084780254672512e-06	6.76153207954723e-06	6.216989645191686e-06	7.358599605212377e-06	9.791431736672571e-06	8.439180214282857e-06	1.2655863783057573e-05	1.0172472755027542e-05	1.181526559037334e-05	3.993600272228673e-06
TA>GG	1.5047143450668248e-06	4.4034247583891267e-07	4.003004095944457e-07	2.830327723902617e-06	4.084780254672512e-06	6.76153207954723e-06	6.216989645191686e-06	7.358599605212377e-06	9.791431736672571e-06	8.439180214282857e-06	1.2655863783057573e-05	1.0172472755027542e-05	1.181526559037334e-05	3.993600272228673e-06
TA>GT	0.0005485979302520313	4.126652680578733e-07	3.233422155402528e-07	0.008330348600247943	0.0046592926657455375	0.0010999064512906376	5.996672792666899e-05	2.4808501739479774e-05	0.0003685186599631209	7.183590112547566e-05	0.00041841784577059416	0.00020867739167086183	0.0005889195682585211	0.0028193904002218554
TC>AA	3.217844474972839e-05	0.018071691421179762	0.09158892417738514	0.01878456375543476	0.015144693870124062	0.03655788797404458	0.013376145506876505	0.34076032243565174	0.015221151799801857	0.0049804417608351305	0.005030562906402849	0.017865536931365243	0.01839274318648665	0.007609921234499483
TC>AG	5.513356239947637e-05	1.0917226022456901e-07	0.022960077172505124	0.016825908569404503	0.007473556262215268	0.014552502182775325	0.014708072758661159	0.03479716220807603	0.028688000993820715	0.01483548581057504	0.013244514584379537	0.01179296235876608	0.1257846687149301	0.0064735699071240445
TC>AT	0.0002649897543127475	4.6228663895279956e-08	0.04042577744880994	0.02154557586092799	0.037338079256249816	0.01402989713358946	0.044804751533058136	0.022246728221971723	0.2386532268899227	0.07145582866197678	0.018261664768101184	0.011782684621288893	0.013003147884948045	0.022286174055504773
TC>CA	0.00013217128914602442	1.4947289221089544e-07	0.004572944811027394	0.02168418928146278	0.03509273443776784	0.028537012556825427	0.039633784594054845	0.006883052830427762	0.020209810450920074	0.008156946099687548	0.011871829251978584	0.01828648060969857	0.013046828719707264	0.019328133194690754
TC>CG	4.411735246513262e-07	0.00447989050630609	2.7454766742574723e-07	0.001130029703412373	0.001177019549144629	0.00363938670822812	0.00035540217998220324	0.0015435681150648755	0.0007250518566941827	0.0020335981396793564	0.0006553530113267713	0.005872108066454155	0.0075351222541115565	0.001362356506265382
TC>CT	0.0004754439913380377	0.004618517873987623	0.00870935970028594	0.021954014530370228	0.027502961647773886	0.010986673853667034	0.01011541711134108	0.0365714580905251	0.009019005137339544	0.003574550377153335	0.01732237827812105	0.014661450723434569	0.09783753706340385	0.01718915902558128
TC>GA	7.681442936021263e-05	0.004423498470183839	0.008687039212847856	0.009065490140931614	0.009146606149915866	0.009474674044662823	0.01513235187070032	0.0028102493274949646	0.009123065363426372	0.0029866128822264447	0.0019272008540961853	0.007534819787653878	0.006656333906169232	0.007955447359241181
TC>GG	0.00012545358229489539	3.4850898768914084e-07	3.0985531219963697e-07	0.0048452104169219214	0.0003306425332542737	0.001123720718823614	0.0016272586598380866	0.00011261330480767674	0.0012264247629332945	0.007222240564319002	0.010063308307681243	0.004989094493128782	0.000816364515389194	0.0011849109494705102
TC>GT	0.0028743628889886874	0.004467609202702954	0.004632433177146765	0.014179946634062654	0.01797065832108827	0.016702089642024555	0.031100345323545386	0.02605922602547765	0.024799078853502566	0.014938744216206508	0.0040744049394072675	0.011203607463961643	0.016508556735328674	0.012867642339994096
TG>AA	0.0006187636339940934	0.004627789070012173	0.022715338154396747	0.013720199329960646	0.009813453418868	0.003814176942270059	0.0019498906540646938	0.005200898369046383	0.006252603153799859	0.00017041778048402584	0.0008266417615556843	0.001114241508201194	0.0035415453420110737	0.0062527400438292585
TG>AC	0.0024444683707362832	3.322308192529102e-07	1.8448640767051207e-07	0.003762718111916546	0.00976356863145672	0.001707682017040377	0.011580050086374579	0.0002725420509313469	0.003563383782975302	0.004575953195676433	0.0011159119408421091	0.0017010245680807183	0.0013521007504667018	0.008446586544266079
TG>AT	0.004358164572292278	0.033103109760416076	0.0091558546528604	0.03795200448780074	0.09279619087316568	0.020467373035261773	0.028999423717926555	0.018641145284656345	0.012074990504668107	0.016603885433919194	0.007184626725246903	0.019818039448156022	0.013326022565371425	0.045033099738081776
TG>CA	0.0009528024398585816	3.4258071865454646e-07	2.7580218526011424e-07	0.018200970919953336	0.010310681859327252	0.0030121322877281554	0.0010179184596839138	0.00039410144773276	0.0029063543412415015	0.00901321680139809	0.0016299898369163141	0.0036841953507131212	0.0019005464101784968	0.007255738178872713
TG>CC	0.00015177771892280306	0.008839845917889649	1.9953830316563135e-07	0.006162981884711936	0.006083709503697269	0.0015428942287933252	0.0010035501801842503	0.001386049660509614	0.003460133354587698	0.000646671730422816	0.001877809055223834	0.0019150641819161954	0.017026784854196782	0.005274953270671271
TG>CT	0.00021016651694143044	0.009323542957876445	0.043893511025741065	0.02713059434450438	0.1337001993594678	0.07314137349172777	0.0709043946670047	0.08108520803058042	0.018499098276288078	0.004562554571078618	0.01350844986211972	0.062397246487163514	0.020386003012176985	0.04124820611200153
TG>GA	0.0001430787947887046	3.823748504023141e-07	3.2862238927835856e-07	0.007260099333129227	0.011011975099776453	0.005107002096315991	0.001439010539216524	0.0012207872367287229	0.003395114117944928	0.0009389927189253974	0.0005445489287267873	0.0025931975404150194	0.0017812949741135293	0.006985972257147767
TG>GC	8.04171277117273e-07	4.3223840222609717e-07	3.8597360705768397e-07	9.925581176853272e-05	0.004162516029564464	6.071895755564541e-06	2.233574359698414e-05	6.929775439770837e-06	4.9063943973943034e-05	8.276134518732425e-06	1.2365816786393631e-05	9.949076778016425e-06	4.163828430915846e-05	0.001984479715049355
TG>GT	4.851399259866929e-05	0.10602959285319155	0.0651796664319581	0.01897467546345807	0.014848919383906081	0.040828625294223736	0.013594853431891324	0.006066611905131055	0.006280758840048209	0.011592177281044214	0.02789612735504977	0.24147479041261966	0.006949981711492454	0.009133059203227566
TT>AA	0.004673939692236709	0.004314145241547956	0.008906134830881736	0.007974865165333104	0.024458584842199926	0.006135183344020149	0.004159462842448653	0.002569994256608078	0.01981509086606295	0.032763990498741055	0.011077823256611288	0.026884547515759884	0.013227272488544887	0.022307180651232727
TT>AC	0.00015478195705389416	3.340087376387116e-07	2.5931193194250663e-05	0.014855251657620598	0.0032874638193334505	0.005805973889464721	0.008346523004976254	0.0014681581741420563	0.01694808104864434	0.0019863245044219094	0.010482908204695806	0.006192109044696521	0.010989960012217102	0.006136123553198424
TT>AG	3.01000416438854e-07	3.8148407137462165e-07	0.005317705882268422	0.00438422581565665	0.006427846389554638	0.0032986288569623163	0.0026246299104649806	0.001285696527448305	0.0032736477350370236	0.0006685092422126674	0.0015809925700934102	0.004334149429922954	0.01834170040612724	0.005677034296177066
TT>CA	0.00048310742674829884	2.4417902317265656e-07	0.00011598930902901161	0.025728137578775002	0.007417888358803103	0.020022907309068447	0.006404577856094169	0.017285836860886732	0.0084792700246025	0.0008679838375208928	0.006986021149160097	0.01022823016245457	0.023834229836177428	0.009502120623005308
TT>CC	0.0005033026111590775	2.702483346606736e-07	0.0001037470326796383	0.03013836524443891	0.013162295808610952	0.015995752363247098	0.005075591991513853	0.00252617570815496	0.007172042342695151	0.0018327480987858347	0.011541581856439371	0.010193726114373533	0.012153681390092281	0.01033855641404265
TT>CG	0.00030242855277660225	4.1170167893604125e-07	3.3035531242249266e-07	0.004796802152577433	0.008978825708015876	0.0006423166453461099	9.050438224172701e-05	2.080072664534152e-05	0.0001796657825486932	1.2838703570429286e-05	0.00018679884763347644	0.0001941846830466165	0.00038698374935246997	0.004502535484347567
TT>GA	0.00014923700286531438	0.0045037584431133265	2.0513013565982662e-07	0.005469664373665644	0.011152643179979422	0.0021022785161891903	0.0005838348001581102	0.004833609060462547	0.002607911467833662	0.0008676349251368658	0.019674266527023778	0.0034057934635789737	0.015377707242143412	0.006032723527680908
TT>GC	8.096706164458368e-07	4.326233704411422e-07	3.797811408242399e-07	8.036103633652922e-05	0.0043848640306764835	1.4200944947633243e-05	2.406335456270438e-05	6.967334649153523e-06	7.929314261862957e-05	8.30179290484841e-06	1.232032052421416e-05	9.950310041601157e-06	2.0430718875557988e-05	0.001989176546805233
TT>GG	3.847610334262653e-07	3.8886761888969773e-07	0.008996890319199664	0.00033525586928347806	0.0008381470496321676	0.001513005984807959	0.0010303766816545893	0.0006051933983211546	0.012211911512402224	0.005119366206735386	0.0013566636424128288	0.0024140409166598332	0.0018976204626396551	0.0017034701410282571
