MutationType	DBS78A	DBS78B	DBS78C	DBS78D	DBS78E	DBS78F	DBS78G	DBS78H	DBS78I	DBS78J	DBS78K	DBS78L	DBS78M	DBS78N	DBS78O
AC>CA	1.35E-03	7.94E-04	9.77E-04	1.03E-03	1.91E-03	6.46E-09	4.48E-04	5.39E-09	2.71E-05	8.54E-04	5.99E-04	9.31E-04	2.97E-04	5.31E-04	7.39E-04
AC>CG	1.24E-04	1.99E-04	3.22E-04	1.99E-04	2.37E-04	7.67E-09	1.12E-04	3.59E-09	8.31E-05	4.23E-04	2.59E-04	2.31E-04	4.94E-04	7.45E-05	1.34E-04
AC>CT	4.23E-04	9.27E-04	7.23E-04	1.27E-03	1.75E-03	6.10E-05	5.90E-04	5.43E-09	7.73E-05	1.00E-03	7.30E-04	8.62E-04	4.77E-04	6.65E-04	1.13E-03
AC>GA	4.59E-04	1.16E-03	1.54E-03	1.34E-03	9.81E-04	3.03E-05	6.04E-04	5.60E-09	8.49E-05	1.79E-03	1.23E-03	1.48E-03	8.03E-04	1.54E-03	1.31E-03
AC>GG	1.61E-04	2.19E-04	3.43E-04	1.73E-04	1.00E-04	7.67E-09	1.33E-04	3.61E-09	8.68E-05	4.53E-04	2.46E-04	1.97E-04	5.13E-04	8.10E-05	1.83E-04
AC>GT	6.03E-04	6.85E-04	4.75E-04	3.45E-04	4.89E-04	1.34E-04	8.11E-04	1.39E-04	8.48E-05	3.92E-04	4.52E-04	5.90E-04	3.23E-04	3.58E-04	3.58E-04
AC>TA	4.01E-04	1.11E-03	5.79E-04	6.73E-04	7.24E-04	1.46E-04	5.84E-04	1.39E-04	8.92E-05	4.83E-04	4.67E-04	6.34E-04	4.33E-04	5.16E-04	7.10E-04
AC>TG	1.10E-07	1.68E-07	1.47E-07	1.95E-07	2.19E-07	7.77E-09	1.38E-07	2.17E-09	2.79E-08	1.64E-07	1.02E-07	1.52E-07	1.05E-07	1.55E-07	1.32E-07
AC>TT	9.58E-04	1.28E-03	1.28E-03	1.80E-03	2.57E-03	6.63E-09	2.22E-03	5.58E-09	1.06E-04	1.88E-03	8.47E-04	1.75E-03	7.65E-04	6.35E-04	8.67E-04
AT>CA	2.99E-04	5.66E-04	7.29E-04	5.53E-04	5.12E-04	6.04E-09	4.55E-04	3.48E-09	2.23E-05	6.26E-04	3.51E-04	5.11E-04	3.05E-04	7.01E-04	2.70E-04
AT>CC	2.22E-05	5.48E-05	1.19E-04	1.24E-04	1.70E-04	7.33E-09	8.01E-05	2.26E-09	2.66E-05	5.29E-05	1.37E-05	8.13E-05	1.71E-05	7.13E-05	1.27E-04
AT>CG	1.10E-07	1.68E-07	1.47E-07	1.95E-07	2.19E-07	7.77E-09	1.38E-07	2.17E-09	2.79E-08	1.64E-07	1.02E-07	1.52E-07	1.05E-07	1.55E-07	1.32E-07
AT>GA	4.87E-04	9.58E-04	8.35E-04	1.16E-03	8.19E-04	3.36E-05	8.10E-04	5.07E-09	2.03E-05	1.10E-03	4.87E-04	1.39E-03	7.15E-04	9.03E-04	8.80E-04
AT>GC	2.02E-04	3.57E-04	5.86E-04	9.58E-04	5.30E-04	6.44E-09	1.93E-04	1.42E-04	2.82E-05	4.42E-04	1.45E-04	3.82E-04	2.48E-04	2.90E-04	3.15E-04
AT>TA	5.95E-04	1.98E-03	9.42E-04	1.02E-03	1.20E-03	1.81E-04	4.07E-04	5.69E-09	9.72E-05	1.12E-03	8.61E-04	1.23E-03	1.20E-03	8.24E-04	8.25E-04
CC>AA	1.73E-03	2.14E-03	1.75E-03	9.20E-04	1.10E-03	8.71E-04	1.82E-03	6.14E-04	1.94E-04	9.82E-04	5.55E-03	2.05E-03	1.38E-03	1.75E-03	1.65E-03
CC>AG	7.61E-04	1.48E-03	1.38E-03	1.42E-03	1.00E-03	3.24E-04	6.09E-04	2.60E-04	1.27E-04	1.28E-03	9.10E-04	1.11E-03	9.14E-04	1.28E-03	1.16E-03
CC>AT	2.19E-03	2.61E-03	1.63E-03	1.54E-03	1.87E-03	5.28E-04	6.92E-04	2.07E-04	5.95E-05	1.02E-03	1.93E-03	1.47E-03	2.15E-03	1.63E-03	6.27E-03
CC>GA	4.89E-04	8.92E-04	1.02E-03	9.28E-04	1.03E-03	1.45E-04	5.92E-04	5.33E-09	1.17E-05	9.20E-04	1.39E-03	1.34E-03	3.80E-04	8.80E-04	8.69E-04
CC>GG	3.03E-04	5.60E-04	7.46E-04	9.88E-04	6.05E-04	1.51E-04	3.21E-04	5.24E-09	1.47E-04	1.18E-03	4.14E-04	6.93E-04	1.05E-03	3.37E-04	4.21E-04
CC>GT	1.53E-03	1.37E-03	1.51E-03	1.85E-03	1.71E-03	1.45E-04	5.67E-04	5.30E-09	1.81E-04	1.54E-03	1.17E-03	2.78E-03	1.36E-03	1.09E-03	2.04E-03
CC>TA	4.67E-04	1.04E-03	1.21E-03	8.38E-04	9.58E-04	4.87E-04	1.01E-03	1.40E-04	3.28E-04	1.47E-03	1.10E-03	2.19E-03	6.91E-03	4.80E-04	1.32E-03
CC>TG	4.22E-04	6.52E-04	1.06E-03	5.13E-03	8.75E-04	6.29E-09	1.33E-03	1.48E-04	3.10E-05	7.02E-04	3.77E-04	1.61E-03	1.18E-03	6.55E-04	1.05E-03
CC>TT	1.60E-03	1.48E-03	7.55E-03	2.30E-03	1.76E-03	1.60E-03	1.04E-03	1.44E-04	1.43E-03	8.13E-03	1.55E-03	1.73E-03	2.52E-03	1.51E-03	1.51E-03
CG>AT	2.23E-04	3.38E-04	4.22E-04	4.85E-04	1.79E-04	6.42E-09	6.27E-05	1.45E-04	1.90E-08	2.74E-04	2.64E-04	3.28E-04	1.77E-04	3.66E-04	4.18E-04
CG>GC	1.10E-07	1.68E-07	1.47E-07	1.95E-07	2.19E-07	7.77E-09	1.38E-07	2.17E-09	2.79E-08	1.64E-07	1.02E-07	1.52E-07	1.05E-07	1.55E-07	1.32E-07
CG>GT	1.11E-07	1.82E-07	1.49E-07	1.97E-07	2.23E-07	8.03E-09	1.43E-07	1.45E-04	3.11E-08	1.64E-07	1.11E-07	1.59E-07	1.16E-07	1.56E-07	1.41E-07
CG>TA	1.10E-07	1.68E-07	1.47E-07	1.95E-07	2.19E-07	7.77E-09	1.38E-07	2.17E-09	2.79E-08	1.64E-07	1.02E-07	1.52E-07	1.05E-07	1.55E-07	1.32E-07
CG>TC	3.49E-04	9.88E-04	5.65E-04	6.70E-04	6.34E-04	3.00E-05	3.47E-04	1.47E-04	7.61E-05	9.26E-04	3.85E-04	4.85E-04	5.82E-04	6.48E-04	4.72E-04
CG>TT	1.08E-07	1.68E-07	6.65E-05	2.40E-05	4.39E-05	6.63E-09	1.38E-07	2.26E-09	2.78E-08	1.11E-04	2.87E-05	2.78E-05	1.02E-07	2.38E-04	8.25E-06
CT>AA	1.36E-04	1.01E-03	7.51E-04	6.76E-04	6.90E-04	8.62E-04	5.11E-04	2.92E-04	1.24E-05	4.87E-04	6.97E-04	5.85E-04	4.33E-04	5.16E-04	6.70E-04
CT>AC	1.12E-04	7.26E-04	9.28E-04	5.72E-04	3.78E-04	9.04E-04	8.15E-05	1.07E-03	4.90E-05	5.39E-04	5.11E-04	4.51E-04	4.18E-04	4.56E-04	5.29E-04
CT>AG	2.46E-04	8.15E-04	5.51E-04	6.85E-04	5.89E-04	4.20E-04	1.24E-04	5.28E-09	2.31E-05	5.28E-04	4.43E-04	3.72E-04	2.01E-04	5.34E-04	5.22E-04
CT>GA	3.84E-04	1.28E-04	3.03E-04	2.75E-04	6.13E-04	2.90E-04	1.09E-04	3.94E-09	1.82E-08	3.49E-04	2.14E-04	5.06E-04	1.23E-04	2.41E-04	3.10E-04
CT>GC	2.22E-05	3.63E-05	1.05E-04	1.21E-04	1.53E-04	1.45E-04	7.61E-05	2.31E-09	2.43E-05	6.44E-05	6.71E-05	5.11E-05	3.49E-05	4.43E-05	1.25E-04
CT>GG	6.39E-04	1.59E-03	1.76E-03	1.37E-03	1.22E-03	6.58E-09	8.63E-04	5.58E-09	1.77E-05	1.72E-03	1.11E-03	1.23E-03	7.43E-04	1.83E-03	1.00E-03
CT>TA	1.25E-03	1.01E-03	1.17E-03	1.25E-03	8.67E-04	2.60E-04	4.09E-04	5.17E-09	8.66E-09	9.52E-04	1.48E-03	1.23E-03	1.01E-03	1.38E-03	7.46E-04
CT>TC	5.07E-04	6.27E-04	8.07E-04	7.70E-04	4.64E-03	2.25E-04	9.37E-04	5.69E-09	2.87E-05	8.01E-04	6.53E-04	1.01E-03	9.05E-04	8.96E-04	1.44E-03
CT>TG	2.18E-04	1.87E-04	5.48E-04	3.64E-04	5.22E-04	2.06E-04	4.62E-04	4.05E-09	5.03E-05	3.87E-04	4.66E-04	5.02E-04	2.02E-04	5.55E-04	3.13E-04
GC>AA	1.11E-03	1.45E-03	1.04E-03	1.41E-03	1.09E-03	3.43E-04	6.05E-03	1.39E-04	2.15E-04	1.21E-03	1.52E-03	1.07E-03	9.86E-04	9.08E-04	6.64E-04
GC>AG	1.24E-03	2.02E-03	2.67E-03	3.63E-03	1.38E-03	2.20E-04	1.96E-03	2.44E-04	4.62E-05	1.34E-03	1.15E-03	1.98E-03	1.45E-03	1.33E-03	1.35E-03
GC>AT	1.71E-03	9.82E-04	8.19E-04	1.35E-03	1.27E-03	2.14E-04	1.78E-03	5.42E-09	5.82E-06	1.60E-03	9.89E-04	1.96E-03	6.09E-04	8.10E-04	8.98E-04
GC>CA	8.16E-04	7.47E-04	1.26E-03	1.75E-03	8.48E-04	1.46E-04	8.03E-04	2.11E-04	2.22E-05	8.64E-04	1.07E-03	1.13E-03	5.87E-04	9.47E-04	5.26E-04
GC>CG	1.10E-07	1.68E-07	1.47E-07	1.95E-07	2.19E-07	7.77E-09	1.38E-07	2.17E-09	2.79E-08	1.64E-07	1.02E-07	1.52E-07	1.05E-07	1.55E-07	1.32E-07
GC>TA	2.17E-04	5.31E-04	7.77E-04	1.49E-03	9.04E-04	1.43E-04	1.09E-03	1.43E-04	5.84E-06	7.00E-04	7.57E-04	9.07E-04	3.27E-04	6.18E-04	3.74E-04
TA>AT	1.20E-03	1.06E-03	1.39E-03	1.28E-03	1.24E-03	6.09E-09	7.73E-04	1.40E-04	1.82E-05	1.13E-03	8.02E-04	1.28E-03	6.88E-04	7.39E-04	1.07E-03
TA>CG	1.08E-07	1.69E-07	4.91E-05	1.91E-07	5.21E-05	6.35E-09	1.39E-07	2.29E-09	2.86E-08	1.18E-04	3.78E-05	1.28E-05	1.03E-07	2.26E-04	1.65E-05
TA>CT	9.22E-04	7.90E-04	6.39E-04	8.65E-04	9.62E-04	5.99E-09	1.36E-03	1.43E-04	4.54E-05	7.69E-04	1.34E-03	1.45E-03	4.89E-04	7.11E-04	5.84E-04
TA>GC	1.10E-07	1.68E-07	1.47E-07	1.95E-07	2.19E-07	7.77E-09	1.38E-07	2.17E-09	2.79E-08	1.64E-07	1.02E-07	1.52E-07	1.05E-07	1.55E-07	1.32E-07
TA>GG	1.10E-07	1.68E-07	1.47E-07	1.95E-07	2.19E-07	7.77E-09	1.38E-07	2.17E-09	2.79E-08	1.64E-07	1.02E-07	1.52E-07	1.05E-07	1.55E-07	1.32E-07
TA>GT	2.91E-05	7.98E-05	2.09E-04	2.17E-04	2.80E-04	6.12E-09	1.19E-04	2.59E-09	5.48E-05	1.52E-04	7.31E-05	1.11E-04	4.95E-05	2.41E-04	1.94E-04
TC>AA	5.00E-03	1.34E-03	1.34E-03	1.19E-03	1.07E-03	7.56E-04	8.07E-04	2.89E-04	1.63E-05	9.99E-04	1.06E-03	1.25E-03	8.01E-04	1.35E-03	1.78E-03
TC>AG	1.98E-03	1.35E-03	1.54E-03	3.23E-03	3.75E-03	3.40E-04	1.47E-03	4.85E-09	1.61E-05	2.08E-03	1.25E-03	2.63E-03	1.62E-03	7.56E-04	1.33E-03
TC>AT	1.32E-03	8.50E-04	1.04E-03	1.38E-03	9.17E-04	4.73E-04	1.22E-03	4.06E-09	6.55E-05	9.17E-04	1.98E-03	6.88E-03	3.16E-03	1.25E-03	1.16E-03
TC>CA	6.44E-04	1.07E-03	1.51E-03	1.43E-03	1.24E-03	1.48E-04	9.20E-04	5.29E-09	2.46E-05	1.28E-03	1.73E-03	1.50E-03	8.02E-04	1.35E-03	1.50E-03
TC>CG	2.48E-04	6.69E-04	3.75E-04	3.83E-04	4.64E-04	7.19E-09	1.63E-04	1.46E-04	2.62E-08	4.19E-04	1.41E-04	3.63E-04	3.28E-04	3.43E-04	4.90E-04
TC>CT	1.84E-03	1.57E-03	1.58E-03	3.47E-03	3.09E-03	2.17E-04	1.19E-03	1.36E-04	6.80E-05	1.78E-03	1.08E-03	1.64E-03	1.05E-03	1.57E-03	1.04E-03
TC>GA	2.92E-04	7.25E-04	8.93E-04	9.14E-04	7.45E-04	2.00E-04	3.07E-04	1.45E-04	2.07E-05	9.62E-04	8.38E-04	7.98E-04	7.38E-04	1.11E-03	6.09E-04
TC>GG	1.33E-04	6.15E-04	2.81E-04	3.67E-04	4.28E-04	7.18E-09	7.13E-04	4.85E-09	2.58E-05	3.11E-04	2.83E-04	2.93E-04	4.56E-04	3.20E-04	1.76E-04
TC>GT	1.25E-03	8.96E-04	1.08E-03	1.17E-03	1.01E-03	1.47E-04	4.81E-04	1.54E-04	1.31E-04	1.25E-03	1.27E-03	1.32E-03	1.10E-03	1.30E-03	7.54E-04
TG>AA	4.58E-04	1.42E-04	3.59E-04	3.44E-04	6.87E-04	3.38E-04	2.19E-04	1.37E-04	6.29E-05	4.11E-04	2.61E-04	5.07E-04	1.31E-04	4.48E-04	4.15E-04
TG>AC	8.30E-05	3.12E-04	3.92E-04	2.61E-04	2.20E-04	6.22E-09	2.18E-04	4.67E-09	1.09E-04	4.98E-04	6.80E-04	4.15E-04	4.86E-04	4.76E-04	2.50E-04
TG>AT	1.05E-03	1.19E-03	1.76E-03	1.16E-03	1.50E-03	2.22E-04	8.64E-04	3.95E-04	1.76E-04	1.38E-03	1.64E-03	1.30E-03	1.20E-03	2.33E-03	1.26E-03
TG>CA	1.54E-04	4.48E-04	5.62E-04	4.39E-04	7.11E-04	6.23E-09	3.21E-04	4.66E-09	8.36E-05	3.95E-04	3.23E-04	4.21E-04	6.81E-04	4.64E-04	4.20E-04
TG>CC	2.41E-04	2.72E-04	3.35E-04	4.90E-04	1.08E-03	6.02E-09	2.81E-04	1.94E-04	2.94E-05	5.32E-04	2.32E-04	4.41E-04	1.66E-04	2.60E-04	1.87E-04
TG>CT	2.86E-03	2.97E-03	2.39E-03	1.50E-03	1.03E-03	5.10E-04	1.08E-03	2.06E-04	6.00E-05	2.24E-03	2.84E-03	1.58E-03	9.64E-04	4.35E-03	2.98E-03
TG>GA	2.60E-04	3.37E-04	4.71E-04	4.84E-04	2.54E-04	5.77E-09	1.21E-04	3.38E-09	2.98E-05	3.71E-04	2.99E-04	4.62E-04	2.31E-04	4.68E-04	4.10E-04
TG>GC	1.10E-07	1.70E-07	5.77E-05	1.31E-05	2.21E-05	6.48E-09	1.38E-07	2.28E-09	2.86E-08	1.22E-04	2.92E-05	2.23E-05	1.03E-07	2.24E-04	8.25E-06
TG>GT	6.32E-04	6.26E-03	1.14E-03	8.34E-04	8.42E-04	6.28E-04	2.16E-03	7.01E-04	5.32E-06	6.46E-04	1.42E-03	9.87E-04	1.15E-03	1.09E-03	2.10E-03
TT>AA	6.64E-04	2.09E-03	1.03E-03	1.16E-03	1.46E-03	2.21E-04	1.06E-03	1.40E-04	1.81E-04	1.50E-03	8.94E-04	1.60E-03	1.84E-03	9.53E-04	9.38E-04
TT>AC	2.19E-04	5.82E-04	7.98E-04	1.15E-03	7.44E-04	4.57E-05	7.66E-04	4.53E-09	3.37E-05	7.01E-04	5.52E-04	1.13E-03	3.36E-04	4.28E-04	5.33E-04
TT>AG	2.31E-04	4.29E-04	4.17E-04	6.25E-04	1.24E-03	1.53E-04	2.30E-04	3.42E-09	1.68E-08	5.12E-04	3.40E-04	3.97E-04	1.06E-04	3.06E-04	3.72E-04
TT>CA	1.07E-03	8.40E-04	7.62E-04	8.80E-04	1.71E-03	3.73E-05	6.63E-04	5.23E-09	6.04E-05	8.34E-04	5.48E-04	9.55E-04	2.60E-04	5.96E-04	1.08E-03
TT>CC	3.33E-04	7.59E-04	8.14E-04	1.22E-03	7.67E-04	9.22E-05	6.78E-04	5.31E-09	7.49E-05	7.76E-04	5.10E-04	6.08E-04	4.19E-04	5.78E-04	8.12E-04
TT>CG	9.66E-06	5.60E-05	1.39E-04	1.18E-04	1.68E-04	6.05E-09	6.23E-05	2.46E-09	2.52E-05	1.94E-04	6.54E-05	6.74E-05	1.71E-05	3.72E-04	1.26E-04
TT>GA	5.60E-04	5.40E-04	8.71E-04	9.44E-04	1.00E-03	6.17E-09	1.11E-03	1.46E-04	1.71E-05	7.43E-04	2.51E-04	7.27E-04	3.98E-04	5.00E-04	5.52E-04
TT>GC	1.09E-07	1.68E-07	6.68E-05	1.83E-05	4.39E-05	7.01E-09	1.41E-07	2.30E-09	2.68E-08	1.18E-04	1.17E-05	3.38E-05	1.01E-07	2.25E-04	1.65E-05
TT>GG	1.88E-04	4.86E-04	2.71E-04	4.89E-04	4.47E-04	2.04E-04	2.15E-04	3.20E-09	2.10E-08	3.55E-04	1.15E-04	8.72E-04	4.64E-04	2.79E-04	3.72E-04
