Iteration	L1	L1 %	L2	L2 %	KL Divergence
1	8.392	64.318	2.652	45.85	0.535
2	7.247	60.043	2.475	44.03	0.477
3	8.274	70.685	2.712	49.467	0.593
4	8.043	65.868	2.725	44.866	0.518
5	7.686	65.677	2.57	44.82	0.575
6	7.941	58.658	2.534	41.558	0.484
7	7.364	57.741	2.368	40.783	0.453
8	8.409	63.438	2.689	43.525	0.558
9	8.318	70.547	2.667	46.552	0.641
10	8.288	66.082	2.663	44.579	0.581
11	8.425	65.75	2.659	44.96	0.565
12	9.468	64.848	3.135	43.197	0.542
13	8.612	62.34	2.785	41.644	0.491
14	7.933	64.309	2.613	46.255	0.552
15	9.031	64.648	3.001	44.653	0.526
16	8.183	69.388	2.708	46.622	0.578
17	7.617	64.188	2.558	43.448	0.53
18	8.398	63.332	2.702	43.531	0.539
19	7.235	59.277	2.387	39.347	0.495
20	7.364	65.87	2.436	45.201	0.528
21	7.782	62.511	2.56	44.162	0.543
22	8.752	64.925	2.81	44.824	0.555
23	9.372	68.038	3.215	44.593	0.555
24	9.003	63.27	2.818	44.511	0.503
25	7.947	64.288	2.518	44.824	0.522
26	8.94	63.3	2.889	42.603	0.497
27	7.786	63.34	2.589	43.206	0.539
28	7.823	64.471	2.638	45.146	0.526
29	7.871	61.663	2.654	43.492	0.508
30	8.561	67.397	2.733	47.464	0.569
31	10.721	62.677	3.369	45.045	0.469
32	8.424	61.289	2.682	43.432	0.513
33	7.658	65.942	2.557	44.289	0.524
34	7.895	66.822	2.674	46.01	0.54
35	8.394	68.898	2.865	46.619	0.55
36	7.782	64.092	2.591	44.147	0.51
37	7.559	63.086	2.521	43.67	0.53
38	7.39	59.298	2.354	39.893	0.497
39	8.159	65.827	2.676	44.779	0.534
40	7.982	61.935	2.606	43.603	0.503
41	7.782	63.882	2.6	44.532	0.545
42	8.158	60.265	2.671	42.161	0.498
43	7.491	62.288	2.679	44.436	0.524
44	8.294	65.663	2.647	44.851	0.55
45	7.327	65.18	2.513	45.331	0.563
46	7.948	65.398	2.635	46.056	0.545
47	8.857	67.942	2.926	47.425	0.546
48	7.909	65.925	2.708	46.009	0.513
49	8.154	65.434	2.563	44.106	0.573
50	7.739	64.958	2.541	44.874	0.536
51	7.844	62.418	2.602	43.689	0.506
52	8.5	67.889	2.77	45.653	0.584
53	7.906	65.403	2.602	45.691	0.564
54	7.779	66.731	2.57	46.656	0.525
55	7.689	63.9	2.566	44.184	0.535
56	8.032	61.611	2.614	41.993	0.534
57	8.406	68.745	2.901	46.442	0.556
58	7.147	61.401	2.44	44.61	0.494
59	9.108	69.784	2.83	47.476	0.543
60	7.799	62.593	2.498	43.036	0.551
61	7.792	66.5	2.532	44.196	0.574
62	7.508	62.051	2.435	43.931	0.49
63	7.17	63.33	2.396	43.647	0.542
64	9.205	69.406	2.988	47.953	0.592
65	8.158	55.767	2.563	41.039	0.43
66	9.139	69.199	3.045	46.967	0.576
67	8.291	63.542	2.565	42.741	0.543
68	8.245	68.606	2.703	46.69	0.566
69	7.537	59.936	2.528	42.752	0.487
70	7.811	65.385	2.608	44.852	0.536
71	8.027	59.285	2.577	42.749	0.506
72	7.5	62.378	2.507	43.063	0.531
73	8.44	63.984	2.633	42.265	0.534
74	9.868	67.724	3.138	45.537	0.51
75	8.051	70.501	2.738	48.94	0.571
76	8.296	67.989	2.658	46.298	0.583
77	7.662	60.023	2.416	41.734	0.489
78	7.992	65.842	2.603	44.445	0.554
79	7.949	64.413	2.71	43.57	0.533
80	7.764	66.851	2.675	46.662	0.524
81	8.243	63.665	2.721	44.293	0.532
82	8.326	64.07	2.669	44.502	0.544
83	8.516	66.999	2.802	45.07	0.571
84	8.558	62.221	2.651	43.664	0.534
85	7.838	62.527	2.579	42.33	0.477
86	7.862	63.638	2.541	44.404	0.544
87	7.393	61.032	2.498	41.575	0.509
88	7.927	62.645	2.636	43.724	0.521
89	7.287	60.695	2.331	42.03	0.519
90	7.434	63.039	2.479	44.014	0.517
91	7.894	61.635	2.659	43.345	0.489
92	8.034	60.816	2.472	39.812	0.514
93	7.107	57.571	2.453	39.862	0.428
94	7.446	63.824	2.596	44.144	0.541
95	8.585	67.449	2.802	46.764	0.572
96	7.896	60.233	2.691	42.654	0.499
97	7.604	64.64	2.568	45.946	0.514
98	7.856	63.356	2.645	44.078	0.553
99	8.02	63.601	2.585	43.59	0.531
100	7.778	62.057	2.597	43.614	0.507
101	8.524	65.865	2.766	44.991	0.579
102	7.751	57.967	2.601	41.634	0.466
103	8.129	64.938	2.794	45.989	0.534
104	8.108	59.613	2.546	41.868	0.483
105	9.254	65.492	3.028	45.639	0.5
106	7.828	66.568	2.686	45.636	0.583
107	9.038	64.929	2.982	46.364	0.52
108	8.258	63.879	2.707	44.967	0.559
109	7.553	62.425	2.64	44.697	0.491
110	7.833	66.584	2.566	45.485	0.554
111	7.821	62.928	2.622	46.192	0.509
112	8.088	61.964	2.75	43.759	0.492
113	8.167	65.024	2.689	44.638	0.536
114	9.28	66.115	3.02	44.714	0.525
115	7.919	62.393	2.66	43.757	0.485
116	7.985	68.653	2.721	46.71	0.556
117	9.746	67.888	3.053	45.642	0.537
118	9.102	64.337	2.96	42.935	0.501
119	8.899	72.074	2.905	49.395	0.585
120	8.295	61.244	2.658	43.253	0.493
121	8.287	63.072	2.693	44.184	0.492
122	8.367	66.823	2.701	45.175	0.543
123	9.192	66.299	2.853	45.539	0.554
124	7.486	62.458	2.561	43.706	0.532
125	8.365	58.163	2.634	41.02	0.47
126	8.111	58.333	2.655	40.255	0.5
127	7.672	65.279	2.613	44.533	0.539
128	7.814	64.501	2.552	43.619	0.515
129	9.07	63.473	2.812	44.199	0.501
130	7.428	63.242	2.566	44.243	0.56
131	9.339	70.223	3.024	47.68	0.558
132	8.534	67.169	2.717	45.335	0.557
133	7.974	61.635	2.498	44.183	0.492
134	9.571	69.428	3.339	47.411	0.571
135	7.859	63.625	2.599	44.365	0.535
136	8.419	69.504	2.84	47.331	0.554
137	7.264	60.286	2.348	41.86	0.516
138	7.784	57.161	2.592	39.796	0.439
139	7.847	63.497	2.462	42.531	0.545
140	7.645	60.223	2.673	43.52	0.446
141	7.633	63.315	2.515	44.026	0.542
142	8.46	62.029	2.767	44.034	0.504
143	7.483	66.167	2.485	45.696	0.547
144	7.563	61.902	2.538	42.812	0.478
145	7.013	62.087	2.478	44.663	0.496
146	8.283	65.403	2.655	45.401	0.537
147	7.297	61.709	2.398	43.348	0.51
148	8.805	63.872	2.834	46.177	0.52
149	7.674	66.03	2.576	44.512	0.559
150	8.488	66.02	2.73	45.002	0.553
151	7.947	64.582	2.637	44.527	0.52
152	8.382	66.178	2.85	46.751	0.524
153	9.565	68.916	3.028	46.305	0.535
154	8.995	63.533	2.86	43.584	0.485
155	7.944	58.181	2.59	41.799	0.452
156	8.988	64.362	2.823	43.609	0.514
157	7.512	62.687	2.622	44.54	0.503
158	8.049	62.005	2.775	43.838	0.483
159	8.305	61.864	2.68	44.321	0.476
160	7.843	61.677	2.503	42.119	0.512
161	8.502	62.151	2.665	42.562	0.505
162	7.665	60.964	2.502	42.002	0.512
163	7.86	63.469	2.596	43.663	0.515
164	8.318	71.035	2.817	49.463	0.583
165	7.353	61.486	2.425	40.626	0.493
166	8.563	69.746	2.87	47.676	0.603
167	8.257	65.557	2.697	45.584	0.55
168	7.025	55.429	2.247	37.958	0.47
169	7.782	65.79	2.672	45.08	0.551
170	9.472	69.241	3.102	46.271	0.539
171	8.116	67.121	2.629	46.034	0.523
172	7.956	65.831	2.682	45.494	0.504
173	7.505	62.902	2.614	43.167	0.549
174	7.75	67.41	2.635	45.803	0.543
175	8.266	67.035	2.727	45.279	0.588
176	7.366	60.596	2.458	43.004	0.484
177	8.971	72.737	3.007	49.735	0.603
178	8.359	68.0	2.772	46.236	0.573
179	7.842	66.548	2.682	44.755	0.561
180	7.561	58.284	2.586	41.071	0.471
181	7.768	62.789	2.597	43.264	0.514
182	7.302	57.074	2.402	39.164	0.464
183	8.158	67.382	2.763	47.521	0.602
184	7.867	64.767	2.688	44.753	0.51
185	7.145	60.612	2.381	41.42	0.51
186	8.72	67.417	2.802	47.082	0.51
187	7.79	63.539	2.639	45.48	0.502
188	8.032	59.349	2.676	41.953	0.484
189	8.269	68.782	2.744	45.784	0.568
190	9.52	66.187	3.234	44.501	0.558
191	8.704	62.753	2.788	44.087	0.523
192	8.748	65.198	2.868	45.727	0.498
193	9.634	66.137	3.008	44.938	0.526
194	7.392	59.391	2.487	41.869	0.51
195	9.068	58.253	2.91	40.502	0.478
196	8.311	65.745	2.709	44.903	0.571
197	9.844	73.319	3.446	48.882	0.588
198	8.478	67.193	2.779	45.899	0.542
199	7.39	58.951	2.459	41.566	0.48
200	8.189	66.32	2.598	45.323	0.556
201	7.7	63.995	2.531	43.761	0.54
202	7.747	67.038	2.614	46.191	0.548
203	8.474	60.894	2.801	40.1	0.495
204	7.763	61.008	2.604	42.278	0.491
205	9.238	66.042	2.922	43.654	0.541
206	7.555	61.929	2.573	42.444	0.498
207	8.004	67.264	2.817	48.563	0.566
208	8.242	68.323	2.631	46.65	0.585
209	8.692	64.213	2.862	44.635	0.503
210	8.294	65.124	2.799	46.72	0.511
211	8.602	68.427	2.853	47.1	0.547
212	8.975	64.845	2.747	44.541	0.54
213	8.602	64.061	2.741	46.2	0.53
214	7.741	65.727	2.63	44.992	0.511
215	7.774	64.679	2.539	44.229	0.552
216	8.394	66.286	2.639	45.181	0.546
217	7.676	69.614	2.64	47.296	0.581
218	7.996	68.736	2.628	46.433	0.599
219	8.066	62.992	2.68	43.678	0.53
220	8.457	66.009	2.83	47.85	0.541
221	7.453	62.071	2.448	41.851	0.525
222	7.281	57.854	2.501	39.77	0.451
223	8.937	64.957	2.958	44.802	0.566
224	8.031	66.743	2.731	46.888	0.556
225	7.806	63.306	2.63	43.691	0.519
226	8.469	61.922	2.733	44.454	0.506
227	8.112	66.986	2.879	46.525	0.544
228	8.378	68.355	2.725	46.808	0.606
229	7.556	64.316	2.479	45.63	0.532
230	8.644	64.871	2.855	45.67	0.534
231	8.773	69.062	2.897	48.201	0.564
232	7.496	61.855	2.484	43.546	0.484
233	8.766	69.573	2.847	48.938	0.594
234	8.399	65.528	2.832	43.255	0.54
235	9.155	68.622	3.063	49.082	0.541
236	7.819	62.038	2.551	43.611	0.55
237	7.277	63.681	2.537	44.714	0.519
238	8.516	66.905	2.721	46.631	0.581
239	9.332	65.454	2.983	44.975	0.522
240	8.505	58.758	2.577	42.015	0.464
241	7.444	62.761	2.55	43.938	0.498
242	7.656	60.103	2.615	43.21	0.498
243	9.552	64.006	3.063	44.897	0.499
244	7.623	60.365	2.55	42.859	0.48
245	7.918	64.213	2.512	45.036	0.536
246	7.301	61.086	2.345	40.392	0.516
247	8.149	65.922	2.737	45.796	0.515
248	8.384	64.102	2.748	45.49	0.521
249	8.207	63.458	2.701	45.315	0.543
250	7.397	61.622	2.407	41.762	0.505
251	7.12	62.191	2.42	42.566	0.496
252	8.027	67.138	2.737	46.027	0.566
253	7.484	66.705	2.537	46.703	0.539
254	8.234	60.892	2.514	42.767	0.484
255	8.145	64.375	2.65	43.977	0.54
256	8.112	63.934	2.64	43.976	0.546
257	7.5	64.122	2.47	43.262	0.52
258	7.899	67.463	2.611	45.838	0.592
259	7.667	61.336	2.566	42.971	0.507
260	9.268	61.179	3.051	42.053	0.484
261	8.497	60.789	2.689	42.096	0.502
262	10.514	63.838	3.449	42.762	0.504
263	8.6	69.047	2.776	47.046	0.548
264	9.735	67.519	3.246	44.453	0.555
265	9.379	65.436	3.084	43.881	0.513
266	8.058	69.141	2.669	46.923	0.586
267	8.023	61.036	2.738	44.096	0.491
268	8.357	64.849	2.763	45.881	0.524
269	7.396	62.897	2.425	42.086	0.525
270	8.013	67.4	2.646	46.493	0.546
271	8.273	59.196	2.657	41.393	0.486
272	8.392	67.362	2.656	44.98	0.565
273	8.871	64.8	2.856	43.982	0.524
274	8.296	60.671	2.7	43.538	0.492
275	8.235	67.06	2.749	45.659	0.53
276	7.713	57.351	2.578	40.369	0.45
277	9.658	66.722	3.111	45.914	0.516
278	8.319	67.575	2.705	45.402	0.596
279	7.62	61.527	2.592	44.878	0.488
280	7.625	57.132	2.529	40.617	0.461
281	7.922	65.778	2.632	45.894	0.549
282	9.542	65.99	2.962	44.592	0.508
283	8.529	68.966	2.706	46.076	0.591
284	7.46	54.228	2.403	38.237	0.44
285	7.954	62.689	2.625	43.77	0.507
286	7.958	58.554	2.61	41.751	0.477
287	7.654	68.194	2.576	46.449	0.574
288	7.615	64.583	2.55	44.163	0.55
289	7.459	59.131	2.489	42.33	0.494
290	7.162	60.59	2.467	43.504	0.501
291	6.91	59.877	2.462	42.136	0.47
292	7.684	66.252	2.598	45.817	0.543
293	9.608	63.184	2.944	42.731	0.495
294	9.13	67.173	2.909	46.21	0.543
295	8.369	69.925	2.834	47.54	0.565
296	7.573	69.887	2.505	47.564	0.604
297	8.017	62.611	2.594	42.392	0.494
298	8.399	61.408	2.706	43.334	0.527
299	8.235	62.622	2.572	42.649	0.519
300	7.517	70.561	2.495	48.15	0.625
301	7.658	57.887	2.453	40.028	0.472
302	8.496	61.888	2.632	43.709	0.514
303	9.184	67.28	2.786	44.825	0.548
304	7.829	61.787	2.569	43.114	0.5
305	9.059	68.052	2.834	46.774	0.582
306	7.945	65.598	2.584	44.664	0.513
307	8.038	59.781	2.484	40.826	0.49
308	7.312	61.261	2.524	42.196	0.488
309	7.683	62.788	2.656	44.563	0.484
310	9.002	71.255	3.048	48.874	0.574
311	8.627	62.461	2.831	45.207	0.48
312	7.719	69.657	2.628	47.744	0.573
313	9.444	65.133	3.01	43.148	0.498
314	8.614	64.25	2.809	44.999	0.501
315	9.63	69.728	2.966	46.85	0.561
316	8.637	63.536	2.751	43.685	0.514
317	8.369	61.435	2.741	43.691	0.494
318	7.526	59.742	2.459	40.567	0.481
319	7.545	65.268	2.615	46.115	0.521
320	8.796	63.521	2.866	45.146	0.534
321	7.683	62.748	2.483	42.806	0.544
322	8.381	64.019	2.723	43.332	0.485
323	8.015	64.72	2.617	45.065	0.508
324	8.154	63.46	2.786	44.622	0.506
325	8.254	67.33	2.675	46.202	0.553
326	8.454	62.55	2.845	43.313	0.493
327	7.789	63.624	2.64	44.394	0.551
328	7.917	60.827	2.539	41.55	0.519
329	7.285	63.206	2.425	44.132	0.557
330	7.706	67.432	2.642	47.927	0.569
331	9.104	62.394	2.864	43.346	0.499
332	6.894	60.806	2.34	44.69	0.494
333	8.289	64.477	2.711	44.142	0.52
334	8.809	66.566	2.742	46.106	0.58
335	8.182	65.173	2.783	43.902	0.523
336	8.395	60.853	2.603	41.991	0.481
337	8.386	67.48	2.813	45.857	0.537
338	8.365	67.392	2.716	45.21	0.568
339	7.976	63.695	2.701	44.677	0.509
340	7.51	65.379	2.504	44.995	0.567
341	7.889	66.962	2.657	45.913	0.524
342	7.08	56.166	2.466	39.154	0.48
343	7.82	61.173	2.435	41.848	0.48
344	9.422	67.335	2.945	47.659	0.538
345	8.8	60.352	2.653	40.835	0.492
346	9.363	66.717	3.036	45.897	0.533
347	7.598	62.027	2.536	43.651	0.512
348	8.342	66.755	2.743	45.706	0.57
349	9.508	64.265	2.877	42.722	0.55
350	8.252	67.934	2.632	46.33	0.543
351	8.444	61.985	2.749	41.975	0.523
352	8.802	63.004	2.777	44.731	0.509
353	7.802	58.147	2.476	41.122	0.48
354	8.323	60.944	2.706	41.926	0.458
355	8.199	62.242	2.651	42.973	0.508
356	8.378	63.504	2.717	45.261	0.507
357	7.871	63.892	2.594	44.142	0.549
358	9.915	67.426	3.479	46.641	0.505
359	7.244	61.055	2.416	41.922	0.511
360	8.415	62.511	2.67	42.95	0.512
361	7.872	61.156	2.488	40.222	0.516
362	8.266	60.999	2.794	43.966	0.486
363	8.764	65.171	2.818	46.733	0.515
364	9.038	64.163	2.82	45.706	0.517
365	7.742	58.694	2.655	42.106	0.485
366	8.391	63.313	2.678	43.669	0.516
367	7.758	65.588	2.638	44.317	0.562
368	8.692	65.375	2.628	44.558	0.533
369	9.049	67.942	2.869	48.125	0.575
370	8.137	60.37	2.623	41.664	0.475
371	7.764	59.93	2.542	43.62	0.47
372	8.442	62.506	2.631	42.998	0.506
373	7.536	63.698	2.585	44.863	0.545
374	8.004	64.715	2.715	46.129	0.519
375	9.035	61.614	2.797	42.071	0.487
376	7.722	57.899	2.533	39.871	0.481
377	9.165	62.707	2.88	42.23	0.517
378	8.831	61.729	2.778	43.963	0.504
379	7.481	60.986	2.561	41.944	0.518
380	8.294	69.559	2.839	48.303	0.599
381	8.626	62.462	2.624	41.289	0.523
382	8.459	64.934	2.71	45.786	0.521
383	8.911	65.705	2.772	44.612	0.543
384	9.094	65.253	2.877	45.004	0.525
385	7.47	65.201	2.547	43.552	0.519
386	8.42	65.645	2.649	43.714	0.522
387	7.478	62.7	2.578	42.981	0.511
388	7.825	59.248	2.616	40.184	0.482
389	8.506	63.295	2.607	42.189	0.543
390	7.96	63.302	2.603	43.665	0.523
391	7.42	64.339	2.558	43.639	0.542
392	8.224	65.417	2.708	45.877	0.567
393	7.51	56.779	2.532	41.78	0.455
394	7.446	60.164	2.462	41.764	0.517
395	8.006	61.771	2.59	41.609	0.513
396	7.456	58.669	2.569	42.076	0.461
397	7.81	61.606	2.431	41.945	0.518
398	7.556	63.069	2.48	43.118	0.532
399	9.018	67.129	2.891	45.905	0.537
400	8.003	60.803	2.517	41.62	0.503
401	7.588	65.423	2.669	45.453	0.541
402	8.324	63.13	2.672	42.693	0.534
403	8.456	64.638	2.763	44.996	0.541
404	7.169	59.113	2.457	43.017	0.48
405	8.211	65.747	2.759	45.967	0.568
406	7.578	66.189	2.539	46.242	0.57
407	8.505	58.91	2.535	40.434	0.466
408	8.147	59.948	2.677	40.973	0.503
409	8.253	67.985	2.69	47.148	0.553
410	7.958	66.062	2.767	48.14	0.544
411	8.559	68.876	2.825	46.796	0.584
412	8.147	66.506	2.562	46.051	0.515
413	8.734	68.907	2.827	46.837	0.601
414	7.703	59.118	2.363	39.771	0.485
415	7.946	62.566	2.612	41.869	0.511
416	8.402	62.653	2.664	44.051	0.525
417	9.217	67.152	2.887	47.517	0.565
418	8.099	61.991	2.778	45.412	0.485
419	8.049	66.434	2.691	44.741	0.52
420	7.443	60.934	2.511	42.597	0.541
421	8.015	66.536	2.754	45.919	0.577
422	8.986	64.575	2.772	44.774	0.554
423	7.769	59.927	2.619	42.903	0.52
424	7.587	64.337	2.584	46.131	0.545
425	8.712	63.709	2.697	43.645	0.513
426	7.296	62.925	2.424	43.47	0.542
427	8.835	68.518	2.711	45.918	0.591
428	8.525	67.006	2.769	46.421	0.572
429	7.812	69.18	2.661	48.07	0.591
430	6.844	60.571	2.31	41.538	0.479
431	8.124	61.488	2.675	45.598	0.495
432	8.306	66.311	2.598	45.926	0.549
433	8.593	66.096	2.689	45.137	0.548
434	7.777	60.049	2.551	42.17	0.499
435	8.544	62.559	2.65	43.042	0.529
436	8.199	66.161	2.705	45.358	0.53
437	8.098	68.205	2.607	46.527	0.548
438	8.98	62.225	2.913	43.637	0.51
439	8.254	65.68	2.728	46.192	0.522
440	9.003	59.775	2.646	42.585	0.47
441	8.244	65.126	2.596	43.731	0.518
442	8.228	66.023	2.715	45.256	0.549
443	8.299	59.225	2.618	41.482	0.469
444	7.854	62.063	2.568	43.78	0.542
445	8.156	65.346	2.681	45.1	0.542
446	7.898	62.256	2.601	43.473	0.526
447	10.031	72.276	3.108	48.011	0.608
448	8.729	67.923	2.754	46.427	0.571
449	7.84	67.678	2.599	47.172	0.553
450	8.172	69.74	2.662	46.938	0.61
451	7.44	59.852	2.46	42.009	0.466
452	7.091	61.774	2.504	42.492	0.482
453	7.908	63.831	2.54	44.896	0.496
454	7.506	59.053	2.491	41.265	0.456
455	7.694	65.964	2.602	44.791	0.53
456	7.014	56.791	2.396	40.686	0.47
457	7.15	61.725	2.392	43.347	0.497
458	9.622	66.63	3.061	46.64	0.54
459	7.628	64.296	2.621	43.32	0.517
460	8.298	60.731	2.6	44.22	0.507
461	8.862	71.337	2.834	47.745	0.598
462	7.289	61.199	2.503	41.783	0.511
463	7.975	60.261	2.605	40.91	0.489
464	8.031	64.606	2.656	44.404	0.535
465	8.366	63.982	2.655	43.822	0.494
466	8.702	61.647	2.64	42.533	0.497
467	7.188	58.904	2.41	40.668	0.496
468	7.84	62.674	2.528	42.879	0.534
469	7.473	62.001	2.501	42.333	0.513
470	9.531	63.037	2.845	42.3	0.51
471	7.521	66.562	2.491	43.748	0.557
472	8.373	67.273	2.82	45.483	0.574
473	9.161	66.186	2.795	44.533	0.55
474	8.534	62.521	2.709	44.262	0.511
475	7.993	66.342	2.695	44.664	0.578
476	7.718	62.261	2.531	42.481	0.524
477	7.391	64.108	2.522	43.469	0.555
478	7.88	63.23	2.51	43.066	0.541
479	7.74	65.55	2.601	46.132	0.536
480	8.569	66.075	2.743	44.425	0.57
481	7.74	61.07	2.57	42.918	0.506
482	8.155	64.483	2.679	43.385	0.51
483	8.99	66.833	2.812	44.658	0.528
484	8.147	63.603	2.577	44.681	0.502
485	7.828	66.14	2.58	44.251	0.593
486	8.592	66.357	2.826	45.127	0.551
487	7.921	61.169	2.681	43.076	0.513
488	7.569	62.571	2.557	43.437	0.498
489	8.745	67.27	2.847	45.3	0.6
490	8.03	64.963	2.616	43.545	0.513
491	7.908	61.768	2.553	42.721	0.501
492	7.062	61.729	2.451	43.116	0.493
493	7.879	61.433	2.627	43.059	0.471
494	7.481	65.791	2.475	44.758	0.516
495	8.352	64.8	2.737	44.529	0.555
496	8.489	59.759	2.734	44.42	0.484
497	9.031	65.086	2.915	44.463	0.528
498	9.639	68.811	3.185	47.439	0.56
499	8.258	60.985	2.685	41.856	0.51
500	8.667	68.158	2.947	49.597	0.529
501	7.374	64.22	2.482	43.344	0.496
502	7.587	63.661	2.516	43.053	0.54
503	9.28	64.25	2.986	44.329	0.496
504	8.176	65.496	2.669	45.487	0.546
505	8.532	63.653	2.794	45.255	0.525
506	7.959	67.639	2.668	48.05	0.564
507	7.711	62.057	2.57	42.84	0.509
508	8.503	65.918	2.726	45.46	0.544
509	8.547	64.57	2.754	44.729	0.487
510	7.991	61.793	2.659	41.748	0.493
511	7.37	59.251	2.455	40.533	0.454
512	8.292	70.223	2.853	49.203	0.592
513	7.879	60.801	2.569	41.218	0.489
514	7.709	58.75	2.554	42.369	0.441
515	8.163	64.834	2.698	45.055	0.553
516	9.927	66.901	3.143	46.129	0.528
517	8.866	63.568	2.734	44.647	0.513
518	8.744	62.936	2.859	45.001	0.523
519	7.913	60.018	2.636	41.438	0.497
520	8.247	66.417	2.729	43.937	0.543
521	8.668	66.166	2.833	45.798	0.519
522	8.803	71.931	3.045	48.448	0.575
523	7.675	66.958	2.531	45.716	0.582
524	8.843	63.013	2.787	44.79	0.478
525	7.141	61.926	2.479	44.032	0.525
526	8.185	65.726	2.7	44.28	0.511
527	8.066	68.737	2.63	47.463	0.565
528	8.18	68.837	2.695	46.067	0.614
529	8.402	64.571	2.687	46.041	0.543
530	9.804	68.05	3.325	46.42	0.545
531	7.445	62.61	2.58	43.432	0.506
532	7.894	66.361	2.57	44.476	0.579
533	8.025	59.504	2.575	41.911	0.49
534	8.097	67.19	2.688	46.05	0.59
535	7.656	61.278	2.61	44.551	0.504
536	7.845	65.223	2.599	44.154	0.576
537	7.715	64.571	2.548	44.179	0.567
538	8.267	64.288	2.668	44.021	0.517
539	7.913	59.52	2.571	42.362	0.457
540	9.091	67.639	2.868	46.726	0.543
541	6.981	58.221	2.363	40.311	0.453
542	8.463	62.963	2.683	43.323	0.515
543	8.136	69.752	2.688	47.783	0.566
544	8.706	58.595	2.794	38.614	0.438
545	8.407	60.691	2.632	43.354	0.51
546	7.376	60.005	2.419	42.449	0.479
547	7.955	65.777	2.536	46.768	0.562
548	7.878	59.339	2.511	40.76	0.482
549	8.48	63.747	2.778	42.989	0.518
550	7.914	61.454	2.557	41.94	0.517
551	8.063	63.21	2.751	44.038	0.485
552	7.135	61.58	2.43	42.234	0.517
553	9.393	60.276	3.025	41.622	0.491
554	8.826	67.254	2.893	45.329	0.539
555	8.785	72.04	2.893	49.069	0.596
556	9.116	71.233	2.94	50.338	0.607
557	7.996	63.021	2.701	43.212	0.496
558	8.112	62.586	2.645	42.118	0.482
559	8.048	59.181	2.684	42.017	0.448
560	8.599	69.67	2.853	46.733	0.572
561	7.303	60.074	2.406	42.563	0.519
562	7.074	61.496	2.335	41.901	0.503
563	7.768	65.707	2.59	45.092	0.575
564	9.483	59.744	2.898	41.125	0.469
565	8.388	68.68	2.759	46.219	0.564
566	7.109	62.027	2.443	45.233	0.51
567	8.342	64.204	2.745	44.064	0.536
568	8.437	64.425	2.683	44.878	0.54
569	7.58	62.334	2.535	44.338	0.499
570	8.263	66.021	2.816	45.072	0.533
571	7.995	60.109	2.626	42.682	0.475
572	7.858	61.458	2.546	42.212	0.519
573	8.144	65.553	2.703	44.966	0.538
574	7.827	61.405	2.641	44.402	0.459
575	7.419	65.401	2.441	44.38	0.535
576	9.138	65.854	2.825	44.516	0.536
577	8.053	66.754	2.748	46.113	0.582
578	8.412	58.87	2.738	40.705	0.451
579	7.189	66.045	2.426	46.459	0.56
580	8.17	62.794	2.642	43.519	0.511
581	7.857	60.474	2.589	42.724	0.465
582	7.917	61.588	2.464	43.063	0.495
583	8.22	63.794	2.662	42.021	0.563
584	8.381	72.202	2.637	46.204	0.617
585	7.394	56.015	2.258	38.526	0.481
586	8.457	70.44	2.657	47.595	0.588
587	7.721	58.638	2.467	42.727	0.479
588	8.609	62.363	2.816	42.673	0.481
589	9.029	64.86	2.79	44.291	0.561
590	9.161	66.814	2.876	45.625	0.547
591	8.432	62.525	2.763	42.633	0.509
592	8.61	61.6	2.631	42.786	0.478
593	8.632	66.637	2.76	45.639	0.542
594	6.808	58.571	2.316	41.539	0.488
595	8.15	62.881	2.723	43.319	0.512
596	8.025	62.189	2.679	42.598	0.473
597	8.443	60.357	2.687	40.02	0.471
598	8.145	62.376	2.72	43.711	0.524
599	8.868	63.821	2.727	43.851	0.52
600	8.309	68.886	2.86	48.621	0.589
601	8.771	62.939	2.782	45.53	0.507
602	7.807	64.715	2.62	45.157	0.549
603	8.434	65.0	2.758	46.06	0.544
604	7.914	60.308	2.524	42.683	0.522
605	7.825	65.818	2.624	45.536	0.56
606	8.221	60.369	2.642	42.227	0.48
607	8.457	65.3	2.647	45.413	0.532
608	8.187	64.707	2.594	45.166	0.52
609	8.486	65.181	2.734	44.51	0.549
610	7.867	61.905	2.469	41.167	0.506
611	7.786	61.353	2.592	43.344	0.502
612	7.818	62.039	2.606	42.269	0.491
613	8.018	64.001	2.633	44.542	0.54
614	8.494	70.133	2.878	47.206	0.575
615	8.232	64.277	2.657	44.647	0.548
616	7.713	59.18	2.522	41.728	0.47
617	7.43	65.492	2.564	45.87	0.536
618	8.522	68.393	2.862	47.574	0.583
619	7.76	66.13	2.558	44.828	0.518
620	7.639	61.683	2.477	41.93	0.524
621	8.051	64.239	2.677	45.272	0.567
622	8.792	71.735	2.909	48.006	0.63
623	9.152	67.899	2.812	46.491	0.576
624	8.372	65.678	2.649	45.288	0.55
625	7.505	62.798	2.502	43.872	0.519
626	7.671	65.657	2.638	46.939	0.509
627	7.681	63.847	2.466	43.7	0.54
628	9.683	67.195	2.986	44.872	0.524
629	8.441	67.365	2.845	46.716	0.546
630	8.545	69.197	2.744	46.839	0.582
631	7.876	61.572	2.708	46.511	0.492
632	8.255	67.184	2.695	45.373	0.593
633	8.594	65.626	2.69	45.571	0.565
634	8.252	62.004	2.733	42.321	0.496
635	8.696	66.256	2.818	46.124	0.548
636	8.747	64.367	2.821	45.509	0.561
637	8.19	62.516	2.654	43.476	0.533
638	8.096	66.911	2.638	45.978	0.574
639	9.592	69.849	3.044	46.765	0.557
640	7.945	63.707	2.569	44.401	0.52
641	7.297	54.447	2.287	36.712	0.454
642	8.33	61.469	2.744	43.845	0.5
643	9.235	67.141	3.008	46.593	0.534
644	6.364	55.496	2.201	37.686	0.472
645	8.064	65.375	2.645	44.059	0.511
646	7.671	57.218	2.496	40.592	0.449
647	8.589	66.889	2.693	44.439	0.522
648	7.839	63.64	2.529	41.896	0.544
649	7.254	61.19	2.478	42.173	0.481
650	8.799	68.198	2.828	45.983	0.583
651	8.342	61.278	2.61	42.423	0.488
652	8.292	64.684	2.639	45.019	0.523
653	7.648	60.06	2.478	40.669	0.499
654	7.952	64.939	2.648	45.239	0.554
655	8.645	64.835	2.694	44.876	0.541
656	7.207	57.898	2.43	40.36	0.481
657	8.009	60.052	2.644	43.029	0.499
658	8.041	65.767	2.729	45.926	0.516
659	8.351	68.618	2.829	47.214	0.559
660	9.882	67.274	3.222	46.749	0.511
661	7.603	60.457	2.582	42.803	0.5
662	8.085	60.44	2.648	43.665	0.496
663	7.473	59.71	2.339	41.066	0.516
664	8.713	70.861	2.938	49.035	0.559
665	8.025	65.604	2.626	45.978	0.531
666	8.82	68.802	2.798	47.728	0.564
667	7.754	65.183	2.528	45.28	0.578
668	7.822	65.801	2.552	44.54	0.544
669	8.359	59.006	2.54	41.154	0.494
670	8.314	64.518	2.628	43.526	0.526
671	8.056	69.903	2.63	46.347	0.555
672	8.67	62.752	2.816	44.445	0.494
673	8.415	61.484	2.72	44.495	0.482
674	9.737	65.379	3.109	46.785	0.524
675	7.777	62.051	2.57	43.066	0.539
676	8.409	66.823	2.671	46.025	0.56
677	7.933	59.857	2.684	42.353	0.483
678	7.423	60.962	2.438	41.959	0.49
679	8.656	64.153	2.725	44.107	0.51
680	8.407	64.819	2.709	43.069	0.534
681	8.211	69.273	2.65	46.188	0.572
682	7.17	58.974	2.329	40.044	0.498
683	7.953	58.191	2.573	40.417	0.474
684	9.977	71.128	3.216	48.066	0.569
685	8.08	61.968	2.457	41.959	0.504
686	7.82	64.103	2.564	44.052	0.541
687	7.391	56.278	2.452	39.086	0.452
688	8.527	65.27	2.744	45.542	0.516
689	7.773	62.352	2.658	43.335	0.532
690	8.784	68.978	2.828	49.083	0.574
691	7.892	62.589	2.538	42.556	0.496
692	7.549	64.748	2.613	45.867	0.528
693	8.549	67.563	2.819	45.799	0.546
694	10.413	67.288	3.418	45.216	0.524
695	7.233	62.025	2.401	43.718	0.53
696	7.876	61.296	2.692	45.413	0.519
697	8.286	65.794	2.795	47.894	0.552
698	7.879	61.32	2.562	42.68	0.505
699	7.952	60.887	2.688	43.509	0.503
700	9.261	67.439	2.906	46.566	0.572
701	8.196	63.533	2.713	46.113	0.518
702	6.564	57.87	2.184	38.952	0.493
703	7.803	60.28	2.551	42.526	0.495
704	8.332	64.654	2.683	44.907	0.525
705	7.995	62.684	2.559	44.582	0.501
706	6.986	59.698	2.302	40.302	0.526
707	8.391	58.308	2.663	39.165	0.482
708	7.703	64.866	2.573	44.705	0.552
709	7.462	65.972	2.66	44.853	0.534
710	7.453	65.257	2.488	45.036	0.557
711	9.008	59.236	2.768	41.881	0.434
712	7.764	61.987	2.563	43.055	0.509
713	7.773	64.83	2.579	44.286	0.51
714	8.028	61.171	2.661	42.995	0.466
715	8.002	66.118	2.712	46.381	0.561
716	7.59	61.983	2.617	43.567	0.504
717	8.24	60.734	2.708	43.123	0.507
718	9.698	69.994	3.135	46.934	0.542
719	8.478	67.717	2.87	46.928	0.545
720	7.918	58.457	2.471	39.94	0.495
721	7.861	62.218	2.501	43.268	0.505
722	7.619	64.008	2.559	44.568	0.528
723	8.094	66.316	2.672	47.87	0.542
724	8.853	69.217	2.874	46.506	0.526
725	7.703	62.341	2.53	43.835	0.485
726	7.396	63.297	2.45	44.56	0.536
727	8.288	62.691	2.58	43.56	0.491
728	8.568	66.722	2.927	47.034	0.503
729	7.788	60.755	2.665	43.0	0.491
730	8.462	64.332	2.697	44.194	0.511
731	8.312	64.011	2.739	45.771	0.51
732	7.939	66.496	2.545	44.84	0.552
733	8.029	62.874	2.696	43.718	0.515
734	7.393	66.612	2.501	46.162	0.554
735	7.315	63.19	2.428	44.84	0.502
736	7.427	55.155	2.435	39.817	0.449
737	7.531	60.497	2.505	42.493	0.474
738	8.779	67.579	2.787	47.063	0.538
739	8.374	63.626	2.647	43.798	0.513
740	7.788	62.838	2.585	43.143	0.504
741	8.15	61.731	2.63	41.328	0.513
742	8.607	68.361	2.954	47.12	0.527
743	8.345	63.458	2.702	44.484	0.532
744	8.547	65.329	2.75	44.557	0.505
745	8.047	71.527	2.704	47.735	0.607
746	8.373	67.97	2.726	47.218	0.53
747	8.061	63.445	2.705	44.637	0.521
748	9.559	62.199	2.984	45.19	0.505
749	8.49	66.438	2.555	44.252	0.547
750	8.746	57.044	2.627	39.46	0.447
751	8.781	58.734	2.915	38.226	0.486
752	8.633	63.65	2.89	43.155	0.519
753	7.671	54.331	2.491	38.26	0.417
754	7.816	62.842	2.63	44.362	0.542
755	8.178	64.721	2.682	45.402	0.491
756	10.22	69.024	3.079	46.36	0.549
757	8.275	60.417	2.684	42.367	0.502
758	8.518	66.854	2.862	47.769	0.569
759	8.132	63.349	2.643	44.202	0.526
760	8.275	68.43	2.807	47.627	0.572
761	8.455	61.567	2.764	45.514	0.517
762	8.146	64.0	2.695	44.348	0.552
763	10.353	67.562	3.395	45.221	0.526
764	7.558	62.609	2.515	42.742	0.503
765	8.026	71.363	2.68	47.54	0.586
766	7.308	64.098	2.53	44.776	0.506
767	8.132	68.792	2.677	47.109	0.557
768	7.834	59.899	2.582	42.486	0.482
769	8.453	63.569	2.634	45.207	0.52
770	8.515	68.103	2.723	48.234	0.554
771	9.528	71.037	3.078	48.253	0.571
772	7.931	64.612	2.617	44.37	0.529
773	8.414	71.238	2.788	47.761	0.578
774	8.724	64.217	2.677	45.477	0.546
775	7.723	63.051	2.552	44.957	0.548
776	8.573	70.745	2.879	48.072	0.603
777	7.705	63.498	2.644	44.172	0.544
778	7.77	58.521	2.519	40.749	0.488
779	9.637	67.734	3.095	46.109	0.519
780	9.353	65.878	3.052	44.624	0.531
781	7.397	56.671	2.489	39.999	0.458
782	7.893	63.101	2.65	43.918	0.513
783	7.081	61.601	2.401	41.71	0.53
784	7.815	61.125	2.563	43.048	0.521
785	8.94	65.981	2.829	47.467	0.542
786	8.237	64.81	2.773	45.569	0.511
787	9.112	69.046	2.851	48.312	0.598
788	7.635	64.816	2.754	45.863	0.538
789	7.738	61.583	2.579	41.412	0.497
790	7.946	63.077	2.622	44.218	0.528
791	7.473	62.304	2.472	42.721	0.518
792	8.28	58.778	2.687	39.614	0.501
793	7.529	59.912	2.446	40.879	0.515
794	8.808	61.668	2.967	42.972	0.505
795	9.223	62.57	2.986	42.35	0.496
796	10.915	68.622	3.571	46.821	0.522
797	7.364	59.424	2.446	40.649	0.503
798	8.404	65.175	2.836	45.171	0.533
799	7.732	67.239	2.541	46.922	0.57
800	9.062	65.684	2.861	44.215	0.555
801	9.391	69.424	2.903	45.309	0.579
802	8.05	64.802	2.592	44.961	0.528
803	8.025	65.594	2.523	45.558	0.586
804	9.13	68.733	2.831	46.687	0.545
805	8.675	66.991	2.881	46.296	0.549
806	8.579	66.939	2.816	45.009	0.539
807	9.909	68.144	3.254	47.491	0.52
808	7.904	59.456	2.567	40.328	0.454
809	7.586	66.119	2.552	44.739	0.587
810	7.725	67.427	2.6	47.149	0.577
811	7.599	63.144	2.486	44.685	0.54
812	7.544	66.092	2.458	44.654	0.524
813	7.345	59.063	2.58	40.415	0.457
814	8.555	68.16	2.743	47.023	0.588
815	8.174	68.444	2.79	46.899	0.559
816	8.222	63.94	2.656	44.073	0.495
817	8.494	63.73	2.835	46.007	0.502
818	8.358	71.769	2.782	49.125	0.6
819	8.533	53.885	2.572	36.852	0.421
820	9.027	62.879	2.93	43.676	0.53
821	7.023	61.574	2.339	42.265	0.5
822	8.848	62.539	2.91	44.896	0.502
823	8.487	65.34	2.731	44.656	0.525
824	9.797	65.174	2.954	43.487	0.5
825	8.173	66.358	2.706	45.807	0.521
826	7.526	63.486	2.503	44.539	0.486
827	8.013	66.535	2.628	46.168	0.561
828	8.317	62.544	2.791	45.471	0.493
829	7.729	59.913	2.579	42.264	0.504
830	7.976	58.355	2.556	40.166	0.494
831	7.623	64.269	2.66	45.193	0.503
832	8.349	62.295	2.779	42.818	0.501
833	9.976	70.726	3.149	48.521	0.55
834	7.868	63.036	2.671	44.189	0.526
835	7.281	62.708	2.419	43.553	0.508
836	7.525	60.085	2.491	43.505	0.497
837	6.996	60.15	2.339	40.946	0.515
838	8.062	61.209	2.556	42.988	0.509
839	8.053	68.326	2.556	45.702	0.575
840	9.747	67.33	3.105	45.747	0.559
841	7.712	60.372	2.486	43.176	0.495
842	7.581	58.714	2.626	41.526	0.485
843	8.725	65.817	2.892	46.015	0.534
844	7.257	60.123	2.375	42.568	0.498
845	8.195	60.244	2.611	41.686	0.495
846	7.504	61.365	2.454	42.894	0.521
847	7.854	62.518	2.609	41.911	0.507
848	7.877	65.157	2.552	45.587	0.529
849	8.73	63.425	2.821	44.251	0.503
850	8.959	70.673	2.831	46.972	0.596
851	7.684	60.27	2.561	42.688	0.47
852	8.049	64.121	2.651	43.714	0.565
853	7.373	62.909	2.476	44.15	0.52
854	7.534	59.513	2.497	42.052	0.462
855	9.199	67.647	3.136	46.416	0.535
856	9.215	71.28	2.938	48.864	0.579
857	7.361	65.384	2.437	44.834	0.521
858	8.344	64.095	2.697	43.392	0.523
859	7.929	65.757	2.737	46.419	0.567
860	7.535	67.197	2.526	47.379	0.563
861	8.062	62.851	2.643	45.654	0.501
862	8.404	59.82	2.699	42.519	0.474
863	7.89	58.954	2.634	41.207	0.492
864	7.568	65.541	2.548	46.008	0.564
865	7.228	64.288	2.387	44.732	0.523
866	8.253	69.663	2.85	48.224	0.594
867	7.617	63.91	2.637	44.669	0.53
868	8.688	70.042	2.867	46.31	0.553
869	9.57	66.156	3.052	44.967	0.504
870	7.989	65.453	2.708	46.306	0.526
871	8.077	62.974	2.593	43.506	0.524
872	7.497	57.298	2.386	41.087	0.463
873	7.928	63.142	2.624	43.838	0.505
874	9.099	68.074	3.004	46.57	0.575
875	7.847	65.917	2.686	45.724	0.559
876	7.488	60.861	2.438	42.587	0.524
877	7.589	60.877	2.52	40.646	0.506
878	7.227	59.505	2.475	40.115	0.457
879	9.284	65.259	2.863	44.726	0.542
880	8.265	63.392	2.729	45.577	0.48
881	9.025	58.636	2.878	42.251	0.463
882	8.248	60.219	2.713	41.751	0.498
883	8.282	62.359	2.582	42.812	0.532
884	8.547	68.264	2.729	48.196	0.572
885	9.376	67.673	3.057	45.245	0.545
886	8.105	62.37	2.622	43.105	0.505
887	8.779	69.863	2.806	47.845	0.557
888	8.292	66.761	2.701	46.877	0.583
889	8.605	58.92	2.681	41.99	0.466
890	8.012	64.564	2.672	44.625	0.52
891	7.327	59.401	2.37	42.482	0.513
892	7.941	58.805	2.517	42.535	0.451
893	8.192	60.991	2.634	42.229	0.484
894	7.924	64.238	2.485	44.242	0.539
895	7.404	61.964	2.47	43.687	0.508
896	7.357	60.683	2.54	42.501	0.477
897	7.871	70.54	2.628	48.207	0.556
898	8.358	63.063	2.714	43.844	0.54
899	9.475	67.62	3.043	45.3	0.517
900	7.283	61.102	2.467	42.931	0.486
901	7.754	61.722	2.625	43.56	0.498
902	9.243	70.336	3.047	46.496	0.577
903	7.811	63.382	2.551	42.827	0.533
904	7.972	63.956	2.628	45.429	0.54
905	9.132	71.891	3.061	48.014	0.574
906	7.321	61.04	2.404	41.448	0.52
907	8.051	60.441	2.594	43.684	0.483
908	7.685	63.971	2.525	45.202	0.552
909	7.57	62.751	2.479	42.942	0.525
910	9.168	67.498	2.984	43.566	0.532
911	8.559	67.579	2.727	47.45	0.568
912	8.097	66.269	2.751	44.623	0.553
913	9.203	67.567	2.896	46.823	0.55
914	7.128	61.009	2.359	42.569	0.499
915	8.499	68.456	2.708	46.216	0.57
916	7.745	67.024	2.619	45.357	0.549
917	7.438	60.39	2.527	42.076	0.484
918	8.529	68.94	2.772	48.482	0.584
919	8.836	68.485	3.01	47.96	0.577
920	8.552	65.269	2.716	44.972	0.554
921	7.668	60.881	2.534	42.724	0.496
922	7.223	56.853	2.417	40.65	0.439
923	9.036	62.077	2.962	42.794	0.491
924	7.981	65.908	2.632	46.719	0.603
925	7.228	63.625	2.455	44.739	0.538
926	7.742	58.068	2.573	40.049	0.448
927	7.65	64.043	2.539	44.913	0.55
928	8.893	67.96	2.981	46.186	0.541
929	8.728	69.781	2.976	46.565	0.562
930	8.076	64.117	2.676	43.262	0.559
931	9.528	61.908	3.068	42.05	0.477
932	9.461	69.772	3.095	47.014	0.547
933	8.107	59.898	2.631	40.907	0.487
934	7.869	67.978	2.67	46.897	0.552
935	8.791	65.173	2.8	44.119	0.532
936	8.391	68.616	2.831	49.059	0.57
937	7.114	63.156	2.385	43.675	0.532
938	8.913	63.985	2.789	44.261	0.51
939	7.358	62.053	2.587	44.224	0.508
940	7.838	65.565	2.625	46.044	0.539
941	10.291	66.035	3.403	43.672	0.501
942	7.941	57.029	2.625	40.436	0.469
943	8.443	61.467	2.82	43.121	0.52
944	7.672	64.563	2.607	44.51	0.53
945	8.627	72.207	2.734	48.489	0.616
946	8.36	66.967	2.837	46.442	0.521
947	8.182	59.42	2.573	42.643	0.486
948	8.158	68.032	2.796	47.186	0.523
949	8.431	66.727	2.859	45.775	0.501
950	8.396	67.352	2.814	47.368	0.559
951	7.845	63.169	2.67	45.524	0.512
952	7.497	58.445	2.509	41.188	0.473
953	8.318	67.657	2.796	46.831	0.523
954	8.453	67.457	2.764	47.085	0.544
955	7.084	64.016	2.5	45.119	0.519
956	7.788	60.025	2.514	40.367	0.484
957	7.992	68.732	2.764	47.957	0.609
958	7.557	59.913	2.435	40.938	0.474
959	8.705	71.509	2.949	49.385	0.559
960	7.754	66.28	2.561	45.074	0.527
961	7.768	58.515	2.502	41.015	0.482
962	8.383	68.515	2.737	46.172	0.586
963	8.354	66.709	2.765	45.922	0.573
964	9.953	66.634	3.291	46.031	0.531
965	8.563	64.898	2.715	44.376	0.491
966	8.179	56.986	2.58	38.479	0.438
967	7.89	63.889	2.564	43.747	0.526
968	8.453	69.505	2.861	48.207	0.551
969	8.389	64.799	2.737	44.334	0.549
970	8.377	61.554	2.729	43.47	0.491
971	7.237	58.841	2.383	40.641	0.489
972	8.721	59.15	2.635	40.238	0.474
973	8.154	63.173	2.717	43.03	0.498
974	8.261	65.167	2.739	42.979	0.527
975	7.695	58.702	2.517	42.532	0.448
976	8.174	64.79	2.62	44.317	0.535
977	8.257	64.748	2.725	44.746	0.507
978	9.429	68.714	2.941	46.331	0.574
979	7.708	66.075	2.574	45.603	0.543
980	8.807	63.476	2.837	43.985	0.503
981	8.735	68.138	2.788	46.108	0.571
982	8.937	66.368	2.841	45.461	0.52
983	7.07	63.397	2.321	42.371	0.546
984	7.421	61.006	2.534	44.571	0.507
985	9.462	61.206	3.006	42.779	0.464
986	9.452	59.845	3.102	42.601	0.434
987	8.327	66.41	2.699	46.093	0.541
988	8.246	65.071	2.683	42.618	0.519
989	7.59	61.876	2.604	44.036	0.493
990	7.136	62.17	2.422	43.318	0.491
991	7.571	63.67	2.543	44.702	0.514
992	6.758	58.466	2.296	40.368	0.505
993	7.385	60.022	2.487	41.48	0.491
994	8.031	59.73	2.549	42.029	0.512
995	7.725	63.057	2.533	42.795	0.538
996	10.372	68.245	3.173	45.587	0.579
997	8.473	63.579	2.729	46.218	0.521
998	10.422	67.911	3.287	47.836	0.508
999	9.694	69.896	2.954	47.667	0.573
1000	7.876	65.415	2.619	44.693	0.535
