MutationType	DBS78A	DBS78B	DBS78C	DBS78D	DBS78E	DBS78F	DBS78G	DBS78H	DBS78I	DBS78J	DBS78K	DBS78L	DBS78M	DBS78N	DBS78O
AC>CA	0.0001344146582698855	2.417972049124566e-07	2.4892220895949494e-07	0.007089895981279578	0.008188541979767098	0.009813514192920718	0.036940310719593424	0.004100397195996818	0.034116398161999996	0.009758076163500058	0.0028276338923698147	0.0015658918161044735	0.00996509039347877	0.009083627148818977	0.006624682862971121
AC>CG	0.0010862663047089582	3.950458791367158e-07	2.875720893972063e-07	0.00012712056937075257	0.00043981210726998276	0.0018316431085535353	0.000578044843183237	0.0013304947002092111	0.00027454322732336687	0.0009253171282956327	0.0002904915624828004	0.005987774871283634	0.0006293867714578043	0.003401470763820753	0.0007657566396981665
AC>CT	0.0005002505953451212	2.799500815445335e-07	6.132695498180905e-05	0.004584280252254946	0.02107641270533172	0.010504915889095868	0.029396736246438022	0.006114140830653797	0.0028384266867088263	0.007336514956922499	0.0036363205010153284	0.0037148919138430023	0.019473382555977515	0.0058901712370973275	0.010018748418845614
AC>GA	0.001016692063897477	2.050127665566886e-07	3.0490021620819146e-05	0.017659065125559717	0.013930821589458728	0.01832828409764859	0.007719099130172673	0.023078824035985646	0.002681035942351981	0.017196795248235794	0.004401527642960815	0.010725926063056139	0.014678645484483048	0.017690933275737904	0.013661719545812682
AC>GG	0.001131780054227834	3.948401375698315e-07	2.8830976869055496e-07	0.00015429168532395753	0.0006298314610339239	0.0019749436388168807	0.0002637994628640825	0.0010884223248707001	0.00019810489115508037	0.000687377063960129	0.0003610805011303661	0.006406379055813293	0.0005944743038298059	0.003414686833816429	0.0008385147095075709
AC>GT	0.0006872411088843864	0.00444596409420562	0.004180675004339054	0.0020567445904608028	0.0034322424675340838	0.00645870920108939	0.006847034978620099	0.003324174181556389	0.010371621016554979	0.004975050954286077	0.012373026155825044	0.001497828850291364	0.003160969453336744	0.002393460781212517	0.00828125862156094
AC>TA	0.0007662970482208045	0.004472821428317428	0.004191363967628901	0.006485711830773275	0.009600260823679228	0.008360666815438912	0.01072231789517274	0.0025987160034832853	0.0022626394557725728	0.004836259466950388	0.007362435086676812	0.0031378671238193965	0.006881059284897276	0.006008809080278171	0.017053809203063864
AC>TG	1.6041734020439353e-06	4.359192523132162e-07	3.795550225967915e-07	4.262743588911527e-06	6.117752008997203e-06	4.455868223461684e-06	1.0184842478289494e-05	5.639044281119471e-06	6.8945649313802305e-06	9.98261004856358e-06	1.246252678695319e-05	7.885864600342716e-06	1.1574150613051632e-05	3.984436558725366e-06	9.825481480164715e-06
AC>TT	0.0007738987023812554	1.5369205481240347e-07	2.2384696919545097e-07	0.010292498555208337	0.006452163817842014	0.015033151480883621	0.04938116293804033	0.0066061456535445855	0.008813529540707972	0.01691972532062891	0.04721436827864963	0.006084061923208541	0.026067129247045663	0.018735858713928362	0.011022101826035417
AT>CA	0.00012779205491191036	3.7532800302862974e-07	3.370594509801556e-07	0.0073099342584733	0.001973389639696287	0.005173423719563374	0.004959828612484344	0.001956987784942886	0.0007239053842687246	0.0033405025575658303	0.00150736274809666	0.0012365500195564492	0.005302340440120209	0.003986277791674982	0.0042662520682098535
AT>CC	0.000176105892878132	4.2802759005175334e-07	3.589899923513463e-07	0.0002522258012481612	0.0009856397805570306	0.0014090031204900299	0.0019820093281542896	2.8679689557273817e-05	2.8339797452407322e-05	0.00032898636092531245	0.0003348957959400323	2.700874838344654e-05	0.0009049940938487091	0.00034349714565769116	0.0001529771732935579
AT>CG	1.6041734020439353e-06	4.359192523132162e-07	3.795550225967915e-07	4.262743588911527e-06	6.117752008997203e-06	4.455868223461684e-06	1.0184842478289494e-05	5.639044281119471e-06	6.8945649313802305e-06	9.98261004856358e-06	1.246252678695319e-05	7.885864600342716e-06	1.1574150613051632e-05	3.984436558725366e-06	9.825481480164715e-06
AT>GA	9.921086338929535e-05	3.027758110540856e-07	3.755198409433111e-05	0.017749372743387455	0.009862080625981018	0.010742189495454997	0.00882009461275855	0.004639299971210728	0.002634254350846405	0.02216806585731513	0.012014057130003078	0.006642206292891846	0.01309049697690951	0.013327455757203094	0.010036073253219585
AT>GC	0.00017259215633131105	0.004353444221240437	2.7301547970871745e-07	0.0012586731479296573	0.0022157932267841316	0.003485817710159676	0.005256310795101941	0.0006467852060118259	0.0006828361731750609	0.0024565750109874942	0.0009679283969093696	0.0012042147215699432	0.01554681373396045	0.002544053712144014	0.0017809017367324653
AT>TA	0.001316400149228794	2.0859343201744697e-07	0.005035155830050343	0.018342879193627874	0.010906119924677651	0.011364312091792539	0.009023948274558193	0.010605215930851229	0.002496445268322418	0.015140903507039116	0.0016655657541706757	0.013854912962550231	0.009216905904646105	0.016689657456944465	0.03990760462906849
CC>AA	0.003469748488914171	0.07854002411538347	0.11436329954873915	0.05223143796258126	0.02791976002718125	0.03580191594166112	0.013116005738238758	0.3057351848723465	0.0329583160377573	0.03315618864319589	0.024393553342135905	0.015250638490928064	0.009405623406459717	0.022100286562390627	0.04394085455688
CC>AG	0.0021473836353977853	0.014285694499226377	0.019032413693471025	0.01350842341710531	0.018581909528336004	0.023112170294094774	0.014082559494675106	0.011181643119130747	0.003090282023432447	0.010210348477011225	0.00306478677700068	0.007525820743295748	0.020570764708722763	0.013241656190529468	0.0240182124364674
CC>AT	0.00017796078362443643	0.008841646449762815	0.044331023562365846	0.05293656048887834	0.32235900013885493	0.043247923472985304	0.04091204468457604	0.050014149798471415	0.04909186286106619	0.02277304483033597	0.004725761648750149	0.04302975972804889	0.025443670084806073	0.0247567637956574	0.06312177644047065
CC>GA	4.7627137347781175e-05	2.6659587192786294e-07	0.00430226700870208	0.00837725974427597	0.011207964715661961	0.012014700179480264	0.009390065225088673	0.028779944480171363	0.00539208188777934	0.019555558821067336	0.006692660778460144	0.0020811190945318847	0.008497212028914465	0.006720693193241358	0.009398843540211005
CC>GG	0.0024306920293323156	2.9870683129363053e-07	0.0044668468051907466	0.0013354456793388991	0.0017807431202247431	0.00559536970113449	0.0037275307976791993	0.0024315905197240945	0.0009530735692104915	0.004246148917742586	0.0015636784374814256	0.01427298572264456	0.014160811208825836	0.010694591623862632	0.002907631132652746
CC>GT	0.004145149839035673	1.3876787611306684e-07	0.00411859478630882	0.013753174188847077	0.043073918693596766	0.019779481701111705	0.025140596456683567	0.011393005221968863	0.02949817582160003	0.05239115959093522	0.0033747297853982225	0.017184670804861527	0.027043639582920248	0.01728441279739709	0.01587872034921968
CC>TA	0.005256328919817456	0.004328591888398134	0.026672971257507738	0.006043320980961371	0.012114261116598959	0.014321093676271083	0.009812416148942587	0.010814834936610597	0.0014916395333139753	0.026410909131283047	0.007280806220836585	0.48901752076730104	0.007893859651665487	0.016153127592177075	0.008950171996012675
CC>TG	0.00012540384241638253	0.00479936852590883	1.786506030821704e-07	0.015236183841750538	0.014770981017459313	0.015304843288640957	0.011695990341942915	0.0029450525437384554	0.0019098329130688356	0.020797611955047722	0.014193535522997323	0.015744650097821916	0.16916469243753543	0.01167117095986145	0.007001038335231305
CC>TT	0.949154935697246	0.0038253414449515577	0.050200860312270806	0.01371823132870837	0.014563201101364128	0.227982728092454	0.015975799690720435	0.017591307624108345	0.007079453975601707	0.016219734529716878	0.004549301736488177	0.028604819739302654	0.02924231391970587	0.31902899627165426	0.011231373518322353
CG>AT	2.9205705961473454e-07	0.0043759122453237605	2.643259460419768e-07	0.005978855537539715	0.0038561074010334444	0.0038710910656971557	0.0006932540350954135	0.0016995988454038265	0.0012011138775482853	0.0024732686095471604	0.0001463223992488913	0.0007831579853585899	0.004317369190064095	0.003395833509272403	0.002142509093465783
CG>GC	1.6041734020439353e-06	4.359192523132162e-07	3.795550225967915e-07	4.262743588911527e-06	6.117752008997203e-06	4.455868223461684e-06	1.0184842478289494e-05	5.639044281119471e-06	6.8945649313802305e-06	9.98261004856358e-06	1.246252678695319e-05	7.885864600342716e-06	1.1574150613051632e-05	3.984436558725366e-06	9.825481480164715e-06
CG>GT	1.0159650744363196e-06	0.004619006289079664	3.0863948533206447e-07	4.344573445420247e-06	5.8126402641261075e-06	4.291716056517644e-06	1.004799786671106e-05	5.597568987474943e-06	7.1262671738717215e-06	9.797031665991584e-06	1.2874105046778466e-05	7.153364550189839e-06	1.1098882391531326e-05	3.911478650865146e-06	9.587873254260491e-06
CG>TA	1.6041734020439353e-06	4.359192523132162e-07	3.795550225967915e-07	4.262743588911527e-06	6.117752008997203e-06	4.455868223461684e-06	1.0184842478289494e-05	5.639044281119471e-06	6.8945649313802305e-06	9.98261004856358e-06	1.246252678695319e-05	7.885864600342716e-06	1.1574150613051632e-05	3.984436558725366e-06	9.825481480164715e-06
CG>TC	0.0009711047778004913	0.0048401016211774926	3.020483071622526e-05	0.004568162277345362	0.0034242111186306	0.004014480490253524	0.003258269074703526	0.00208172392537816	0.001990046706324812	0.0029535066828964	0.000984927877014258	0.006973854744453034	0.0051065587182009655	0.00873384778551164	0.011367990955716958
CG>TT	8.510812475692624e-07	4.303595464931195e-07	3.6445156840072656e-07	0.004070033445704563	1.3858491923205526e-05	0.0003240225051043606	0.00010948358856697922	3.947240777412203e-05	6.647647055824088e-06	5.91838016840823e-05	1.2152130515352937e-05	7.938688186753329e-06	3.513062004508778e-05	0.0019893669845707034	9.555223610794973e-06
CT>AA	3.1954400034243794e-05	0.018392786454618025	0.1291888316829227	0.003395571558343078	0.0074437759820710795	0.008576332530339634	0.006683085723566476	0.007734150189447398	0.00033949328059116067	0.004842753751067486	0.005618107832200281	0.0009872082876010342	0.005409501075516791	0.0025541764093380136	0.014448675380303996
CT>AC	0.00024223975200444179	0.5941018711006463	0.1078960454464055	0.0023934429662223265	0.004201716431814248	0.011231921565238426	0.0038109113012215886	0.002494376209721224	0.000126716929313898	0.0021645128016196235	0.00015228653597768597	0.0014938319865400503	0.0039497808875546495	0.0042064431276790945	0.005918568570350142
CT>AG	0.00013508516781662798	2.738216030406874e-07	0.03326207574941307	0.004694274826857699	0.005740378355528124	0.005450192302599869	0.005637125580427213	0.0033903394826085547	0.0013465385845988385	0.0022510562972254747	0.0004768327409528058	0.0007800545616587489	0.005850116790642159	0.0036929661744177457	0.012532819542230594
CT>GA	3.810154324319898e-07	3.517852257747671e-07	0.01840748410326892	0.0009834018085298664	0.0018297474977479109	0.0010967133892632172	0.004880687121098566	0.0012520984135193807	0.005303146348586484	0.004868153397273801	0.0002122550909700408	0.0003062365728748256	0.0008726621294819794	0.0016452004873332173	0.0003129900157580001
CT>GC	0.00016712925039592656	4.1194849181430525e-07	0.004608431391424926	0.00016364003822200425	0.0009936647893532568	0.0011616348552738222	0.001672733901889383	0.0001426412994272009	3.612198031220047e-05	0.00019242234884658067	0.00033149659511825066	5.937033700794947e-05	0.0008381502683392003	0.0003817765344355975	0.00012282649057512607
CT>GG	9.982224211407192e-05	2.5945042943311535e-07	3.01113142149432e-07	0.020163608369583676	0.006975084542627995	0.01373053827423464	0.011151760641934912	0.0065107540047883335	0.003034134012538082	0.009638911102247518	0.0029185649377984377	0.0031172262537762004	0.014858544715805748	0.014555029347024472	0.017438275349284077
CT>TA	1.5622351650002968e-07	1.335992101258642e-07	0.01274255178787813	0.04025516029278573	0.006630045460296398	0.01614387231440308	0.008426671916656216	0.026160754766747046	0.018270012057348937	0.015372079850832275	0.002564317586466421	0.013017886667110888	0.014893698309396188	0.016605280011571032	0.009200077147139238
CT>TC	9.765863127997059e-05	2.2193278905905983e-07	0.009109512586502673	0.02056666338984652	0.018875638409022396	0.00881702686098662	0.13567272477434245	0.005567500616663819	0.0040944472949073565	0.010093428106913802	0.005465824360031394	0.008141390209281405	0.006441788221133144	0.012634391481189439	0.005236878023573534
CT>TG	0.0004089736953831833	3.3773637888332137e-07	0.008908552188184905	0.01118524050419898	0.0025761528398651284	0.0055218538030796	0.00518676617405086	0.005628008525174234	0.0004115032076558179	0.004585341226131513	0.004512953345238832	0.0005601532761740156	0.0029995987868115595	0.006016194900789941	0.0008382745096793603
GC>AA	0.0042256919594641385	0.004173595148890011	0.021234727007107875	0.017031688234325857	0.005252486286579512	0.015181937941951334	0.0135123183886761	0.023030874860691743	0.011618374091404505	0.009349497219493352	0.49564117191782825	0.006008738620021123	0.015772437583184303	0.015893790185760755	0.012806313779069814
GC>AG	0.00014063043471485367	0.013300207799733649	0.008477385862591873	0.01518431304351149	0.014729065129203328	0.034324073767636784	0.013747036931856502	0.008708335992021981	0.01303879468019639	0.018720844440132764	0.032673849652150484	0.01756803723313638	0.06725030253909883	0.01168888694239591	0.027327204187658813
GC>AT	1.708973324686982e-05	1.5842549637707351e-07	0.008844769427291859	0.006394475853912553	0.007871033277492409	0.008433808556181253	0.012747167272092604	0.009369203447733147	0.045484022904727965	0.02395879295970691	0.031598952688038535	0.0020739207261099082	0.012260003552518875	0.010991204850635036	0.005409587138146255
GC>CA	6.4800909984072e-05	0.009134406331340064	0.004397792503432731	0.013177647772200292	0.004144939163705687	0.014521286914638554	0.005756297185083527	0.014709565444719644	0.009556635984648358	0.011896051797719395	0.0049756860422314995	0.0047587663227550365	0.020341304030219255	0.006736599926338327	0.0070648838391104765
GC>CG	1.6041734020439353e-06	4.359192523132162e-07	3.795550225967915e-07	4.262743588911527e-06	6.117752008997203e-06	4.455868223461684e-06	1.0184842478289494e-05	5.639044281119471e-06	6.8945649313802305e-06	9.98261004856358e-06	1.246252678695319e-05	7.885864600342716e-06	1.1574150613051632e-05	3.984436558725366e-06	9.825481480164715e-06
GC>TA	5.961231916748548e-06	0.004449160034128019	0.004570657842460258	0.008288594181485805	0.0016774771048257264	0.005553718268882218	0.007023107839688224	0.011956623500436492	0.0005526171389739882	0.005658472694427086	0.019828450363294003	0.0011680413364152707	0.02192219629560347	0.005702924412200443	0.002995271308043027
TA>AT	7.737150309097792e-05	0.004302632845456386	1.8524806982473865e-07	0.008410683181155365	0.011828084517874348	0.012383589407765265	0.012943873424072187	0.005166440447569174	0.02474560207754351	0.01564652603552786	0.007421553054835792	0.007943370908509849	0.013081733895620434	0.01075825770426916	0.009276078789955467
TA>CG	8.511339173594742e-07	4.291927393365088e-07	3.627646641095018e-07	0.00397174815917821	2.2110131560207413e-05	0.0002724766112309528	0.00011946965208722743	4.876992712096282e-05	6.654674674028116e-06	2.809643478380304e-05	1.2131542281590791e-05	7.867443058710403e-06	1.1161095089509213e-05	0.002115094763059611	9.615613062783882e-06
TA>CT	0.00029802468431956676	0.004567433242609353	1.615457245438215e-07	0.00973125862322253	0.005607634038986406	0.008508346460791202	0.013926847986286479	0.02209752547421185	0.015955032063625217	0.019217201135998046	0.027552947168918242	0.0042163917440552505	0.0065278906662474935	0.00818171838348752	0.006090371249810923
TA>GC	1.6041734020439353e-06	4.359192523132162e-07	3.795550225967915e-07	4.262743588911527e-06	6.117752008997203e-06	4.455868223461684e-06	1.0184842478289494e-05	5.639044281119471e-06	6.8945649313802305e-06	9.98261004856358e-06	1.246252678695319e-05	7.885864600342716e-06	1.1574150613051632e-05	3.984436558725366e-06	9.825481480164715e-06
TA>GG	1.6041734020439353e-06	4.359192523132162e-07	3.795550225967915e-07	4.262743588911527e-06	6.117752008997203e-06	4.455868223461684e-06	1.0184842478289494e-05	5.639044281119471e-06	6.8945649313802305e-06	9.98261004856358e-06	1.246252678695319e-05	7.885864600342716e-06	1.1574150613051632e-05	3.984436558725366e-06	9.825481480164715e-06
TA>GT	0.0004899255449763418	4.10039644111236e-07	3.1952624160379253e-07	0.004254299867485871	0.0017765818941923857	0.002885112072966056	0.003547636921164506	0.00021724486365712453	4.6080204910091376e-05	0.0005037767565203098	0.0005759424784680018	7.684236123915305e-05	0.0018127308849943632	0.0027267879801722776	0.00031464555864313144
TC>AA	3.854995744579376e-05	0.018237917804813982	0.09275871771104684	0.016584846513377386	0.029701733890421116	0.022593067694390623	0.013139668418169397	0.012912865504087887	0.36346589677117713	0.014751963310058397	0.005085911974054961	0.004585459927740829	0.01330767059118233	0.00910183761506854	0.021236339307306118
TC>AG	4.8226905781599765e-05	1.064127040787186e-07	0.023455882200672188	0.007076958248569915	0.01770901395605192	0.017889071404030277	0.07309816558323255	0.018099959858412076	0.03801886321673776	0.03392975999381103	0.014373870110740195	0.019587585638001066	0.05201103262394559	0.016646036220450435	0.015737492935367078
TC>AT	0.00024362273587146425	5.471985513787722e-08	0.04036910475798693	0.03465551172469621	0.014522922356599199	0.017173428028234152	0.01432109529772396	0.04132794940927515	0.02152787686868854	0.27651689237284793	0.013679358440234182	0.07252452549020345	0.021551568620748	0.022424353853942203	0.00998263519282492
TC>CA	8.942419460535084e-05	1.5883519399685745e-07	0.004575486181830426	0.03343238844421765	0.025800526254693076	0.02590846801356031	0.017327562449485245	0.04210446555153752	0.005664439826707545	0.02027132796681342	0.011210160711972327	0.007215715503212188	0.017577463547239602	0.017742936758413107	0.01589663849151359
TC>CG	4.997562902724651e-07	0.004489450783209241	2.6065487131512e-07	0.0014874727837192077	0.004770289761571599	0.0022415892750676345	0.0035328076947424747	0.00046763108217477435	0.0012731063850331048	0.00174263983282383	0.000516814638958263	0.0020092771606886224	0.0025693402587150887	0.0019925061277382447	0.006835906966956457
TC>CT	0.0003473612094369537	0.004403944043522481	0.008572389882936043	0.02366770268445108	0.0123197866667307	0.02113743512137329	0.06164233657637265	0.009832202125840482	0.03524644999715471	0.01492527071547835	0.014211448505399769	0.00453444550318152	0.0631077766751457	0.017972301455274425	0.0166801545839759
TC>GA	0.000105774302437285	0.0047673141554639715	0.008715931325251527	0.013326129105342194	0.007118355891419382	0.010471117853995768	0.006818210256352991	0.01391928524285795	0.0013755926786181334	0.009296521743769937	0.0015538822130359037	0.0036698809199330875	0.010828976108860024	0.007309856980648961	0.006018662793023543
TC>GG	0.00016261183845836825	3.4294642375325055e-07	2.984086086068255e-07	0.0011362007596399297	0.00114959258389066	0.0019243351980692467	0.003324499821709176	0.00175234683025051	0.0003700641647717595	0.0014891603672506188	0.010891892610826787	0.0049715031899134204	0.0021283889710870772	0.0012865766728917115	0.005295577579422009
TC>GT	0.002587541813527751	0.004647468221372998	0.004609568957694078	0.021980635666638527	0.012155021535639096	0.016339467394538888	0.01439000081638482	0.02761620885826254	0.026310339929261822	0.020613918822617285	0.003204908297606724	0.01603184127321715	0.015954151005916895	0.01591381779351554	0.010638145293976832
TG>AA	0.000552003137703307	0.004544329718609566	0.023175557831283985	0.009349060800139749	0.004770793377988715	0.00564564541815749	0.010719356954590932	0.0016305939738578527	0.006311943763218941	0.005613204426684337	0.0011533896079905315	0.0003721164624506722	0.003142840351547542	0.007005867489719862	0.0006604466646140531
TG>AC	0.002232214160587208	3.293391955742443e-07	1.9052799474526853e-07	0.010276858796137166	0.0018642415160715186	0.004301582337878873	0.0017698245257350283	0.01282190110812999	0.00017472377056003223	0.0033081156814011134	0.0010702418250799679	0.00502543633004748	0.0014601029900876256	0.007573320790928402	0.0013441072986334808
TG>AT	0.0038943699895620885	0.033134473666581024	0.008939533281329851	0.0880974677790856	0.020920216514962633	0.03681911233209847	0.02591151557388401	0.03157496464518043	0.017492665857336782	0.014676943364212	0.00792115336016294	0.018911361381702952	0.015890593008999025	0.04288968253095343	0.017467161856891764
TG>CA	0.0007604926609925739	3.315448331882233e-07	2.7296597681628555e-07	0.009004949933823912	0.004405853112005855	0.00749679142281423	0.009862999577781063	0.0016489867217367746	0.00034137035437511456	0.0035335322854532637	0.00197176893912067	0.009047603406663463	0.0042400238230612735	0.006864228786004587	0.003276535362292984
TG>CC	0.00019017820142708597	0.008795276504658568	2.0187341202147627e-07	0.004227126497768458	0.001300689536446325	0.0031120207957942487	0.021184435911643443	0.0007625064726678704	0.0012089052835574906	0.0026969870160066605	0.001188827118023418	0.00046001085111715175	0.004582984490050723	0.004851538439875049	0.0012608193943022406
TG>CT	0.00022774403003121124	0.009010919144597385	0.043302444773255906	0.14743370015371005	0.066539167919292	0.04053259172954893	0.014979825632211962	0.07374204860322996	0.08633819802776782	0.019095332777582356	0.01071927406535107	0.004811728564901786	0.016359157300155455	0.040351193694103046	0.060356963858824546
TG>GA	0.0001841228645906326	3.818547255579989e-07	3.1441172198568373e-07	0.009952342714686792	0.004853867909853919	0.005706631156706386	0.002320348200697917	0.0019482980449295234	0.0012081154475555404	0.00355752733861059	0.0005568560458162085	0.0009587688435730309	0.005177946714866871	0.006153305580077865	0.0025080455353199307
TG>GC	8.618575766426012e-07	4.302388722425466e-07	3.667393868515945e-07	0.0038519775229684462	1.393078353522458e-05	0.0002711041965012	5.2445316017999024e-05	5.004518555138067e-05	6.588322168164209e-06	5.834770983440843e-05	1.210895491227431e-05	7.924178999413044e-06	2.969695473773886e-05	0.002163381902649954	9.65488476492561e-06
TG>GT	1.1550871902034607e-05	0.1049568964124148	0.06523550887778515	0.017501253757971597	0.04277661154247657	0.016388730699268075	0.009665087921508922	0.016843601167438372	0.003684064558920429	0.008899443882284324	0.03158935321615424	0.009693140431414348	0.009214295491137565	0.008539806019910789	0.2759793507360918
TT>AA	0.004498954697339519	0.004326500698496285	0.009150872641530484	0.021802194254910222	0.0073919784463684565	0.010358561983811512	0.013866661102110725	0.004200072164809373	0.004301602514616446	0.01913998043979701	0.011264504269657347	0.029997671334976918	0.008671536226715137	0.023315038383584678	0.02770826694648614
TT>AC	0.0001899731848292097	3.427932483162214e-07	7.123353512982436e-05	0.0024943674681805845	0.005857733664227199	0.009285581806957427	0.009793271599005064	0.006530439493455153	0.0008552247346762938	0.015160953826207822	0.009859028029719183	0.001383775342662953	0.017938524272870005	0.0043103840472554465	0.0061807932439158
TT>AG	3.418631315251659e-07	3.78506249668579e-07	0.004884078627911963	0.005234899470367837	0.0034984021706128284	0.003929641228110077	0.021855472989221258	0.00277672333622528	0.0011894541438442086	0.002286584449467623	0.0008737870673946468	0.0003039480339063184	0.00534154662076107	0.004512080678127844	0.004973906872014071
TT>CA	0.0003468377154517293	2.3973292956084553e-07	5.5893185859108575e-05	0.0073060729425233895	0.01985883267456997	0.011938927924039607	0.036692794235411955	0.005339157267653112	0.019018143246759992	0.009164637578962959	0.00629005052074092	0.0007341376724017819	0.012335209595975883	0.008630637517548358	0.010314835769622246
TT>CC	0.0005623165731906468	2.696017701649311e-07	0.00015404947885142597	0.012341227264349946	0.014441686905250665	0.01611490119778948	0.0133573690790735	0.005829413548223929	0.001617267212464776	0.005973966418505846	0.009710478987207425	0.0017747052284810259	0.022785069293515432	0.009800268186754228	0.011857819766559549
TT>CG	0.00019938756280446135	4.159712079485356e-07	3.296556712101547e-07	0.007802676578654187	0.001040509048777037	0.001782992655418336	0.001795803830558873	0.0001568454749738117	1.5098926700120575e-05	0.00025115664519684646	0.00022370830696227678	2.618409787814779e-05	0.0007921688767312433	0.004475916571247243	0.00019016562860058373
TT>GA	9.133540085765987e-05	0.004520745621075623	2.1516712399640867e-07	0.009788756142840728	0.0024569961331629246	0.00552230144433638	0.010083356059561399	0.0006785610596841739	0.005586152011122283	0.004339320637403161	0.021451251967771236	0.001298785917070882	0.008919475308574449	0.008068179333494085	0.0027382000196982787
TT>GC	8.568600957987242e-07	4.2954213149765533e-07	3.703403597585497e-07	0.0038385372990266254	2.2140920372146546e-05	0.00035593618245408467	0.00010661527077200192	2.166606011919292e-05	6.631515342126288e-06	6.918279762324136e-05	1.2211364323415026e-05	7.880037958867146e-06	3.6108322367183465e-05	0.0020391866046483857	9.550815194506298e-06
TT>GG	4.3301966012233515e-07	3.8254558547262905e-07	0.009259941991081402	0.0009490056146324973	0.0011558255494576821	0.001078651843175026	0.0020561915605759895	0.0003551910605197416	0.0005852979822136676	0.01225292035374638	0.0008314130228697367	0.0051444470445170054	0.002467298089207162	0.0016665268440534038	0.0030410211995159793
