Samples	DBS78A	DBS78B	DBS78C	DBS78D	DBS78E	DBS78F	DBS78G	DBS78H	DBS78I	DBS78J	DBS78K	DBS78L	DBS78M	DBS78N	DBS78O
PGENE_1T	5.27E-02	4.08E-02	6.11E-02	7.85E-02	1.26E-01	0.00E+00	4.34E-02	0.00E+00	4.25E-02	6.16E-02	3.03E-02	5.65E-02	2.65E-02	2.19E-02	3.34E-02
PGENE_2T	0.00E+00	0.00E+00	1.41E-03	0.00E+00	0.00E+00	0.00E+00	0.00E+00	0.00E+00	1.41E-03	0.00E+00	0.00E+00	0.00E+00	0.00E+00	0.00E+00	0.00E+00
PGENE_4T	1.22E-01	8.44E-02	4.45E-01	7.00E-02	5.65E-02	1.20E-02	5.39E-02	5.68E-02	6.07E-01	4.72E-01	1.10E-01	9.00E-02	2.43E-01	4.40E-02	5.12E-02
PGENE_5T	3.35E-02	4.16E-02	8.76E-03	1.23E-02	1.45E-02	4.54E-02	1.69E-02	3.31E-03	0.00E+00	1.10E-02	9.11E-03	1.50E-02	1.79E-02	1.30E-02	1.29E-02
PGENE_8T	3.22E-02	2.26E-02	9.98E-02	1.46E-01	5.67E-02	0.00E+00	3.49E-02	3.12E-02	9.32E-02	7.32E-02	3.42E-02	1.38E-01	1.86E-01	2.61E-02	6.93E-02
PGENE_9T	3.62E-02	5.79E-02	2.27E-02	9.65E-03	7.12E-03	7.87E-03	1.21E-02	0.00E+00	2.92E-02	1.64E-02	3.10E-02	1.08E-02	7.31E-03	4.83E-02	6.78E-02
PGENE_10T	5.98E-02	1.89E-02	1.83E-02	3.54E-02	3.80E-02	9.26E-03	2.22E-02	0.00E+00	0.00E+00	2.31E-02	1.56E-02	2.62E-02	1.01E-02	1.72E-02	1.86E-02
AC_WGS_1T	2.09E-02	2.23E-02	1.99E-02	3.67E-02	3.79E-02	0.00E+00	5.98E-02	0.00E+00	0.00E+00	2.36E-02	1.45E-02	3.13E-02	1.64E-02	1.97E-02	1.71E-02
AC_WGS_2T	1.98E-01	8.78E-02	5.19E-02	6.07E-02	1.46E-02	6.55E-01	4.63E-02	1.96E-01	3.81E-01	4.47E-02	2.09E-01	6.67E-02	1.29E-01	6.82E-02	8.77E-02
AC_WGS_4	4.85E-02	2.13E-02	6.23E-02	3.66E-02	1.58E-02	1.45E-02	1.92E-02	0.00E+00	8.08E-02	2.94E-02	4.75E-02	5.51E-02	5.76E-02	2.60E-02	2.15E-02
AC_WGS_5	1.48E-02	5.63E-02	1.09E-02	4.79E-03	0.00E+00	0.00E+00	1.20E-02	7.35E-02	1.50E-02	3.00E-03	3.68E-02	0.00E+00	1.16E-02	7.53E-03	1.39E-02
AC_WGS_6	1.24E-01	1.59E-01	2.52E-01	1.93E-01	8.25E-02	4.89E-03	3.62E-02	4.35E-02	9.59E-02	1.52E-01	1.48E-01	1.69E-01	1.06E-01	1.50E-01	2.40E-01
AC_WGS_9T	1.25E-01	9.63E-02	4.45E-02	5.37E-02	6.69E-02	1.41E-02	1.57E-02	0.00E+00	0.00E+00	3.15E-02	9.71E-02	8.64E-02	2.43E-02	5.88E-02	1.31E-01
AC_WGS_10	1.01E-01	1.51E-01	1.21E-01	9.52E-02	9.91E-02	0.00E+00	3.96E-02	0.00E+00	7.82E-02	7.59E-02	3.98E-02	7.29E-02	9.56E-02	8.33E-02	1.60E-01
AC_WGS_44	3.72E-03	4.54E-03	5.48E-03	5.13E-03	1.58E-02	1.41E-03	5.22E-03	0.00E+00	0.00E+00	5.57E-03	5.65E-03	6.83E-03	6.83E-03	8.63E-03	9.58E-03
AC_WGS_12	8.15E-03	3.93E-02	2.49E-02	1.39E-02	1.89E-02	2.00E-03	5.65E-02	3.87E-03	4.73E-02	1.86E-02	1.20E-02	1.22E-02	1.00E-02	5.90E-03	1.06E-02
AC_WGS_13T	8.32E-02	1.24E-01	6.71E-02	8.27E-02	6.67E-02	1.63E-02	2.41E-02	0.00E+00	0.00E+00	7.05E-02	5.69E-02	6.22E-02	3.84E-02	9.51E-02	9.47E-02
AC_WGS_15	2.99E-03	4.23E-03	1.09E-02	2.85E-02	5.79E-03	0.00E+00	8.72E-03	0.00E+00	2.82E-02	7.24E-03	2.23E-03	1.14E-02	9.07E-03	3.73E-03	6.40E-03
AC_WGS_17	1.00E-01	8.53E-02	8.81E-02	1.00E-01	4.20E-02	6.00E-03	1.01E-01	0.00E+00	6.41E-02	5.58E-02	3.11E-02	4.49E-02	2.77E-02	5.00E-02	1.35E-01
AC_WGS_22	1.99E-02	9.67E-03	1.00E-02	1.35E-02	9.44E-03	1.00E-03	3.87E-02	0.00E+00	2.79E-02	1.24E-02	1.65E-02	3.50E-02	1.31E-02	8.16E-03	9.81E-03
AC_WGS_23	2.94E-01	9.11E-02	2.80E-01	6.23E-02	1.18E-01	1.27E-02	1.35E-01	0.00E+00	2.35E-01	1.50E-01	1.45E-01	1.29E-01	2.07E-02	1.06E-01	9.11E-02
AC_WGS_25	1.92E-02	2.19E-02	4.93E-02	2.80E-02	2.62E-02	1.74E-02	5.96E-02	0.00E+00	4.28E-02	5.25E-02	8.53E-02	5.93E-02	2.50E-02	5.37E-02	2.26E-02
AC_WGS_26	1.43E-02	1.28E-02	8.72E-03	5.16E-03	3.73E-03	0.00E+00	3.73E-03	0.00E+00	2.21E-02	8.48E-03	1.26E-02	3.85E-03	2.24E-03	1.88E-02	1.32E-02
AC_WGS_27	3.78E-02	8.20E-03	2.15E-02	4.98E-03	9.53E-03	3.87E-03	4.69E-03	0.00E+00	4.26E-02	1.45E-02	1.55E-02	4.85E-02	7.91E-02	2.83E-03	4.35E-02
AC_WGS_30	3.57E-02	8.29E-02	7.86E-02	8.94E-02	7.53E-02	0.00E+00	4.05E-02	0.00E+00	0.00E+00	8.08E-02	7.31E-02	7.58E-02	4.55E-02	1.13E-01	5.83E-02
AC_WGS_32	4.47E-02	6.26E-02	1.59E-01	6.01E-02	5.75E-02	1.70E-02	1.02E-01	0.00E+00	4.44E-02	8.50E-02	3.25E-01	1.85E-01	1.19E-01	2.10E-01	1.46E-01
AC_WGS_33	6.00E-03	4.62E-02	8.89E-01	1.81E-01	3.01E-01	0.00E+00	4.79E-02	0.00E+00	2.11E+00	3.78E+00	2.18E-01	2.77E-01	2.61E-02	1.67E+00	1.27E-01
AC_WGS_34	2.41E-01	6.01E-02	1.14E-01	7.15E-02	1.64E-01	4.21E-02	3.11E-02	0.00E+00	4.54E-02	1.09E-01	1.32E-01	1.99E-01	4.88E-02	1.19E-01	1.54E-01
AC_WGS_35	0.00E+00	0.00E+00	1.41E-03	0.00E+00	0.00E+00	0.00E+00	0.00E+00	0.00E+00	1.41E-03	0.00E+00	0.00E+00	0.00E+00	0.00E+00	0.00E+00	0.00E+00
AC_WGS_36	2.33E-02	6.92E-02	6.00E-02	3.57E-02	5.11E-02	6.08E-03	3.85E-02	2.24E-03	4.36E-02	5.69E-02	6.52E-02	7.44E-02	1.16E-01	4.71E-02	5.29E-02
AC_WGS_39	1.90E-02	7.04E-02	2.19E-02	2.68E-02	3.41E-02	4.68E-03	9.01E-02	0.00E+00	0.00E+00	2.84E-02	5.43E-02	3.52E-02	7.73E-02	2.30E-02	1.82E-02
AC_WGS_41	2.59E-01	1.19E-01	3.07E-01	1.23E-01	8.12E-02	4.98E-02	1.50E-01	0.00E+00	1.39E-01	1.86E-01	2.90E-01	9.05E-02	1.02E-01	3.00E-01	1.57E-01
AC_WGS_49	7.69E-02	3.19E-02	4.51E-02	4.48E-02	3.25E-02	1.00E-03	5.73E-02	0.00E+00	4.26E-02	3.12E-02	1.87E-02	2.74E-02	2.51E-02	3.89E-02	2.85E-02
AC_WGS_50	9.09E-02	6.01E-01	4.85E-01	2.82E-01	3.14E-01	3.21E-01	3.47E-02	1.59E-01	7.53E-02	1.92E-01	4.81E-01	2.10E-01	1.40E-01	3.32E-01	4.78E-01
AC_WGS_51	1.98E-02	9.63E-02	4.80E-02	1.31E-02	1.97E-02	2.07E-02	2.10E-02	3.00E-03	6.73E-02	2.77E-02	9.06E-02	2.71E-02	2.06E-02	4.55E-02	6.98E-02
AC_WGS_52	1.66E-02	2.65E-02	6.39E-02	3.30E-02	1.12E-01	0.00E+00	5.53E-02	0.00E+00	9.39E-02	7.97E-02	3.47E-02	2.96E-02	9.90E-02	4.40E-02	9.43E-02
AC_WGS_53	2.10E-02	2.70E-02	3.91E-02	4.05E-02	2.19E-02	3.16E-03	2.25E-02	2.00E-03	4.51E-02	2.78E-02	1.60E-02	2.71E-02	1.95E-02	2.24E-02	2.53E-02
AC_WGS_11	3.56E-02	4.33E-02	5.94E-02	6.52E-02	6.55E-02	3.90E-02	1.25E-01	0.00E+00	3.01E-02	5.95E-02	9.86E-02	1.05E-01	3.31E-02	4.15E-02	3.61E-02
AC_WGS_37	1.88E-02	2.27E-02	2.08E-02	1.72E-02	4.38E-02	5.09E-03	8.37E-03	0.00E+00	3.78E-02	1.97E-02	4.01E-02	2.78E-02	1.54E-02	1.71E-02	4.93E-02
RC596TH1	2.31E-02	4.37E-02	5.80E-02	1.11E-01	6.84E-02	0.00E+00	1.14E-01	0.00E+00	3.14E-02	4.86E-02	2.77E-02	4.23E-02	2.18E-02	3.23E-02	2.56E-02
RC597TH1	2.09E-02	2.58E-02	3.79E-02	6.83E-02	3.48E-02	0.00E+00	2.43E-02	0.00E+00	2.93E-02	2.74E-02	2.48E-02	5.91E-02	2.98E-02	1.96E-02	2.04E-02
RC598TH1	1.86E-02	2.61E-02	4.17E-02	7.19E-02	3.89E-02	0.00E+00	1.96E-02	2.24E-03	4.29E-02	3.39E-02	1.87E-02	3.13E-02	2.63E-02	2.16E-02	2.81E-02
RC599TH1	2.68E-02	5.24E-02	4.26E-02	5.01E-02	4.04E-02	4.00E-03	3.32E-02	0.00E+00	2.84E-02	4.69E-02	2.90E-02	1.10E-01	9.57E-02	3.79E-02	3.23E-02
RC602TH1	2.95E-02	1.08E-01	6.92E-02	3.30E-02	2.67E-02	1.95E-02	1.03E-01	0.00E+00	8.29E-02	4.18E-02	6.75E-02	6.83E-02	6.82E-02	5.07E-02	3.73E-02
RC603TH1	1.54E-01	5.61E-01	4.19E+00	1.03E+00	1.40E+00	4.50E-02	4.62E-01	8.92E-02	3.10E+00	2.45E+00	3.04E-01	5.44E-01	3.84E-01	4.87E-01	1.07E+00
