Iteration	L1	L1 %	L2	L2 %	KL Divergence
1	20.813	108.729	5.293	63.882	1.313
2	22.889	114.52	6.676	71.153	1.403
3	21.811	117.474	5.801	72.383	1.445
4	22.187	114.813	6.148	69.472	1.446
5	21.705	114.02	5.744	69.634	1.388
6	21.375	114.097	5.724	70.199	1.468
7	21.966	115.11	5.768	69.552	1.487
8	21.661	115.325	5.595	70.498	1.458
9	22.594	108.921	6.271	65.197	1.26
10	21.459	112.335	5.286	65.486	1.382
11	20.726	113.52	5.443	71.435	1.394
12	21.458	114.182	5.728	71.214	1.415
13	21.625	112.463	5.84	66.004	1.373
14	22.177	116.012	6.122	71.075	1.439
15	21.666	114.44	5.631	66.85	1.449
16	22.346	117.028	6.275	72.087	1.424
17	21.727	113.388	5.972	71.645	1.456
18	22.922	113.755	6.504	69.415	1.348
19	22.376	107.847	6.231	65.163	1.312
20	22.121	115.664	5.811	69.228	1.464
21	20.65	112.937	5.308	70.626	1.426
22	21.683	117.298	5.889	72.274	1.515
23	20.599	112.294	5.605	68.437	1.405
24	22.139	114.864	6.335	71.235	1.42
25	21.717	116.934	5.518	70.598	1.447
26	19.646	108.874	5.07	67.608	1.38
27	21.313	115.37	5.729	70.053	1.399
28	22.36	114.571	5.985	70.235	1.431
29	22.02	117.286	5.914	72.491	1.426
30	21.182	112.607	5.725	70.428	1.412
31	20.517	108.899	5.429	67.47	1.395
32	22.762	117.428	6.17	74.184	1.436
33	22.715	114.632	6.135	69.247	1.36
34	21.424	119.181	5.984	73.934	1.562
35	20.938	107.262	5.494	64.688	1.301
36	21.079	109.388	5.593	66.768	1.349
37	22.072	110.313	5.921	68.143	1.296
38	21.364	114.58	5.623	68.459	1.471
39	21.94	113.123	5.833	70.25	1.435
40	21.254	109.214	5.747	65.035	1.327
41	21.363	106.829	6.077	65.489	1.322
42	22.498	116.279	6.407	71.039	1.432
43	21.257	119.521	5.813	72.386	1.554
44	20.892	115.064	5.525	71.828	1.452
45	22.514	112.454	5.93	65.813	1.342
46	20.383	111.312	5.238	65.003	1.411
47	22.273	113.308	6.02	70.526	1.358
48	22.174	120.17	5.949	72.757	1.519
49	20.581	112.313	5.219	66.645	1.372
50	23.556	119.712	6.544	73.399	1.579
51	22.724	112.279	6.426	69.004	1.354
52	21.095	114.866	5.481	66.828	1.417
53	22.655	116.008	6.302	67.722	1.466
54	20.732	114.745	5.598	70.983	1.449
55	21.762	116.273	5.89	71.747	1.44
56	21.003	107.488	5.417	63.936	1.286
57	21.737	114.422	5.783	67.147	1.398
58	21.472	111.068	5.774	67.074	1.387
59	20.397	107.809	5.355	66.197	1.355
60	21.324	112.261	5.885	68.757	1.36
61	22.694	116.579	6.393	72.143	1.464
62	21.005	113.705	5.32	68.632	1.476
63	20.797	115.456	5.337	68.839	1.408
64	21.865	112.603	5.721	69.626	1.391
65	22.208	114.81	6.087	71.733	1.461
66	21.55	113.564	6.137	70.233	1.401
67	21.301	110.008	5.473	68.747	1.366
68	22.232	119.897	6.111	73.547	1.507
69	21.762	111.926	5.966	68.227	1.334
70	22.645	113.731	6.453	72.296	1.414
71	22.401	113.626	6.03	68.473	1.385
72	22.313	112.541	6.433	69.912	1.357
73	21.548	113.587	5.827	71.181	1.415
74	23.371	114.529	6.792	69.206	1.396
75	21.586	113.294	5.976	69.402	1.392
76	20.837	109.23	5.752	63.874	1.331
77	20.266	110.112	5.397	67.292	1.361
78	22.205	113.916	6.285	68.237	1.405
79	20.982	114.169	5.65	69.672	1.425
80	22.122	113.948	5.925	69.943	1.397
81	20.694	109.992	5.916	69.237	1.394
82	21.086	113.631	5.661	67.689	1.387
83	21.48	117.364	5.35	69.717	1.477
84	21.339	111.745	5.74	69.824	1.41
85	21.459	114.474	5.589	67.437	1.423
86	21.075	112.138	5.974	71.084	1.383
87	21.778	116.298	6.295	71.568	1.452
88	22.121	117.465	6.012	74.562	1.544
89	22.024	115.396	6.092	70.69	1.419
90	22.215	118.322	6.27	72.086	1.478
91	22.45	115.099	6.356	69.465	1.374
92	21.694	106.886	5.827	64.741	1.285
93	21.185	113.167	5.52	70.318	1.437
94	20.851	116.845	5.636	70.853	1.504
95	22.09	113.806	5.825	69.408	1.406
96	21.511	115.362	5.778	71.246	1.499
97	21.701	116.439	5.815	70.611	1.446
98	21.544	118.655	5.821	70.987	1.467
99	21.173	112.868	5.704	69.427	1.488
100	22.189	114.892	6.232	70.04	1.442
101	21.592	113.7	6.018	71.185	1.387
102	20.86	111.079	5.432	65.222	1.391
103	22.418	117.061	6.113	71.489	1.451
104	22.26	119.768	6.293	72.625	1.525
105	21.713	113.466	5.892	70.836	1.442
106	22.861	122.423	6.216	72.578	1.568
107	21.044	112.949	5.664	71.323	1.441
108	22.07	117.514	6.12	69.957	1.461
109	20.879	112.559	5.772	68.566	1.413
110	21.255	112.034	5.592	68.523	1.388
111	22.004	109.035	5.599	66.451	1.35
112	21.749	116.24	5.683	70.866	1.446
113	22.232	116.05	5.993	73.436	1.487
114	21.522	113.79	5.907	70.331	1.438
115	21.298	113.083	5.934	67.535	1.387
116	21.857	115.96	6.001	71.986	1.457
117	22.239	111.208	6.21	70.445	1.373
118	22.728	117.832	6.972	76.258	1.447
119	22.502	114.659	6.179	68.458	1.408
120	21.594	111.567	6.061	67.807	1.387
121	21.398	116.154	5.972	67.757	1.448
122	22.2	115.227	5.86	67.98	1.424
123	22.076	113.578	5.601	70.71	1.371
124	22.316	113.945	6.339	69.821	1.448
125	21.325	118.138	5.559	72.239	1.502
126	21.071	115.12	5.809	72.253	1.48
127	21.413	112.02	5.709	67.089	1.416
128	21.571	114.925	5.866	71.088	1.408
129	20.709	110.263	5.406	68.657	1.427
130	21.076	109.89	5.678	66.775	1.382
131	20.747	112.053	5.445	69.299	1.395
132	21.098	112.571	5.569	68.938	1.403
133	20.369	106.409	5.623	64.096	1.295
134	21.869	110.57	5.979	67.141	1.324
135	21.913	113.493	5.833	69.803	1.401
136	22.416	115.829	6.492	72.307	1.422
137	20.902	110.642	5.306	66.747	1.327
138	23.64	114.537	6.962	69.322	1.319
139	21.312	110.297	5.709	69.159	1.395
140	21.5	114.663	5.872	67.897	1.454
141	22.635	116.184	6.334	71.407	1.432
142	20.889	113.024	5.553	69.608	1.429
143	20.319	111.583	5.319	67.383	1.418
144	20.875	113.907	5.998	70.23	1.469
145	22.163	116.532	6.262	74.874	1.407
146	21.218	109.47	5.923	66.752	1.328
147	21.687	116.859	5.722	72.721	1.476
148	20.7	115.557	5.647	67.954	1.458
149	21.03	114.461	5.555	70.299	1.465
150	21.988	117.456	6.117	70.853	1.49
151	22.577	117.524	6.328	72.375	1.436
152	21.791	114.231	5.736	68.625	1.427
153	21.372	110.056	5.822	67.1	1.319
154	21.531	115.926	5.97	70.045	1.441
155	21.581	112.153	5.543	68.896	1.379
156	21.558	113.876	5.68	68.045	1.443
157	21.204	112.685	6.072	69.395	1.435
158	21.625	114.526	5.906	71.216	1.485
159	21.314	115.325	5.372	68.397	1.503
160	20.832	112.424	5.352	65.072	1.405
161	21.118	112.458	5.534	68.64	1.366
162	21.944	114.147	6.029	69.647	1.413
163	22.735	112.298	6.436	68.856	1.372
164	20.673	109.535	5.732	68.282	1.342
165	22.266	114.39	6.149	71.263	1.418
166	22.026	111.713	6.018	67.615	1.401
167	22.249	115.644	6.014	70.167	1.43
168	20.966	119.331	5.75	72.435	1.514
169	21.446	108.91	5.946	66.084	1.334
170	21.732	115.185	5.839	68.877	1.442
171	22.528	110.448	6.333	67.372	1.334
172	22.232	115.614	5.94	67.437	1.394
173	22.01	108.405	6.243	65.202	1.27
174	22.395	111.83	6.254	68.987	1.384
175	20.503	111.588	5.581	68.411	1.398
176	22.624	116.55	6.171	72.307	1.476
177	22.219	118.739	6.063	73.267	1.496
178	21.456	112.325	5.499	67.566	1.368
179	21.459	109.738	5.806	68.927	1.386
180	20.305	110.147	5.322	68.573	1.39
181	22.007	114.3	5.903	73.491	1.439
182	21.894	115.493	5.782	70.886	1.454
183	20.821	112.227	5.378	65.015	1.366
184	21.775	114.813	5.794	68.567	1.429
185	21.282	111.012	5.776	67.311	1.322
186	22.262	112.099	6.114	69.844	1.369
187	21.749	115.07	5.931	70.357	1.447
188	22.38	113.589	6.271	73.097	1.411
189	21.794	114.089	5.996	73.726	1.412
190	21.728	113.815	5.963	69.763	1.389
191	21.684	116.068	5.877	71.415	1.455
192	23.018	113.3	6.614	70.224	1.383
193	21.25	112.612	5.497	67.8	1.399
194	20.438	111.217	5.414	67.121	1.417
195	21.348	114.167	5.574	68.101	1.467
196	21.882	113.787	6.252	70.114	1.387
197	22.141	119.793	6.119	74.538	1.49
198	22.384	113.382	6.57	68.305	1.382
199	20.582	105.676	5.556	63.294	1.274
200	22.131	116.259	5.828	71.364	1.455
201	21.231	111.813	5.42	65.965	1.428
202	21.485	114.955	5.897	69.175	1.441
203	22.05	115.107	6.099	71.38	1.45
204	21.395	112.862	5.285	66.024	1.398
205	21.48	114.692	5.766	72.597	1.42
206	20.465	111.971	5.39	69.147	1.412
207	22.646	115.663	6.29	72.011	1.444
208	20.689	111.895	5.447	67.31	1.421
209	21.543	112.551	5.657	67.285	1.38
210	22.05	117.043	5.813	71.78	1.466
211	21.544	115.866	5.786	69.108	1.447
212	21.21	113.189	5.877	69.594	1.392
213	22.816	118.753	6.092	72.273	1.493
214	21.677	111.084	5.785	65.714	1.353
215	21.902	117.918	6.079	73.105	1.456
216	21.281	115.292	5.488	68.434	1.528
217	22.615	114.882	6.265	69.712	1.452
218	21.749	112.822	5.855	68.488	1.452
219	21.372	114.401	5.945	69.642	1.419
220	22.272	117.642	6.076	70.281	1.483
221	22.385	111.018	6.448	70.147	1.367
222	21.727	115.164	6.01	70.351	1.409
223	21.497	113.443	5.617	67.553	1.438
224	21.467	114.588	5.431	68.943	1.455
225	22.736	115.605	6.563	73.012	1.396
226	21.683	117.693	5.692	69.446	1.525
227	21.803	114.816	5.943	71.175	1.422
228	22.648	112.868	6.363	70.696	1.397
229	22.485	118.506	6.238	75.217	1.511
230	21.637	117.547	5.719	71.87	1.493
231	21.13	112.201	5.682	68.868	1.415
232	20.763	110.634	5.539	64.862	1.372
233	21.446	117.553	5.746	70.287	1.456
234	21.528	117.921	6.301	74.96	1.488
235	20.133	114.324	5.465	70.247	1.486
236	21.439	115.321	6.136	70.814	1.4
237	21.072	111.663	5.521	67.72	1.384
238	22.256	111.437	6.091	66.726	1.374
239	22.407	117.925	6.304	69.977	1.484
240	21.166	108.055	5.751	65.097	1.264
241	22.178	115.175	5.981	73.141	1.453
242	22.227	114.305	6.196	70.665	1.417
243	22.483	119.316	5.825	73.704	1.514
244	21.991	109.605	6.318	68.803	1.392
245	21.792	108.474	6.198	67.145	1.271
246	20.972	114.634	5.728	71.952	1.457
247	21.263	113.394	5.68	68.881	1.453
248	22.105	115.929	6.104	74.409	1.452
249	21.891	115.821	5.879	70.53	1.434
250	21.718	112.019	5.759	68.947	1.346
251	21.878	116.036	6.137	70.51	1.414
252	22.917	119.418	6.098	74.106	1.517
253	21.906	112.67	5.538	66.792	1.415
254	21.621	109.024	6.025	66.952	1.307
255	21.79	112.909	6.119	68.995	1.351
256	22.301	112.29	6.598	70.288	1.326
257	22.52	117.382	6.073	71.561	1.439
258	22.629	111.313	6.514	68.286	1.325
259	21.808	117.155	5.7	72.259	1.481
260	21.662	117.085	5.906	73.32	1.456
261	22.538	113.8	6.256	70.59	1.357
262	21.727	113.011	5.949	69.668	1.423
263	20.117	111.17	5.28	69.399	1.381
264	21.379	113.336	5.989	72.025	1.432
265	21.664	114.217	5.942	71.042	1.405
266	23.585	113.612	6.724	69.239	1.353
267	21.584	111.966	5.799	68.415	1.395
268	21.64	113.716	5.928	68.572	1.388
269	20.756	112.497	5.316	68.363	1.407
270	22.247	115.702	6.316	74.466	1.458
271	21.354	113.739	5.759	70.068	1.412
272	22.672	114.926	6.475	70.001	1.444
273	21.524	113.942	5.866	71.269	1.4
274	22.8	115.64	6.405	70.669	1.385
275	22.427	116.751	6.405	70.565	1.516
276	21.009	108.807	5.687	67.149	1.348
277	21.091	115.332	5.559	70.369	1.447
278	20.59	111.465	5.534	68.978	1.376
279	21.614	113.933	5.922	70.206	1.407
280	20.47	114.565	5.52	70.108	1.493
281	22.665	109.418	6.242	67.173	1.301
282	20.791	110.412	5.677	65.972	1.324
283	22.887	116.995	6.416	72.216	1.465
284	21.566	113.531	6.081	69.3	1.372
285	20.525	110.364	5.429	67.404	1.388
286	21.407	113.808	6.045	67.971	1.403
287	21.1	111.374	5.396	66.292	1.41
288	20.782	109.655	5.42	66.467	1.367
289	20.862	109.858	5.281	68.514	1.38
290	22.323	117.537	6.115	73.481	1.457
291	22.76	117.221	6.486	69.961	1.465
292	21.887	111.454	5.576	67.95	1.358
293	21.853	119.632	6.02	74.153	1.475
294	21.667	117.339	6.06	72.05	1.465
295	21.607	115.104	5.607	69.513	1.419
296	21.617	115.347	5.813	70.792	1.471
297	21.89	116.876	5.695	70.246	1.434
298	21.113	112.779	5.879	70.178	1.384
299	21.918	114.001	6.085	70.814	1.439
300	21.348	114.135	5.742	69.185	1.462
301	21.486	116.26	5.757	72.675	1.445
302	21.736	113.747	5.915	69.825	1.425
303	21.676	112.432	5.891	69.758	1.427
304	20.787	114.249	5.592	69.097	1.421
305	22.753	119.994	6.497	75.724	1.551
306	21.02	116.652	5.685	71.151	1.491
307	22.81	115.654	6.55	70.69	1.472
308	21.726	113.703	5.782	68.298	1.386
309	22.183	119.635	6.352	74.238	1.525
310	22.385	123.066	6.316	75.756	1.584
311	20.651	115.584	5.683	71.498	1.438
312	21.81	120.534	5.858	74.131	1.575
313	20.617	111.685	5.63	67.316	1.368
314	21.376	114.534	5.616	66.976	1.421
315	23.207	113.521	6.567	68.569	1.352
316	21.236	104.542	5.636	62.227	1.209
317	20.875	113.165	5.803	69.465	1.439
318	21.841	113.692	5.913	69.486	1.429
319	20.757	113.731	5.492	66.821	1.405
320	21.753	115.255	6.04	70.248	1.489
321	22.419	113.194	6.37	71.17	1.38
322	20.572	115.222	5.333	69.145	1.437
323	22.225	112.565	6.017	68.251	1.357
324	22.096	115.114	6.133	69.255	1.465
325	21.653	111.699	5.811	66.024	1.361
326	22.071	116.647	5.78	69.533	1.46
327	20.39	109.248	5.529	65.627	1.354
328	22.376	114.748	6.289	71.93	1.431
329	22.808	120.686	6.179	74.871	1.555
330	21.492	112.03	6.005	68.261	1.393
331	21.826	111.935	5.902	67.121	1.381
332	21.411	113.64	5.868	71.56	1.374
333	21.925	116.806	5.807	72.484	1.451
334	22.202	118.336	5.837	71.763	1.477
335	23.596	117.574	6.722	72.396	1.458
336	21.248	108.668	5.924	66.32	1.326
337	22.306	118.373	6.241	69.721	1.4
338	21.626	110.621	5.993	68.863	1.371
339	21.114	109.332	5.654	67.763	1.288
340	22.491	115.379	6.295	70.455	1.402
341	21.635	112.172	5.702	71.062	1.378
342	22.557	110.893	6.253	67.093	1.356
343	21.842	107.549	6.105	68.016	1.317
344	23.036	118.695	6.511	74.534	1.469
345	21.983	114.241	6.341	70.472	1.439
346	22.692	109.501	6.459	66.667	1.296
347	22.818	115.543	6.403	71.776	1.456
348	21.726	117.027	5.884	68.63	1.452
349	22.544	114.877	5.883	69.58	1.399
350	21.782	117.859	5.685	72.56	1.475
351	22.713	114.419	6.123	69.199	1.435
352	22.938	111.518	6.33	68.471	1.392
353	20.939	113.036	5.565	68.496	1.422
354	21.737	117.145	5.938	72.667	1.463
355	21.576	113.012	5.821	68.405	1.403
356	21.422	116.049	5.617	69.635	1.431
357	22.078	114.191	6.058	69.998	1.418
358	21.615	114.582	6.315	72.237	1.43
359	20.619	115.784	5.413	68.814	1.455
360	20.591	112.697	5.462	68.355	1.377
361	20.541	110.802	5.414	66.1	1.385
362	21.37	109.148	5.8	64.123	1.313
363	21.683	112.474	5.855	68.057	1.368
364	22.178	115.862	5.907	70.086	1.372
365	21.667	112.775	6.022	68.303	1.412
366	21.49	116.931	5.707	70.652	1.461
367	21.337	110.356	5.569	66.584	1.359
368	19.993	110.995	5.449	68.53	1.373
369	21.908	118.174	5.926	72.453	1.499
370	22.078	115.437	6.058	67.164	1.387
371	20.461	108.129	5.349	65.016	1.358
372	21.2	109.792	5.75	66.458	1.372
373	21.053	112.062	5.774	69.076	1.418
374	21.716	114.892	5.913	69.979	1.452
375	21.767	111.585	5.579	67.135	1.375
376	20.479	112.237	5.357	69.206	1.394
377	21.556	116.392	5.706	70.258	1.453
378	22.364	114.993	6.129	69.982	1.416
379	22.254	115.84	6.289	69.929	1.409
380	21.83	112.502	5.932	69.274	1.39
381	23.144	113.942	7.034	70.846	1.364
382	21.156	114.246	5.751	67.568	1.433
383	23.009	117.422	6.411	71.832	1.457
384	21.201	106.2	5.76	65.663	1.262
385	21.532	111.487	5.937	69.915	1.363
386	21.451	110.399	5.753	65.724	1.342
387	21.182	116.16	5.671	70.465	1.513
388	21.264	111.995	5.926	69.911	1.402
389	19.99	112.412	5.331	67.701	1.398
390	21.784	109.25	5.9	65.616	1.336
391	22.283	108.097	6.346	67.81	1.265
392	23.037	114.855	6.632	68.488	1.42
393	22.61	119.293	6.144	73.499	1.502
394	20.603	115.524	5.252	69.11	1.469
395	21.875	116.198	5.86	70.019	1.476
396	23.595	117.703	6.361	73.333	1.472
397	21.39	110.516	5.925	64.869	1.365
398	21.725	113.956	6.186	71.242	1.4
399	22.644	116.415	6.4	71.596	1.414
400	21.369	114.384	5.726	68.525	1.432
401	22.33	112.284	6.392	68.237	1.374
402	21.22	113.114	5.338	67.899	1.427
403	21.878	114.581	6.082	70.874	1.437
404	21.902	109.788	6.14	66.889	1.319
405	20.739	109.44	5.626	66.311	1.365
406	22.084	114.843	6.145	68.735	1.404
407	22.031	111.973	6.114	68.379	1.377
408	20.474	110.122	5.639	68.284	1.341
409	21.021	114.146	5.87	72.687	1.464
410	21.237	107.655	5.732	65.856	1.293
411	20.96	111.541	5.665	68.105	1.35
412	21.011	109.319	5.702	65.557	1.326
413	22.239	115.863	6.17	70.603	1.454
414	20.816	112.138	5.512	65.57	1.411
415	22.397	121.321	6.152	74.045	1.52
416	20.986	111.639	5.825	68.282	1.411
417	23.151	114.852	6.75	68.713	1.409
418	22.994	120.76	6.104	73.426	1.541
419	21.945	116.44	5.925	71.297	1.423
420	20.694	112.936	5.573	68.497	1.412
421	21.543	113.195	6.157	73.176	1.45
422	21.174	112.772	5.63	69.446	1.362
423	22.181	113.721	6.024	69.258	1.464
424	21.539	109.713	5.86	65.271	1.334
425	22.009	114.381	6.076	71.063	1.445
426	21.686	116.341	6.076	75.643	1.447
427	22.521	117.16	6.172	69.837	1.468
428	20.531	112.969	5.508	66.617	1.436
429	20.791	113.271	5.822	70.306	1.436
430	21.41	110.698	5.904	69.122	1.377
431	21.616	118.065	5.981	74.128	1.445
432	20.213	113.086	5.562	69.392	1.443
433	22.545	114.84	6.086	69.202	1.429
434	21.419	111.249	5.824	67.559	1.386
435	21.104	114.874	5.825	73.21	1.4
436	20.976	116.583	5.319	70.122	1.529
437	22.009	116.635	6.121	72.518	1.445
438	20.806	112.121	5.541	68.08	1.392
439	22.711	114.607	6.427	68.175	1.399
440	21.271	112.395	5.76	70.274	1.374
441	21.604	114.74	5.686	70.174	1.47
442	21.654	113.387	5.924	69.283	1.415
443	22.331	114.286	5.72	68.384	1.402
444	21.785	114.332	5.983	72.502	1.402
445	21.958	118.247	5.996	70.988	1.45
446	21.432	116.519	5.723	68.383	1.415
447	23.637	111.576	6.895	68.981	1.374
448	21.066	115.256	5.696	68.01	1.437
449	22.021	113.206	6.218	70.307	1.409
450	22.329	113.588	6.081	67.783	1.387
451	20.472	109.741	5.679	67.432	1.352
452	22.243	123.106	5.711	73.473	1.577
453	21.479	113.085	5.694	67.305	1.408
454	22.425	115.063	6.568	71.049	1.4
455	22.306	115.732	6.156	70.177	1.398
456	21.937	113.145	5.999	68.07	1.371
457	21.112	112.533	5.497	68.688	1.44
458	22.05	113.817	5.85	68.088	1.375
459	22.591	115.783	6.372	74.17	1.438
460	20.859	111.556	5.672	66.487	1.39
461	22.261	114.85	6.235	71.099	1.447
462	22.417	113.72	5.836	69.193	1.436
463	21.356	115.958	5.475	69.081	1.422
464	21.293	109.654	5.862	68.446	1.354
465	22.88	118.373	6.364	76.027	1.527
466	21.647	111.985	5.791	68.775	1.319
467	22.175	120.947	5.831	71.668	1.51
468	22.565	114.239	6.111	70.783	1.426
469	22.953	113.542	6.621	68.942	1.36
470	21.456	116.806	5.571	69.265	1.433
471	21.054	111.714	5.574	66.964	1.442
472	22.229	114.798	5.999	67.588	1.386
473	22.941	111.376	6.566	70.667	1.348
474	22.519	115.161	6.573	71.426	1.457
475	20.485	115.446	5.499	69.269	1.478
476	23.232	117.705	6.414	73.674	1.426
477	21.56	115.505	5.74	70.868	1.439
478	22.326	116.684	5.919	71.276	1.406
479	23.144	116.723	6.206	70.896	1.465
480	20.771	114.33	5.645	70.08	1.437
481	21.348	115.35	5.572	68.845	1.435
482	20.43	110.169	5.458	66.515	1.365
483	20.735	109.814	5.877	68.153	1.376
484	23.206	117.406	6.56	73.477	1.425
485	20.831	109.463	5.641	67.784	1.335
486	21.077	114.821	5.493	68.801	1.402
487	21.395	116.625	5.931	71.336	1.475
488	21.536	113.819	5.895	69.7	1.447
489	20.881	111.809	5.746	68.328	1.372
490	21.024	118.577	5.507	70.845	1.509
491	20.741	115.311	5.601	70.459	1.483
492	21.951	112.247	5.932	67.345	1.367
493	21.419	116.837	5.794	70.8	1.433
494	21.305	114.132	5.503	68.68	1.41
495	21.421	114.416	5.687	70.617	1.415
496	22.827	115.228	6.153	70.284	1.371
497	21.007	110.505	5.925	65.955	1.37
498	22.883	118.483	6.372	71.919	1.459
499	21.805	112.935	5.863	69.035	1.351
500	22.437	118.532	6.083	71.822	1.486
501	20.505	109.225	5.432	66.336	1.365
502	20.754	112.753	5.552	70.447	1.435
503	21.737	110.769	6.225	68.808	1.333
504	23.038	113.647	6.8	68.663	1.383
505	22.003	116.291	6.018	73.937	1.422
506	22.486	116.671	6.445	71.388	1.439
507	20.682	112.68	5.294	66.918	1.366
508	21.38	115.293	5.64	70.138	1.423
509	21.311	110.201	5.674	66.129	1.348
510	19.725	109.558	5.45	69.542	1.423
511	21.612	115.75	6.126	70.908	1.466
512	21.903	116.351	5.796	70.496	1.462
513	21.324	113.051	5.323	69.482	1.403
514	22.344	115.089	6.541	73.323	1.485
515	21.825	113.024	5.695	67.414	1.377
516	22.158	114.35	6.199	69.766	1.42
517	20.782	111.309	5.585	68.158	1.35
518	22.301	113.088	6.534	67.596	1.397
519	20.984	114.874	5.511	69.793	1.473
520	21.585	115.374	5.635	68.625	1.46
521	21.23	110.659	5.678	67.378	1.391
522	23.206	110.413	6.523	70.403	1.348
523	21.008	114.299	5.734	69.892	1.466
524	22.289	111.192	6.345	68.058	1.395
525	21.701	114.278	5.998	69.842	1.467
526	21.217	117.092	5.578	73.576	1.475
527	21.922	112.551	6.132	69.486	1.34
528	21.747	110.885	6.147	68.626	1.347
529	22.345	114.163	6.142	68.698	1.374
530	21.97	114.46	5.996	70.593	1.411
531	21.098	116.128	5.504	69.342	1.436
532	21.342	110.554	6.238	70.482	1.374
533	21.627	114.276	5.86	69.424	1.443
534	21.765	111.596	5.855	66.435	1.351
535	21.456	108.804	5.707	66.494	1.293
536	21.668	112.574	6.012	68.661	1.369
537	20.622	114.04	5.562	68.057	1.42
538	21.395	111.7	5.894	67.417	1.351
539	21.887	108.817	5.954	64.434	1.299
540	20.986	106.672	5.761	65.521	1.328
541	22.247	119.72	6.182	70.638	1.518
542	23.299	117.859	6.472	70.688	1.468
543	21.835	111.742	5.893	67.817	1.38
544	21.734	111.131	6.311	69.649	1.404
545	21.143	112.43	5.645	68.042	1.375
546	22.204	112.349	6.229	69.685	1.359
547	20.038	111.093	5.229	67.697	1.395
548	22.041	118.077	5.939	70.471	1.466
549	21.764	118.531	6.104	74.523	1.56
550	21.075	111.49	5.731	69.571	1.359
551	21.976	118.224	6.092	73.12	1.516
552	21.969	112.192	5.988	68.163	1.368
553	21.73	115.599	5.825	70.452	1.457
554	21.722	115.163	5.871	69.912	1.415
555	21.535	117.669	5.876	73.324	1.478
556	22.144	116.639	6.102	74.049	1.482
557	21.872	113.723	6.123	69.354	1.43
558	22.13	112.807	6.176	68.657	1.326
559	22.155	112.942	6.35	68.725	1.402
560	21.658	117.295	5.623	71.195	1.481
561	21.997	117.205	6.083	74.91	1.465
562	20.954	114.609	5.493	68.397	1.448
563	21.556	112.965	6.229	69.681	1.374
564	21.389	114.873	5.859	70.483	1.387
565	22.671	114.032	6.484	68.942	1.413
566	21.567	121.166	5.698	75.196	1.518
567	21.343	115.622	5.914	67.167	1.398
568	20.709	112.088	5.462	70.324	1.41
569	21.203	116.59	5.413	70.205	1.435
570	21.984	113.783	6.215	68.187	1.344
571	21.278	115.434	5.949	69.833	1.461
572	21.062	114.91	5.798	70.697	1.45
573	22.702	114.652	6.135	69.111	1.386
574	21.044	115.898	5.585	72.428	1.482
575	22.133	114.508	6.162	67.766	1.422
576	21.246	111.541	5.57	66.562	1.371
577	22.177	114.385	5.838	68.169	1.406
578	22.139	116.899	6.317	72.508	1.455
579	21.121	114.512	5.477	69.607	1.414
580	21.084	113.211	5.828	69.139	1.424
581	22.414	112.862	6.077	71.387	1.403
582	21.643	115.551	5.854	72.056	1.422
583	21.359	115.051	5.703	72.127	1.527
584	20.827	116.121	5.624	70.817	1.434
585	21.55	109.42	5.761	64.84	1.327
586	22.697	117.664	6.285	74.377	1.461
587	22.142	110.661	6.022	69.3	1.322
588	21.567	114.825	6.029	71.078	1.468
589	20.295	113.15	5.461	67.963	1.407
590	22.082	116.192	5.857	69.222	1.392
591	21.587	116.163	5.904	70.22	1.463
592	22.87	117.523	6.228	74.177	1.448
593	23.47	112.985	6.78	68.85	1.329
594	21.015	105.495	5.947	63.541	1.268
595	21.43	116.785	5.675	72.153	1.516
596	20.23	112.529	5.547	67.882	1.375
597	21.145	111.411	5.263	65.682	1.393
598	22.414	114.963	5.876	69.507	1.454
599	21.18	112.16	5.822	72.978	1.43
600	21.856	115.019	5.978	70.658	1.494
601	21.253	112.065	5.863	67.057	1.38
602	20.778	110.697	5.344	66.206	1.375
603	21.914	113.006	6.021	67.594	1.374
604	22.606	115.114	6.394	68.552	1.465
605	20.859	113.783	5.338	67.266	1.388
606	22.579	113.04	6.311	69.75	1.414
607	20.472	108.993	5.57	66.138	1.338
608	22.491	111.515	6.255	68.161	1.362
609	21.589	114.202	5.662	68.364	1.422
610	22.008	112.48	5.772	66.319	1.378
611	22.121	114.581	6.221	70.692	1.419
612	21.693	113.378	5.817	69.131	1.375
613	20.392	107.839	5.76	67.215	1.368
614	21.935	118.638	5.828	72.694	1.525
615	20.943	112.116	5.751	70.22	1.364
616	21.484	116.695	5.741	71.331	1.442
617	21.162	117.59	5.51	69.823	1.495
618	22.911	118.167	6.499	77.812	1.538
619	22.065	112.212	5.859	66.256	1.37
620	21.049	114.348	5.339	68.647	1.446
621	21.874	113.06	5.932	68.841	1.47
622	21.407	112.54	5.774	69.101	1.396
623	22.074	112.361	5.891	68.803	1.388
624	23.014	120.153	6.236	74.764	1.527
625	22.719	115.813	6.493	70.481	1.406
626	22.121	117.091	6.0	71.758	1.483
627	21.441	111.646	5.842	67.267	1.384
628	21.354	116.988	5.707	68.969	1.507
629	21.08	107.239	5.562	64.959	1.324
630	21.725	109.714	5.869	64.543	1.331
631	21.08	115.37	5.527	73.06	1.473
632	21.586	113.432	6.16	71.289	1.462
633	22.055	112.555	5.836	69.424	1.34
634	21.284	115.458	5.516	69.361	1.411
635	21.775	113.028	5.857	66.972	1.4
636	23.226	120.734	6.331	73.306	1.502
637	21.722	114.42	5.724	71.855	1.449
638	21.306	118.658	5.542	71.298	1.49
639	19.917	108.491	5.17	67.343	1.398
640	21.544	115.075	5.57	69.095	1.446
641	20.567	108.387	5.228	66.926	1.319
642	22.162	114.15	6.195	69.305	1.424
643	21.61	113.844	6.149	69.409	1.406
644	22.177	114.052	5.903	69.365	1.408
645	21.711	112.419	5.69	69.293	1.409
646	22.425	112.529	6.257	68.807	1.348
647	22.13	117.765	6.167	73.786	1.524
648	22.997	116.394	6.489	74.372	1.426
649	21.205	115.691	5.65	69.48	1.438
650	22.341	116.818	6.379	70.809	1.462
651	22.005	116.215	6.147	72.195	1.447
652	21.703	112.979	5.842	69.425	1.415
653	21.314	111.667	5.67	67.643	1.386
654	20.849	114.0	5.496	68.499	1.453
655	21.166	111.485	5.585	67.138	1.368
656	21.531	112.935	5.857	69.089	1.41
657	20.879	108.946	5.862	65.705	1.36
658	20.873	111.513	5.401	65.889	1.425
659	21.549	117.44	5.722	73.117	1.436
660	21.495	115.703	5.754	69.347	1.487
661	21.461	110.198	5.857	67.848	1.311
662	22.321	116.092	6.129	70.41	1.45
663	21.492	112.88	6.142	73.073	1.351
664	20.352	108.527	5.247	64.744	1.332
665	21.836	117.577	5.956	74.346	1.487
666	21.479	112.547	5.76	67.869	1.421
667	20.45	110.744	5.477	67.019	1.336
668	22.041	117.662	6.13	68.637	1.475
669	19.678	108.795	5.157	65.419	1.329
670	21.778	117.397	5.948	71.173	1.498
671	21.727	115.944	6.071	70.607	1.499
672	22.664	114.89	6.354	70.56	1.459
673	19.376	108.451	5.301	66.625	1.347
674	20.481	114.711	5.423	71.566	1.483
675	21.207	113.02	5.774	66.697	1.406
676	22.497	115.402	6.077	68.374	1.429
677	21.763	115.671	5.769	70.86	1.482
678	21.929	117.336	5.636	72.986	1.479
679	21.95	115.202	6.04	70.89	1.441
680	20.685	113.009	5.824	67.667	1.358
681	21.236	113.559	5.701	68.897	1.362
682	21.335	109.081	6.033	67.121	1.382
683	20.689	108.198	5.641	67.521	1.285
684	20.853	111.001	5.483	68.925	1.395
685	20.853	109.637	5.747	67.241	1.365
686	21.285	109.088	5.602	66.856	1.324
687	20.766	112.657	5.377	67.967	1.43
688	21.603	111.166	5.81	68.651	1.337
689	20.689	109.656	5.286	66.828	1.348
690	22.74	118.075	6.59	73.949	1.499
691	21.758	116.566	5.94	69.945	1.421
692	21.244	118.995	5.697	73.788	1.517
693	21.634	116.209	5.706	70.629	1.457
694	22.158	112.71	6.294	69.611	1.356
695	21.87	113.607	6.341	68.41	1.397
696	22.22	115.055	5.726	69.611	1.415
697	21.281	115.084	5.741	70.509	1.451
698	21.695	115.133	5.767	70.054	1.452
699	21.167	113.98	5.788	70.759	1.404
700	21.896	115.811	6.36	70.891	1.458
701	21.663	110.501	6.044	66.986	1.358
702	22.525	116.982	6.176	70.12	1.443
703	22.205	115.565	5.7	70.201	1.411
704	20.784	108.489	5.532	65.915	1.365
705	21.56	114.937	5.638	68.139	1.393
706	22.654	118.14	6.267	71.917	1.488
707	21.76	117.161	5.978	71.219	1.43
708	21.512	110.318	6.023	67.859	1.372
709	21.48	116.042	5.587	71.898	1.497
710	20.849	113.425	5.458	69.732	1.455
711	22.233	115.827	5.928	70.847	1.441
712	21.109	117.159	5.757	70.026	1.434
713	21.311	111.733	5.638	66.657	1.321
714	22.457	117.63	6.392	74.901	1.443
715	22.217	119.851	6.075	69.877	1.504
716	20.898	114.669	5.626	70.524	1.416
717	20.522	115.863	5.57	72.266	1.504
718	21.633	116.912	5.925	72.493	1.483
719	22.822	114.413	5.884	68.496	1.437
720	20.547	113.508	5.345	69.697	1.46
721	21.065	113.948	5.65	70.123	1.404
722	21.857	115.076	6.15	69.693	1.47
723	22.08	113.948	6.22	67.796	1.377
724	22.076	114.264	6.28	72.414	1.421
725	21.349	115.254	5.485	69.086	1.437
726	20.541	111.616	5.559	70.686	1.462
727	22.135	112.968	6.329	67.683	1.388
728	22.074	115.353	6.181	68.087	1.428
729	20.583	111.907	5.579	66.798	1.411
730	22.32	115.184	6.012	72.058	1.415
731	21.723	115.518	5.969	70.724	1.407
732	21.48	113.316	5.981	69.78	1.403
733	22.334	115.043	6.267	72.137	1.439
734	21.581	114.415	5.963	69.306	1.417
735	22.287	114.37	5.805	68.274	1.41
736	22.779	118.601	6.774	76.066	1.518
737	22.071	117.903	5.888	70.361	1.438
738	21.362	114.724	5.889	72.355	1.447
739	22.581	111.003	6.58	67.941	1.303
740	22.127	112.385	6.015	70.512	1.382
741	20.165	108.533	5.17	64.073	1.326
742	22.183	115.166	6.024	71.555	1.458
743	22.154	121.878	6.11	73.472	1.569
744	21.567	114.289	5.984	72.307	1.423
745	21.118	109.356	5.55	67.411	1.315
746	21.611	110.652	5.891	67.205	1.388
747	20.994	114.032	5.571	70.406	1.4
748	21.872	116.9	6.194	71.971	1.467
749	20.674	113.277	5.366	68.384	1.429
750	21.185	111.814	5.616	67.78	1.35
751	21.868	115.23	5.892	70.926	1.405
752	20.6	110.032	5.825	67.064	1.348
753	22.01	111.567	5.866	66.535	1.428
754	22.168	116.837	5.846	71.499	1.455
755	21.849	117.02	5.821	72.56	1.519
756	22.479	114.947	6.278	69.898	1.405
757	22.241	115.598	5.902	68.287	1.458
758	20.268	107.757	5.488	66.758	1.37
759	20.699	113.285	5.419	68.052	1.44
760	22.663	110.151	6.394	65.077	1.287
761	21.218	111.741	5.634	65.634	1.322
762	20.673	114.949	5.575	71.215	1.488
763	22.757	112.741	6.404	70.432	1.406
764	21.276	116.106	5.793	72.943	1.47
765	21.169	120.029	6.191	77.207	1.51
766	21.411	114.908	5.705	70.6	1.449
767	22.903	119.296	6.408	74.472	1.482
768	21.368	112.8	5.89	65.98	1.434
769	24.454	115.922	6.879	71.608	1.408
770	21.941	116.697	5.872	68.65	1.499
771	21.929	108.591	6.095	66.108	1.325
772	21.714	114.827	6.025	66.782	1.387
773	22.4	115.435	6.411	68.427	1.411
774	21.003	113.827	5.372	72.522	1.411
775	21.065	112.107	6.051	67.692	1.454
776	22.006	114.057	5.866	68.867	1.418
777	22.715	115.368	6.485	71.946	1.413
778	21.679	111.585	5.884	67.86	1.385
779	21.109	114.051	5.542	69.136	1.409
780	20.867	114.541	5.593	70.346	1.482
781	21.653	112.068	5.85	70.19	1.355
782	21.487	117.791	5.603	70.843	1.504
783	20.596	111.8	5.397	67.437	1.406
784	21.699	112.045	5.851	67.348	1.4
785	21.223	113.535	5.64	68.982	1.406
786	20.368	110.258	5.398	66.632	1.345
787	21.362	114.794	5.514	68.628	1.415
788	21.429	112.659	5.589	67.233	1.366
789	20.613	112.0	5.634	70.428	1.39
790	21.848	116.774	6.056	71.238	1.459
791	21.105	116.197	5.539	68.277	1.461
792	21.73	110.985	5.671	69.352	1.364
793	22.892	118.604	6.359	71.724	1.41
794	21.862	117.904	6.022	72.238	1.511
795	22.639	116.06	6.513	69.585	1.47
796	22.561	112.787	6.175	69.423	1.367
797	21.511	116.944	5.593	71.088	1.445
798	21.903	113.342	6.159	68.565	1.412
799	21.203	113.933	5.477	69.068	1.406
800	21.767	114.583	5.789	68.241	1.418
801	22.482	117.466	6.123	71.615	1.444
802	22.234	118.004	5.98	69.38	1.479
803	21.823	114.439	5.719	66.464	1.449
804	21.494	112.775	5.968	67.424	1.422
805	21.669	117.61	5.799	70.32	1.51
806	20.758	110.292	5.564	67.15	1.346
807	21.507	114.431	6.036	71.973	1.455
808	21.05	109.905	5.475	66.75	1.317
809	21.69	109.495	5.814	66.464	1.333
810	22.062	113.647	6.183	68.518	1.376
811	22.339	114.379	6.16	68.542	1.418
812	22.028	115.522	5.967	71.978	1.438
813	22.828	114.585	6.444	69.701	1.363
814	20.929	112.41	5.62	70.041	1.368
815	20.694	113.509	5.421	70.884	1.429
816	22.018	111.198	6.089	67.547	1.353
817	21.339	113.04	6.049	70.41	1.401
818	22.045	117.658	6.054	70.571	1.469
819	21.493	114.248	5.925	70.737	1.418
820	22.06	115.837	5.921	69.625	1.445
821	20.521	105.92	5.576	62.766	1.314
822	23.095	113.904	6.327	67.729	1.368
823	20.987	109.428	5.869	65.679	1.356
824	21.574	115.074	5.741	70.091	1.406
825	21.746	114.565	5.739	68.759	1.467
826	22.505	119.311	6.034	71.841	1.54
827	19.968	108.673	5.443	65.348	1.362
828	22.213	116.102	6.042	71.986	1.412
829	21.001	112.14	5.488	67.888	1.423
830	21.459	112.76	5.528	67.022	1.381
831	21.387	115.681	5.849	71.342	1.446
832	22.229	119.743	5.909	70.781	1.503
833	22.454	114.278	6.482	71.561	1.448
834	21.108	112.609	5.401	67.548	1.411
835	20.91	114.888	5.379	68.901	1.419
836	22.674	118.702	6.33	73.815	1.507
837	20.503	109.936	5.607	64.998	1.37
838	21.327	113.657	5.659	67.552	1.39
839	21.933	110.652	6.12	67.56	1.305
840	22.662	117.073	6.116	72.193	1.472
841	21.616	113.847	6.03	70.846	1.432
842	21.44	117.145	5.696	71.794	1.473
843	22.371	108.848	6.525	66.893	1.299
844	22.093	118.408	5.773	69.524	1.514
845	21.248	107.413	5.599	65.528	1.314
846	21.716	115.4	5.751	71.651	1.409
847	21.912	114.675	5.944	68.323	1.389
848	21.571	112.82	6.066	68.297	1.419
849	22.918	116.848	6.259	72.864	1.488
850	22.671	112.813	6.299	67.228	1.336
851	20.361	108.45	5.279	64.903	1.33
852	21.528	115.142	5.899	69.716	1.42
853	21.68	112.138	5.863	67.178	1.378
854	22.031	114.756	5.8	70.154	1.397
855	21.732	111.709	6.034	68.021	1.363
856	22.595	116.149	6.306	71.628	1.417
857	21.685	116.967	6.037	70.534	1.434
858	21.181	113.997	5.631	71.289	1.399
859	22.874	112.677	6.6	67.101	1.333
860	22.034	114.151	5.798	68.616	1.46
861	21.329	118.884	5.476	71.171	1.512
862	21.327	109.641	5.732	66.377	1.326
863	21.952	115.205	5.729	71.461	1.409
864	20.792	112.448	5.523	67.32	1.374
865	20.376	112.821	5.357	69.274	1.396
866	22.786	113.448	6.184	67.483	1.372
867	20.597	112.524	5.57	66.789	1.371
868	21.676	115.101	6.13	70.683	1.465
869	22.785	111.964	6.618	68.444	1.329
870	21.503	113.523	5.544	68.818	1.412
871	20.966	111.241	5.837	70.134	1.389
872	21.671	109.417	5.976	65.842	1.362
873	20.854	107.075	5.729	63.765	1.285
874	21.326	112.828	5.771	68.802	1.418
875	22.68	114.162	6.602	69.37	1.363
876	22.989	118.89	6.421	72.312	1.498
877	22.349	118.913	6.11	72.71	1.527
878	20.526	111.628	5.55	67.443	1.397
879	22.028	117.619	6.193	74.384	1.458
880	22.26	113.472	5.826	70.536	1.386
881	21.56	112.091	5.901	69.515	1.399
882	20.906	112.013	5.832	69.412	1.423
883	21.126	115.624	5.792	70.273	1.472
884	20.579	113.196	5.467	71.605	1.447
885	20.775	112.276	5.574	71.249	1.389
886	21.034	110.166	5.82	68.215	1.348
887	20.906	110.547	5.237	67.335	1.327
888	22.531	115.34	6.42	71.899	1.418
889	21.334	114.172	5.72	70.384	1.427
890	21.322	111.55	5.857	68.053	1.349
891	22.695	113.465	6.348	65.843	1.346
892	21.118	113.597	5.594	68.027	1.452
893	21.681	115.218	5.672	68.635	1.449
894	22.144	115.999	6.262	73.676	1.425
895	22.944	117.489	6.39	74.005	1.459
896	21.805	114.442	6.107	70.88	1.396
897	22.113	114.256	6.015	70.114	1.41
898	20.946	112.844	5.379	70.175	1.417
899	21.012	112.019	5.702	68.771	1.452
900	21.321	113.715	5.706	68.536	1.433
901	22.03	112.68	6.135	68.724	1.408
902	20.999	114.593	5.426	68.867	1.41
903	23.099	112.331	6.515	67.092	1.415
904	21.69	114.618	5.889	71.961	1.395
905	21.69	118.24	5.965	73.327	1.538
906	20.967	110.796	5.698	66.567	1.338
907	21.045	109.446	5.948	66.316	1.341
908	21.773	117.435	5.767	74.784	1.473
909	20.237	107.462	5.459	67.856	1.34
910	22.222	117.631	5.859	72.803	1.481
911	22.238	116.051	6.03	70.954	1.457
912	21.832	112.665	6.092	66.305	1.341
913	20.6	112.583	5.82	68.026	1.395
914	21.79	116.089	6.222	71.581	1.467
915	21.681	115.291	5.458	67.717	1.391
916	23.083	115.154	6.24	68.661	1.417
917	21.855	115.76	5.903	71.416	1.433
918	20.87	115.591	5.238	69.812	1.484
919	21.34	116.107	5.706	69.263	1.46
920	22.639	118.089	6.344	72.514	1.44
921	21.369	113.566	5.994	70.184	1.442
922	20.756	109.437	5.482	64.553	1.343
923	20.856	113.036	5.545	69.604	1.473
924	21.078	112.071	5.816	68.13	1.376
925	20.939	110.819	5.544	68.321	1.392
926	21.065	113.694	5.537	71.104	1.395
927	23.792	114.013	6.787	69.419	1.34
928	20.067	109.942	5.462	64.444	1.345
929	21.402	115.862	5.627	69.206	1.446
930	21.619	116.736	5.673	70.265	1.491
931	22.512	119.715	6.154	72.941	1.517
932	21.439	112.602	5.584	69.14	1.405
933	23.405	113.188	6.559	69.091	1.384
934	19.866	107.352	5.141	66.993	1.34
935	22.65	118.137	6.292	73.754	1.482
936	21.706	113.418	5.614	70.427	1.421
937	21.62	112.007	5.872	66.165	1.416
938	21.852	118.794	5.999	72.432	1.581
939	21.217	115.308	5.578	69.64	1.503
940	20.373	109.92	5.689	67.843	1.36
941	21.647	112.9	6.136	68.525	1.392
942	20.799	108.159	5.577	68.687	1.386
943	21.291	110.486	5.683	68.306	1.311
944	20.15	115.211	5.138	68.602	1.516
945	21.471	110.684	5.894	68.154	1.351
946	22.583	114.597	6.278	69.618	1.36
947	21.071	113.301	5.888	70.475	1.408
948	22.102	110.647	6.416	70.977	1.338
949	21.703	113.928	5.882	68.34	1.387
950	21.772	111.804	6.301	70.135	1.435
951	21.631	112.792	5.813	68.022	1.462
952	21.459	114.928	5.763	70.284	1.459
953	21.869	114.654	6.427	71.869	1.426
954	22.767	117.662	6.283	72.268	1.448
955	21.987	115.188	5.982	70.505	1.441
956	22.077	116.429	6.317	72.529	1.467
957	20.928	113.581	5.59	72.686	1.424
958	21.627	110.809	6.343	69.733	1.371
959	21.323	109.6	5.667	65.636	1.333
960	21.971	115.502	5.853	69.63	1.414
961	24.005	116.861	6.795	70.204	1.419
962	21.255	113.842	5.764	71.975	1.408
963	22.236	110.012	6.237	68.802	1.316
964	21.513	111.693	5.891	68.897	1.402
965	22.285	110.931	6.344	67.592	1.28
966	21.373	115.385	5.969	72.185	1.449
967	22.485	119.415	6.605	73.186	1.51
968	21.046	111.074	5.832	69.066	1.431
969	21.653	113.396	5.814	69.074	1.372
970	21.354	114.318	5.891	68.82	1.473
971	21.065	110.853	5.54	65.354	1.35
972	22.157	111.787	5.919	68.141	1.352
973	21.518	114.358	5.745	70.642	1.439
974	20.071	107.854	5.432	66.332	1.33
975	21.325	110.785	5.884	68.696	1.351
976	21.388	117.241	5.869	69.043	1.504
977	23.14	118.905	6.425	73.817	1.528
978	20.398	110.062	5.556	68.633	1.365
979	23.637	117.678	6.634	70.387	1.435
980	21.402	112.232	5.495	67.609	1.384
981	21.155	117.456	5.308	72.643	1.524
982	22.741	113.528	6.423	69.402	1.423
983	21.496	112.168	5.758	68.009	1.371
984	21.013	110.653	5.391	64.952	1.337
985	22.719	110.939	6.191	65.998	1.307
986	20.892	114.592	5.679	69.669	1.444
987	21.53	118.059	5.613	72.817	1.532
988	23.338	119.831	6.505	73.753	1.527
989	22.796	115.005	6.466	69.617	1.387
990	21.156	112.741	5.757	69.435	1.396
991	20.554	112.402	5.285	68.051	1.488
992	21.188	111.283	5.701	66.534	1.415
993	21.783	116.054	5.734	69.32	1.454
994	22.344	112.451	5.98	68.96	1.385
995	21.436	110.807	6.323	69.368	1.38
996	22.124	110.503	5.904	69.359	1.309
997	21.093	112.487	5.523	68.556	1.413
998	21.688	115.35	5.901	68.638	1.428
999	23.008	114.872	6.502	70.285	1.426
1000	20.153	106.349	5.509	67.293	1.351
