MutationType	DBS78A	DBS78B	DBS78C
AC>CA	0.004952222077515745	0.0050083164987259005	1.887764211548982e-05
AC>CG	0.0011581095032142886	3.0481253800630894e-06	4.903233138896139e-07
AC>CT	0.007539981334912082	0.0037909307911980633	0.0002880000968217108
AC>GA	0.0017318244153597697	0.00902681150793843	0.0002561263892681216
AC>GG	0.0010568151497673548	3.217419916509051e-06	4.98790162195135e-07
AC>GT	0.005046858528581985	0.0014819071786657224	0.004939241526017694
AC>TA	0.006822632932513491	0.0021790193124290786	0.004968698881667041
AC>TG	1.793246770535147e-06	5.55391289809049e-06	5.96804528157452e-07
AC>TT	0.013748341184530503	0.002396335457302323	4.9458035281680965e-05
AT>CA	0.001210563585003567	0.0016094854196955794	0.00027326609906553023
AT>CC	0.0011226801383526924	3.220591057873476e-06	4.922763247661409e-07
AT>CG	1.793246770535147e-06	5.55391289809049e-06	5.96804528157452e-07
AT>GA	0.004914355178674387	0.007071875420599882	0.00016688858679228375
AT>GC	0.0018774805571105007	3.335401017352609e-05	0.0038623397284710545
AT>TA	0.004567305181591707	0.0114746621087692	0.0003041297399096877
CC>AA	0.009290591875331823	0.10047454523916903	0.08406096631223244
CC>AG	0.0047666992419518215	0.011522455872876411	0.022702695593455297
CC>AT	0.019636330082839513	0.08383162027255696	0.009591581719806456
CC>GA	0.001249346817533698	0.012277579078957703	2.643585366811964e-05
CC>GG	0.0033650063420876796	0.001720262618330556	0.00027187057654700053
CC>GT	0.010650510469461328	0.018671143711907052	3.150784492521013e-06
CC>TA	0.01608443844323537	0.04734857225606789	0.004866123240895097
CC>TG	0.01206311946480756	0.006483259488399332	0.005434790896764238
CC>TT	0.6588938989332255	0.0017139519359032364	0.0047022603047677585
CG>AT	0.0012590280286303326	0.0011460068389053898	0.003934123143334153
CG>GC	1.793246770535147e-06	5.55391289809049e-06	5.96804528157452e-07
CG>GT	1.2655789413048863e-06	4.876328558878361e-06	0.0031864647116411657
CG>TA	1.793246770535147e-06	5.55391289809049e-06	5.96804528157452e-07
CG>TC	0.0010425513485989863	0.0016250831513937908	0.004109059499023292
CG>TT	0.0010127744688671581	3.6705982423116546e-06	4.7380897037105263e-07
CT>AA	0.00012109753707518975	0.054190644312049625	0.03367299796900757
CT>AC	9.119171887529597e-07	8.052885576646531e-07	0.5313639127479509
CT>AG	0.0007338938884052019	0.018676953734018446	0.001294038096971339
CT>GA	2.9915790831360275e-07	0.009977475410704715	0.0004617987658842191
CT>GC	0.0010760654133077023	0.001892337658769345	0.00019105406500288845
CT>GG	0.0013535920673960439	0.005310832946343745	0.0004675504408339376
CT>TA	0.004439573952561669	0.02263122443633682	3.356237234444219e-07
CT>TC	0.009780206837589556	0.012222856325443898	6.38583973392953e-05
CT>TG	0.004709464193004846	0.005285940940431123	0.00019316429755484904
GC>AA	0.017081948284739985	0.045280206900798904	0.004869034357023064
GC>AG	0.00421508421188969	0.016752705276076856	0.01559164860264833
GC>AT	0.0011840111218192795	0.018560300786660724	1.0028949362984047e-05
GC>CA	0.0018854076923708806	0.009199734659877319	0.008942350400103926
GC>CG	1.793246770535147e-06	5.55391289809049e-06	5.96804528157452e-07
GC>TA	0.0015416012349235713	0.006507784454558034	0.004847178381665787
TA>AT	0.0043751136694346665	0.0053362786730193545	0.00440401713114562
TA>CG	0.001073334896067824	3.5293193135115036e-06	4.7504619329201844e-07
TA>CT	0.005048592494138075	0.008484352344793625	0.0037633231515115683
TA>GC	1.793246770535147e-06	5.55391289809049e-06	5.96804528157452e-07
TA>GG	1.793246770535147e-06	5.55391289809049e-06	5.96804528157452e-07
TA>GT	0.00323087137088235	2.0842353688752953e-06	3.894871275723997e-07
TC>AA	0.0009032890390541593	0.09697850663326534	0.019429491084211846
TC>AG	0.0021680985852455398	0.035051376286105156	3.7857755372794344e-05
TC>AT	0.01263381455376024	0.05892024453547745	1.0442811040366881e-07
TC>CA	0.005962653965658518	0.019747800435359966	8.744187834678781e-06
TC>CG	0.00012062832425793235	0.0014457378295206734	0.004008622071871976
TC>CT	0.008695420280947367	0.017742320010978068	0.004122536645600368
TC>GA	0.001015889215828217	0.009536291365071324	0.005066585102181651
TC>GG	0.0011476922653807305	0.0016565784914447143	0.00024736859385559814
TC>GT	0.005193698360960614	0.016970687622840756	0.004516839228889117
TG>AA	0.005142517394496951	0.011222539284921956	0.005813139880638491
TG>AC	0.004442148921335805	0.0019937498719793277	3.044577656354634e-07
TG>AT	0.02455064827190573	0.013100689311727262	0.03151105412719891
TG>CA	0.007403651550124721	0.0002618947369326005	2.041457228451896e-05
TG>CC	0.0028936621071338985	0.00029449362658327425	0.006878864956687633
TG>CT	0.014512775706737577	0.06974385338074049	0.009012778398482968
TG>GA	0.0037165709117688516	0.0009903652750754305	3.224784752752586e-05
TG>GC	0.0010985397559175525	3.520927369479743e-06	4.6334579143081997e-07
TG>GT	0.003176034400803699	0.03402078440875967	0.12920466750665027
TT>AA	0.010484252081478589	0.009221542431284315	0.005436715437001384
TT>AC	0.00277354810250684	0.004848436511345451	0.00039495465214269194
TT>AG	0.0014699186001336068	0.005258890811830822	0.0004268591147009155
TT>CA	0.007568115006795925	0.00625551337779654	6.916419166208487e-05
TT>CC	0.007778252842279359	0.005141552962705417	0.0008666936422721056
TT>CG	0.0031976477594430446	2.2660352881233052e-06	3.8368695892401865e-07
TT>GA	0.003940574195107398	0.0020998086793983187	0.004555772503015877
TT>GC	0.0010450401800524145	3.5319721446029523e-06	4.7633786602431766e-07
TT>GG	3.6564090147234395e-05	0.006226886857523577	0.00017705813986739039
