Iteration	L1	L1 %	L2	L2 %	KL Divergence
1	97.946	8.555	25.883	3.825	0.035
2	100.457	9.079	27.043	4.253	0.036
3	102.91	9.097	28.422	4.427	0.035
4	96.528	8.579	25.569	3.999	0.033
5	111.183	9.733	33.458	4.932	0.035
6	106.15	9.494	29.886	4.609	0.036
7	102.977	9.282	27.881	4.422	0.036
8	102.653	9.082	27.857	4.246	0.036
9	101.062	9.044	27.694	4.341	0.036
10	104.137	9.124	28.862	4.301	0.035
11	100.593	8.896	26.586	4.058	0.037
12	98.206	8.769	26.613	4.073	0.035
13	101.162	8.987	26.781	4.166	0.035
14	102.103	8.951	27.525	4.171	0.035
15	101.386	8.987	27.229	4.144	0.037
16	103.07	9.228	27.697	4.289	0.036
17	100.937	8.868	26.992	4.069	0.035
18	106.238	9.415	30.496	4.693	0.035
19	100.806	8.966	27.711	4.256	0.036
20	105.43	9.285	29.653	4.447	0.035
21	97.133	8.622	25.189	3.921	0.034
22	102.659	9.326	28.34	4.585	0.036
23	106.277	9.413	29.502	4.508	0.036
24	101.908	9.013	28.291	4.339	0.034
25	96.377	8.586	25.085	3.913	0.034
26	102.034	8.96	27.624	4.239	0.035
27	105.115	9.206	28.87	4.301	0.036
28	101.189	9.059	27.568	4.266	0.035
29	101.306	8.885	27.29	4.154	0.035
30	100.592	8.971	27.0	4.161	0.036
31	109.717	9.75	32.663	4.938	0.035
32	100.197	9.09	27.09	4.268	0.037
33	103.908	9.077	28.572	4.269	0.035
34	100.087	8.847	27.379	4.139	0.034
35	103.144	9.271	28.657	4.531	0.035
36	106.081	9.4	29.395	4.507	0.036
37	99.913	8.767	25.941	3.91	0.036
38	96.379	8.702	25.553	4.095	0.034
39	103.557	9.017	28.321	4.227	0.035
40	98.483	8.731	26.91	4.203	0.034
41	101.358	8.997	27.588	4.172	0.036
42	102.01	9.189	27.994	4.31	0.036
43	106.678	9.429	29.159	4.387	0.037
44	99.348	8.866	26.381	4.1	0.035
45	107.628	9.496	30.182	4.56	0.036
46	97.399	8.541	25.625	3.872	0.036
47	98.462	8.722	27.377	4.176	0.033
48	107.781	9.486	31.003	4.672	0.034
49	98.62	8.687	25.348	3.79	0.035
50	102.744	9.058	27.821	4.195	0.036
51	99.557	8.782	26.947	4.135	0.035
52	100.163	8.915	26.19	3.99	0.036
53	100.377	9.038	26.607	4.183	0.036
54	106.901	9.564	29.586	4.608	0.037
55	102.753	9.14	28.059	4.289	0.036
56	99.685	8.834	27.407	4.181	0.033
57	95.955	8.47	24.698	3.76	0.036
58	95.331	8.321	25.093	3.782	0.033
59	96.744	8.816	25.778	4.224	0.035
60	97.024	8.578	25.501	3.865	0.036
61	107.778	9.476	29.846	4.444	0.037
62	100.069	8.875	28.023	4.236	0.034
63	108.602	9.484	30.512	4.591	0.036
64	100.443	8.976	27.608	4.273	0.035
65	96.862	8.566	25.259	3.795	0.036
66	104.964	9.173	30.319	4.516	0.035
67	103.645	9.194	28.15	4.252	0.036
68	104.946	9.26	28.708	4.39	0.037
69	100.025	8.681	26.188	3.84	0.036
70	105.559	9.345	28.908	4.449	0.037
71	104.757	9.212	30.374	4.528	0.035
72	100.491	9.121	27.888	4.499	0.035
73	98.185	8.606	26.05	3.895	0.035
74	101.362	8.857	27.199	4.081	0.036
75	102.107	9.147	27.514	4.32	0.036
76	102.472	9.062	28.549	4.368	0.035
77	99.44	8.8	26.581	4.041	0.036
78	104.978	9.357	29.454	4.608	0.036
79	104.588	9.242	29.343	4.535	0.035
80	105.528	9.388	29.422	4.541	0.035
81	97.194	8.62	24.851	3.787	0.036
82	100.4	8.831	27.037	4.092	0.035
83	99.899	8.753	25.991	3.911	0.034
84	101.752	8.859	27.056	4.009	0.037
85	102.981	9.125	27.771	4.288	0.036
86	102.523	9.018	28.645	4.296	0.035
87	101.4	8.997	26.941	4.157	0.036
88	103.761	9.163	28.838	4.366	0.035
89	104.403	9.126	28.549	4.292	0.036
90	106.194	9.334	30.037	4.523	0.036
91	104.287	9.145	27.984	4.261	0.035
92	97.577	8.626	25.955	3.946	0.034
93	100.381	8.975	26.67	4.159	0.037
94	111.941	9.872	32.796	4.996	0.036
95	97.862	8.658	24.803	3.772	0.036
96	98.909	8.912	26.768	4.267	0.035
97	90.913	8.18	23.454	3.731	0.033
98	104.507	9.256	29.998	4.497	0.035
99	103.449	9.203	28.674	4.441	0.035
100	100.343	9.021	27.359	4.387	0.035
101	101.777	9.073	28.087	4.419	0.033
102	100.13	8.891	27.15	4.108	0.035
103	103.21	9.115	27.952	4.273	0.036
104	99.782	8.765	26.887	4.074	0.035
105	107.685	9.481	30.203	4.585	0.035
106	101.903	9.001	27.073	4.152	0.036
107	102.407	8.951	27.194	4.036	0.035
108	92.327	8.211	23.439	3.673	0.033
109	102.85	9.104	28.243	4.4	0.034
110	98.674	8.626	26.004	3.88	0.035
111	98.526	8.807	25.993	4.098	0.035
112	103.82	9.139	28.512	4.262	0.037
113	102.381	9.129	28.369	4.373	0.034
114	103.45	9.109	29.448	4.415	0.035
115	108.112	9.633	30.715	4.702	0.037
116	101.515	9.069	28.092	4.297	0.036
117	88.204	7.798	20.385	3.158	0.035
118	100.098	8.779	27.06	4.043	0.035
119	97.105	8.638	25.82	3.996	0.035
120	102.33	8.944	26.18	3.954	0.036
121	103.533	9.056	28.775	4.274	0.035
122	104.539	9.396	28.627	4.538	0.036
123	103.032	9.186	28.719	4.354	0.035
124	103.534	9.189	27.889	4.322	0.036
125	101.027	9.066	27.304	4.271	0.035
126	99.949	8.939	27.683	4.371	0.035
127	105.948	9.432	30.145	4.556	0.037
128	101.861	9.057	27.502	4.316	0.034
129	96.398	8.602	26.076	3.972	0.034
130	102.262	9.047	26.831	4.085	0.037
131	97.863	8.517	25.31	3.777	0.034
132	105.987	9.504	29.158	4.623	0.036
133	103.461	9.124	28.94	4.355	0.035
134	103.45	9.192	27.23	4.209	0.037
135	101.835	9.216	27.484	4.293	0.037
136	106.164	9.369	29.968	4.523	0.036
137	100.151	8.881	27.112	4.19	0.034
138	106.97	9.521	29.154	4.416	0.038
139	101.941	8.962	27.305	4.153	0.035
140	103.856	9.232	29.399	4.431	0.034
141	101.321	9.023	27.632	4.276	0.034
142	104.745	9.309	28.787	4.465	0.035
143	99.908	8.753	25.782	3.893	0.036
144	104.728	9.319	28.131	4.338	0.036
145	99.691	8.847	26.307	4.114	0.035
146	102.352	9.102	28.144	4.288	0.035
147	102.249	9.009	27.557	4.142	0.036
148	104.045	9.088	28.299	4.239	0.035
149	100.565	9.102	26.424	4.265	0.037
150	102.793	9.038	29.253	4.362	0.034
151	99.295	8.871	26.712	4.153	0.034
152	97.995	8.789	26.327	4.167	0.036
153	105.636	9.33	29.709	4.512	0.035
154	99.726	8.925	26.702	4.114	0.036
155	98.984	8.739	25.758	3.896	0.036
156	113.279	9.969	33.463	5.001	0.036
157	104.052	9.327	29.631	4.599	0.036
158	99.025	8.741	26.352	4.043	0.035
159	103.029	9.21	28.784	4.435	0.035
160	104.017	9.242	28.615	4.37	0.035
161	106.418	9.553	29.429	4.608	0.037
162	100.659	8.865	27.457	4.144	0.036
163	106.365	9.49	29.706	4.557	0.037
164	104.77	9.29	28.773	4.407	0.035
165	101.695	9.093	27.956	4.343	0.036
166	102.12	8.97	28.486	4.271	0.035
167	103.514	9.111	28.038	4.274	0.036
168	102.71	9.14	27.706	4.259	0.036
169	95.96	8.491	25.26	3.855	0.034
170	103.342	9.17	28.615	4.38	0.034
171	102.17	9.062	27.78	4.285	0.036
172	97.597	8.807	26.05	4.149	0.034
173	98.829	8.768	27.349	4.134	0.035
174	104.677	9.328	28.379	4.418	0.035
175	104.323	9.188	28.74	4.314	0.036
176	103.263	9.079	28.65	4.269	0.036
177	98.109	8.564	25.801	3.881	0.034
178	99.403	8.786	26.586	4.031	0.035
179	101.38	9.03	26.718	4.115	0.035
180	97.787	8.718	26.26	4.092	0.034
181	105.068	9.271	29.128	4.43	0.035
182	96.352	8.533	25.027	3.92	0.034
183	99.645	8.797	27.302	4.098	0.034
184	100.067	8.786	26.428	4.011	0.036
185	100.956	8.839	26.729	3.996	0.035
186	101.913	9.05	27.187	4.148	0.035
187	94.871	8.258	24.115	3.579	0.035
188	102.929	9.203	28.923	4.464	0.035
189	105.751	9.326	30.254	4.561	0.035
190	105.48	9.145	30.018	4.376	0.035
191	103.54	9.223	28.647	4.412	0.036
192	104.096	9.247	28.658	4.382	0.036
193	104.537	9.163	29.825	4.473	0.034
194	102.773	9.057	29.77	4.419	0.034
195	105.426	9.359	30.353	4.61	0.033
196	97.928	8.817	25.823	4.044	0.036
197	95.628	8.493	25.076	3.833	0.035
198	105.452	9.356	29.859	4.55	0.036
199	103.564	9.202	29.557	4.481	0.035
200	100.473	8.922	26.899	4.112	0.035
201	103.063	9.224	28.92	4.478	0.035
202	100.474	8.895	28.409	4.308	0.033
203	100.355	9.036	27.162	4.276	0.035
204	102.426	8.946	27.693	4.13	0.035
205	99.593	8.78	26.938	4.129	0.035
206	102.271	9.186	26.885	4.258	0.036
207	100.773	9.001	27.778	4.247	0.035
208	97.356	8.707	26.8	4.142	0.035
209	97.791	8.728	25.692	4.073	0.035
210	97.347	8.522	25.592	3.8	0.035
211	105.043	9.196	31.065	4.58	0.034
212	97.825	8.675	25.52	3.88	0.035
213	98.333	8.648	26.716	4.042	0.035
214	101.051	8.997	27.497	4.265	0.035
215	104.495	9.406	30.547	4.796	0.034
216	97.227	8.781	26.71	4.237	0.035
217	107.139	9.496	30.648	4.671	0.036
218	106.657	9.467	29.525	4.502	0.036
219	100.03	8.863	27.355	4.148	0.035
220	99.496	8.847	25.515	3.928	0.035
221	102.796	9.208	28.228	4.432	0.036
222	100.87	8.83	27.26	4.068	0.036
223	99.554	8.82	27.113	4.092	0.035
224	105.244	9.231	29.628	4.443	0.035
225	104.099	9.047	28.703	4.333	0.035
226	104.897	9.278	29.144	4.445	0.035
227	102.832	9.027	29.065	4.359	0.035
228	98.782	8.751	26.022	3.992	0.036
229	103.17	9.19	28.624	4.437	0.036
230	110.215	9.647	31.329	4.672	0.036
231	104.376	9.143	29.395	4.371	0.034
232	105.523	9.428	29.972	4.611	0.035
233	102.452	9.133	28.784	4.455	0.034
234	104.72	9.428	28.657	4.551	0.036
235	103.315	9.107	29.25	4.44	0.035
236	102.569	8.994	29.363	4.377	0.034
237	102.302	9.031	27.949	4.217	0.033
238	103.255	9.171	28.923	4.403	0.036
239	97.541	8.693	25.354	3.892	0.036
240	102.586	8.998	28.157	4.237	0.034
241	102.715	9.116	28.187	4.322	0.035
242	101.842	8.925	28.241	4.237	0.034
243	98.897	8.767	26.745	4.099	0.034
244	99.809	8.818	27.415	4.189	0.034
245	95.655	8.503	24.386	3.785	0.034
246	100.291	8.783	26.885	4.039	0.035
247	108.606	9.542	30.585	4.579	0.036
248	100.598	8.971	27.25	4.293	0.035
249	102.665	9.075	27.512	4.212	0.036
250	101.344	9.074	27.485	4.288	0.035
251	105.133	9.182	29.525	4.415	0.035
252	100.456	8.867	27.494	4.172	0.035
253	102.812	9.0	28.7	4.33	0.034
254	101.758	8.946	26.943	4.064	0.036
255	107.978	9.646	30.095	4.727	0.037
256	97.516	8.698	25.813	4.052	0.036
257	105.547	9.475	30.261	4.755	0.035
258	103.16	9.285	28.965	4.535	0.036
259	102.399	8.984	28.371	4.226	0.035
260	102.753	9.213	28.513	4.427	0.036
261	97.601	8.614	25.399	3.925	0.035
262	100.421	8.902	27.165	4.173	0.035
263	102.953	9.1	27.896	4.35	0.035
264	102.134	8.994	28.036	4.164	0.035
265	106.882	9.333	30.687	4.52	0.035
266	104.706	9.054	28.744	4.207	0.036
267	101.364	9.017	27.769	4.263	0.035
268	103.182	9.093	27.826	4.226	0.035
269	103.651	9.244	28.816	4.407	0.037
270	100.514	8.861	27.901	4.194	0.035
271	102.607	8.924	28.521	4.259	0.034
272	102.259	9.229	29.313	4.554	0.035
273	104.461	9.448	29.038	4.498	0.038
274	106.842	9.449	29.354	4.392	0.038
275	96.172	8.436	25.456	3.819	0.035
276	102.686	9.156	28.341	4.391	0.034
277	103.175	9.254	28.383	4.427	0.036
278	108.455	9.502	30.5	4.631	0.036
279	96.825	8.596	25.926	4.052	0.034
280	97.61	8.719	25.736	3.995	0.035
281	104.487	9.357	30.144	4.745	0.035
282	95.064	8.438	24.254	3.729	0.035
283	103.744	9.294	29.617	4.65	0.035
284	110.123	9.72	32.651	4.897	0.035
285	101.473	8.869	27.491	4.083	0.035
286	99.439	8.794	26.201	4.064	0.036
287	100.801	9.074	28.231	4.396	0.035
288	97.035	8.568	26.71	4.042	0.033
289	102.386	8.884	28.093	4.126	0.034
290	99.606	8.911	27.021	4.189	0.035
291	98.99	8.813	26.065	3.997	0.036
292	98.477	8.858	26.117	4.119	0.035
293	97.113	8.725	25.373	4.04	0.035
294	99.546	8.789	26.323	4.041	0.036
295	104.085	9.228	28.745	4.359	0.036
296	92.532	8.294	23.861	3.735	0.034
297	96.654	8.537	24.948	3.799	0.036
298	102.828	9.101	28.301	4.316	0.036
299	101.952	8.959	28.043	4.216	0.035
300	100.602	8.94	27.019	4.176	0.035
301	100.797	8.833	27.371	4.076	0.035
302	103.506	9.148	28.852	4.4	0.035
303	100.807	8.953	28.259	4.367	0.034
304	98.021	8.654	25.874	3.962	0.033
305	102.269	9.083	28.271	4.338	0.035
306	98.926	8.765	26.161	4.034	0.037
307	102.001	8.932	26.989	4.104	0.036
308	105.793	9.455	30.233	4.622	0.037
309	108.341	9.684	30.764	4.767	0.036
310	101.56	9.215	29.634	4.628	0.034
311	104.214	9.117	28.35	4.252	0.036
312	103.58	9.1	27.851	4.266	0.036
313	95.852	8.454	25.394	3.948	0.034
314	102.68	9.185	27.443	4.33	0.035
315	100.475	8.836	26.449	4.009	0.035
316	104.996	9.437	29.196	4.642	0.037
317	94.664	8.38	25.274	3.848	0.033
318	98.725	8.617	26.384	3.96	0.034
319	100.572	8.99	27.015	4.218	0.036
320	99.322	8.861	26.832	4.122	0.035
321	94.306	8.252	24.346	3.683	0.034
322	100.545	8.884	28.266	4.323	0.034
323	104.867	9.403	29.009	4.598	0.035
324	100.359	8.861	27.439	4.157	0.034
325	102.175	9.006	28.894	4.291	0.035
326	99.027	8.862	26.993	4.194	0.033
327	111.327	9.875	32.521	5.017	0.035
328	98.62	8.766	26.194	3.942	0.036
329	102.001	8.908	27.418	4.044	0.036
330	101.685	8.938	28.087	4.234	0.035
331	102.982	9.2	27.832	4.335	0.036
332	104.864	9.206	28.656	4.305	0.036
333	104.391	9.244	28.24	4.382	0.035
334	105.47	9.366	30.244	4.611	0.035
335	96.858	8.593	26.409	4.023	0.034
336	104.826	9.25	29.976	4.469	0.035
337	103.232	9.116	28.022	4.323	0.037
338	102.431	9.216	28.769	4.5	0.036
339	100.034	8.974	26.229	4.167	0.036
340	103.073	9.142	28.642	4.358	0.035
341	104.705	9.274	29.577	4.554	0.034
342	100.177	8.87	27.756	4.201	0.035
343	107.583	9.612	30.193	4.636	0.036
344	104.226	9.301	28.822	4.5	0.035
345	102.078	8.893	28.055	4.111	0.035
346	105.007	9.122	29.654	4.321	0.035
347	98.2	8.752	26.334	4.097	0.034
348	98.532	8.847	26.337	4.207	0.034
349	101.203	8.984	27.15	4.19	0.035
350	103.235	9.043	28.165	4.226	0.035
351	98.617	8.719	25.875	3.956	0.036
352	108.348	9.51	30.358	4.601	0.036
353	104.621	9.29	28.222	4.353	0.036
354	102.122	9.016	27.207	4.151	0.035
355	98.171	8.717	26.205	4.074	0.034
356	95.333	8.362	25.03	3.813	0.033
357	101.01	9.008	27.581	4.265	0.035
358	99.9	8.92	26.087	3.996	0.037
359	93.877	8.431	23.476	3.658	0.035
360	95.082	8.321	24.728	3.719	0.033
361	100.976	8.93	27.031	4.228	0.035
362	105.492	9.311	29.135	4.348	0.035
363	101.166	9.057	28.18	4.311	0.035
364	105.83	9.319	30.207	4.499	0.035
365	101.363	9.002	27.475	4.224	0.036
366	102.078	8.921	27.014	4.044	0.035
367	108.558	9.628	30.857	4.685	0.036
368	102.892	9.089	27.747	4.169	0.036
369	102.475	9.08	28.104	4.298	0.036
370	101.274	9.072	27.586	4.323	0.036
371	104.188	9.106	28.247	4.214	0.035
372	99.205	8.804	27.033	4.187	0.034
373	102.584	9.193	29.191	4.531	0.034
374	100.666	8.827	27.904	4.153	0.035
375	102.053	9.183	28.504	4.435	0.036
376	99.216	8.731	27.152	4.088	0.034
377	99.459	8.885	26.101	4.057	0.036
378	104.523	9.4	29.249	4.598	0.036
379	98.405	8.711	26.101	4.017	0.035
380	103.691	9.07	28.763	4.318	0.035
381	102.956	9.273	28.01	4.318	0.037
382	100.07	8.867	26.557	4.071	0.035
383	107.89	9.71	30.014	4.707	0.037
384	99.42	8.842	25.99	4.014	0.035
385	101.876	9.083	27.943	4.347	0.035
386	100.81	9.02	27.224	4.256	0.036
387	100.664	8.847	26.516	4.029	0.035
388	100.229	9.079	27.921	4.483	0.035
389	102.972	9.003	28.314	4.265	0.034
390	103.98	9.135	29.185	4.322	0.035
391	94.959	8.48	23.995	3.787	0.035
392	99.619	8.789	26.498	4.032	0.035
393	100.318	8.708	27.007	4.013	0.034
394	103.66	9.125	28.844	4.346	0.035
395	102.001	8.951	28.63	4.272	0.034
396	104.0	9.169	28.514	4.339	0.035
397	97.858	8.553	25.761	3.841	0.035
398	107.934	9.678	31.068	4.843	0.036
399	105.703	9.159	29.537	4.34	0.035
400	101.039	8.841	26.731	4.06	0.035
401	100.987	8.991	27.102	4.225	0.034
402	106.006	9.369	29.949	4.528	0.036
403	101.802	9.0	27.59	4.232	0.035
404	103.674	9.034	28.36	4.209	0.035
405	100.176	8.758	26.767	3.982	0.036
406	101.936	9.081	28.597	4.424	0.035
407	108.971	9.589	31.217	4.738	0.035
408	95.433	8.387	24.89	3.76	0.034
409	95.219	8.436	25.383	3.878	0.033
410	97.829	8.542	25.626	3.824	0.035
411	97.193	8.728	24.209	3.794	0.036
412	110.305	9.81	31.133	4.734	0.038
413	101.7	9.099	27.045	4.278	0.036
414	108.414	9.547	30.44	4.648	0.036
415	104.662	9.261	29.686	4.539	0.035
416	103.003	9.252	28.023	4.391	0.037
417	104.111	9.262	28.182	4.369	0.036
418	104.212	9.148	28.997	4.353	0.035
419	102.725	9.163	28.025	4.332	0.035
420	102.835	9.12	28.066	4.321	0.036
421	99.077	8.783	25.564	3.938	0.035
422	106.36	9.32	29.971	4.541	0.034
423	98.082	8.833	26.288	4.141	0.035
424	96.695	8.606	25.384	3.872	0.035
425	100.748	9.099	27.151	4.19	0.037
426	100.964	8.936	26.568	4.12	0.035
427	95.97	8.576	24.156	3.742	0.036
428	104.785	9.358	30.38	4.674	0.035
429	105.87	9.398	29.393	4.48	0.036
430	101.947	9.006	27.954	4.282	0.034
431	102.558	9.163	27.257	4.282	0.037
432	103.047	9.096	27.98	4.223	0.036
433	102.024	9.046	27.63	4.228	0.036
434	103.367	9.153	29.499	4.521	0.033
435	101.55	8.992	26.982	4.131	0.037
436	99.458	8.912	26.365	4.164	0.036
437	102.822	8.992	28.822	4.281	0.035
438	108.098	9.713	31.015	4.853	0.036
439	95.189	8.422	24.847	3.758	0.034
440	99.531	8.753	26.483	4.021	0.035
441	107.681	9.598	30.316	4.694	0.036
442	99.884	8.918	26.641	4.195	0.036
443	104.129	9.253	29.965	4.586	0.035
444	104.542	9.199	28.939	4.328	0.035
445	102.758	9.188	27.884	4.343	0.036
446	100.838	8.891	26.918	4.075	0.036
447	104.194	9.351	28.408	4.443	0.038
448	99.837	8.873	27.509	4.266	0.035
449	105.566	9.225	29.284	4.419	0.034
450	105.592	9.302	29.312	4.501	0.036
451	105.661	9.309	29.922	4.56	0.035
452	105.459	9.381	29.245	4.504	0.035
453	102.028	8.913	27.763	4.144	0.035
454	100.755	8.994	26.585	4.087	0.037
455	100.822	8.97	26.45	4.018	0.037
456	96.257	8.699	25.221	4.04	0.034
457	107.187	9.527	29.347	4.431	0.036
458	102.037	8.894	27.823	4.156	0.035
459	103.293	9.304	29.357	4.605	0.035
460	105.001	9.312	29.082	4.378	0.036
461	102.378	8.994	28.417	4.269	0.034
462	105.046	9.45	28.871	4.525	0.037
463	95.793	8.563	24.434	3.802	0.036
464	101.75	8.961	28.177	4.211	0.036
465	105.559	9.271	29.675	4.424	0.036
466	101.655	8.96	28.674	4.367	0.034
467	100.171	8.967	27.517	4.39	0.035
468	96.666	8.551	25.639	3.925	0.034
469	102.411	9.168	28.048	4.426	0.036
470	103.781	9.198	28.334	4.257	0.036
471	97.323	8.698	25.241	3.875	0.036
472	97.902	8.725	25.782	3.983	0.036
473	100.604	8.872	27.032	4.1	0.035
474	101.487	8.981	27.195	4.053	0.036
475	101.259	9.033	27.9	4.298	0.035
476	99.952	8.961	26.768	4.225	0.036
477	100.103	8.971	26.994	4.27	0.035
478	106.265	9.358	29.135	4.463	0.036
479	107.296	9.439	30.215	4.556	0.036
480	98.231	8.606	25.627	3.872	0.034
481	102.663	9.013	26.627	4.047	0.037
482	100.57	8.876	27.253	4.115	0.035
483	104.492	9.299	27.45	4.25	0.037
484	100.89	8.859	27.966	4.23	0.034
485	98.977	8.817	26.937	4.165	0.035
486	102.933	9.125	28.383	4.332	0.036
487	105.408	9.284	28.605	4.334	0.036
488	98.518	8.686	25.973	3.978	0.034
489	103.078	9.115	26.756	4.104	0.036
490	102.08	9.062	29.182	4.411	0.034
491	105.718	9.559	30.618	4.854	0.036
492	102.122	9.05	26.888	4.175	0.036
493	103.122	9.208	28.602	4.543	0.035
494	103.629	9.061	28.686	4.314	0.035
495	101.666	8.991	27.491	4.259	0.035
496	101.657	9.058	27.227	4.279	0.035
497	99.945	8.881	26.135	4.046	0.036
498	100.976	9.062	27.746	4.344	0.035
499	99.608	8.666	27.045	4.056	0.033
500	97.759	8.706	26.002	3.988	0.036
501	103.428	9.15	28.241	4.318	0.034
502	97.265	8.717	24.965	3.913	0.035
503	103.307	9.232	27.28	4.213	0.037
504	103.486	9.164	28.506	4.395	0.036
505	109.332	9.803	30.846	4.867	0.037
506	96.612	8.576	25.152	3.894	0.035
507	109.758	9.802	30.975	4.788	0.037
508	99.335	8.704	26.453	3.968	0.035
509	101.292	9.078	27.298	4.265	0.035
510	101.377	8.947	28.208	4.298	0.034
511	101.218	8.854	27.93	4.157	0.034
512	103.051	9.018	29.229	4.388	0.033
513	97.698	8.553	25.352	3.84	0.035
514	97.718	8.67	26.558	4.026	0.035
515	103.718	9.128	28.633	4.372	0.035
516	101.801	9.078	28.194	4.321	0.036
517	101.458	8.947	26.988	4.147	0.036
518	101.306	8.959	27.461	4.169	0.035
519	99.059	8.878	27.466	4.294	0.034
520	102.717	9.133	27.301	4.194	0.037
521	102.622	9.022	27.808	4.243	0.035
522	100.361	8.932	27.056	4.19	0.035
523	102.158	9.032	27.571	4.28	0.036
524	102.291	9.046	28.633	4.354	0.035
525	100.549	8.86	27.802	4.226	0.034
526	101.881	9.03	27.41	4.238	0.036
527	104.629	9.228	29.538	4.473	0.035
528	102.084	8.974	27.551	4.148	0.036
529	97.117	8.757	25.43	4.059	0.035
530	102.275	9.304	27.819	4.449	0.037
531	99.579	8.987	26.076	4.179	0.036
532	96.157	8.644	24.602	3.865	0.036
533	99.342	8.886	26.166	4.033	0.036
534	103.23	9.215	28.877	4.532	0.036
535	98.326	8.607	26.824	4.036	0.034
536	96.637	8.563	24.805	3.772	0.035
537	100.582	8.926	26.777	4.085	0.035
538	103.58	9.181	28.275	4.34	0.035
539	99.933	8.692	25.76	3.896	0.035
540	103.097	9.058	28.962	4.424	0.034
541	99.469	8.903	26.695	4.14	0.035
542	100.293	8.724	26.644	3.941	0.034
543	101.668	8.921	26.372	3.954	0.036
544	100.781	9.053	27.114	4.298	0.035
545	100.267	8.963	27.519	4.312	0.036
546	103.195	9.149	28.769	4.46	0.035
547	96.452	8.549	25.193	3.857	0.035
548	102.011	9.156	28.097	4.404	0.036
549	97.427	8.593	24.836	3.799	0.035
550	98.096	8.723	26.281	4.002	0.035
551	102.099	8.967	26.392	3.985	0.037
552	105.846	9.441	30.238	4.624	0.035
553	102.995	9.149	28.085	4.296	0.036
554	106.742	9.415	29.722	4.499	0.036
555	100.812	8.964	27.095	4.193	0.035
556	98.648	8.637	25.429	3.824	0.036
557	104.312	9.389	27.712	4.403	0.037
558	97.827	8.66	25.503	3.896	0.035
559	97.649	8.556	24.545	3.744	0.036
560	103.271	9.018	29.094	4.31	0.035
561	96.767	8.656	24.869	3.909	0.035
562	99.06	8.832	26.701	4.031	0.035
563	98.015	8.513	26.489	3.944	0.033
564	99.748	8.837	27.717	4.186	0.034
565	106.124	9.53	30.0	4.659	0.037
566	103.756	9.293	29.319	4.58	0.035
567	103.543	9.18	29.244	4.493	0.035
568	101.863	9.056	27.433	4.245	0.036
569	102.383	9.058	27.724	4.223	0.035
570	98.952	8.871	26.32	4.13	0.034
571	101.845	9.065	28.069	4.289	0.035
572	103.114	9.118	28.088	4.371	0.035
573	99.756	8.728	26.743	4.016	0.034
574	105.914	9.372	28.717	4.489	0.036
575	98.388	8.66	26.469	3.971	0.034
576	103.728	9.214	28.182	4.305	0.035
577	102.661	8.993	27.854	4.18	0.035
578	102.178	9.233	26.792	4.267	0.036
579	103.537	9.179	28.777	4.45	0.035
580	101.023	8.881	26.978	4.032	0.036
581	101.072	8.992	28.197	4.347	0.035
582	105.33	9.227	30.321	4.509	0.034
583	105.506	9.357	29.651	4.56	0.035
584	103.538	9.22	28.707	4.473	0.035
585	100.572	9.012	26.795	4.279	0.036
586	104.029	9.212	29.49	4.413	0.034
587	103.066	9.203	28.097	4.327	0.037
588	102.013	9.127	27.156	4.278	0.036
589	101.788	9.098	28.119	4.389	0.034
590	100.449	8.907	26.329	4.06	0.035
591	102.337	9.047	29.067	4.387	0.035
592	101.88	9.007	28.578	4.326	0.034
593	104.125	9.144	29.561	4.353	0.034
594	101.9	8.983	27.22	4.144	0.035
595	99.834	8.835	27.832	4.233	0.034
596	103.118	9.08	28.628	4.313	0.034
597	98.791	8.747	26.146	4.035	0.036
598	101.452	8.867	26.962	4.033	0.035
599	100.258	8.892	26.423	4.1	0.035
600	98.765	8.831	26.363	4.051	0.035
601	101.996	8.893	27.914	4.182	0.034
602	104.639	9.462	29.071	4.576	0.038
603	105.375	9.234	30.024	4.47	0.035
604	98.173	8.765	25.585	3.949	0.036
605	101.418	8.969	26.697	4.071	0.036
606	112.257	10.049	33.89	5.2	0.036
607	100.156	8.714	26.82	3.982	0.034
608	104.407	9.229	29.08	4.394	0.035
609	90.35	8.041	22.125	3.444	0.035
610	99.923	8.816	27.471	4.201	0.035
611	101.335	9.218	27.298	4.408	0.036
612	100.821	9.001	27.689	4.327	0.035
613	100.774	8.956	27.504	4.194	0.036
614	100.447	8.776	26.884	4.023	0.034
615	102.762	9.102	27.654	4.226	0.037
616	104.687	9.211	28.989	4.398	0.035
617	96.235	8.404	25.483	3.835	0.033
618	105.231	9.285	29.053	4.439	0.035
619	102.033	8.948	27.708	4.137	0.035
620	103.738	9.291	28.658	4.497	0.036
621	109.03	9.52	30.943	4.626	0.036
622	101.288	8.995	27.449	4.268	0.035
623	101.538	9.039	27.137	4.235	0.036
624	100.189	8.838	27.384	4.181	0.034
625	101.61	8.972	27.757	4.183	0.035
626	96.732	8.611	25.773	3.967	0.034
627	104.826	9.255	28.724	4.374	0.036
628	102.662	9.306	28.653	4.568	0.035
629	103.064	8.916	28.366	4.187	0.034
630	101.462	9.057	27.987	4.359	0.035
631	95.946	8.418	24.983	3.777	0.035
632	101.746	9.035	27.032	4.204	0.035
633	106.397	9.473	31.153	4.737	0.035
634	98.057	8.797	26.249	4.174	0.036
635	99.357	8.935	27.493	4.321	0.035
636	109.95	9.707	31.392	4.802	0.036
637	101.394	8.91	26.992	4.049	0.036
638	102.269	9.16	27.922	4.324	0.036
639	109.013	9.628	30.021	4.551	0.036
640	101.656	9.3	27.523	4.522	0.036
641	100.953	8.939	27.296	4.187	0.034
642	100.878	9.072	28.044	4.422	0.036
643	105.206	9.238	29.781	4.499	0.035
644	100.322	9.012	28.351	4.412	0.034
645	106.847	9.498	30.793	4.712	0.035
646	105.514	9.235	29.127	4.349	0.034
647	104.544	9.312	29.055	4.487	0.036
648	96.07	8.532	25.353	3.86	0.035
649	99.168	8.691	25.743	3.872	0.036
650	97.937	8.723	25.559	3.966	0.036
651	103.657	9.296	28.749	4.498	0.035
652	100.202	9.0	28.129	4.404	0.035
653	103.577	9.178	28.57	4.346	0.037
654	104.545	9.142	29.22	4.303	0.035
655	104.065	9.142	29.086	4.362	0.035
656	106.324	9.341	30.479	4.559	0.036
657	102.128	8.808	27.694	4.042	0.034
658	104.263	9.234	28.659	4.384	0.035
659	94.906	8.54	23.874	3.823	0.036
660	99.881	8.766	26.612	3.992	0.035
661	101.585	8.948	27.899	4.192	0.034
662	105.237	9.201	28.652	4.347	0.036
663	99.991	8.804	27.11	4.076	0.035
664	101.18	8.968	26.737	4.117	0.036
665	103.093	9.092	28.486	4.299	0.036
666	104.31	9.302	28.585	4.416	0.036
667	98.185	8.676	25.722	3.975	0.035
668	102.108	9.017	27.663	4.264	0.034
669	101.801	9.021	26.737	4.182	0.036
670	106.662	9.519	29.322	4.601	0.037
671	105.431	9.414	29.157	4.536	0.035
672	103.205	9.03	28.415	4.35	0.035
673	100.335	8.927	27.198	4.15	0.035
674	104.192	9.174	28.129	4.361	0.035
675	101.423	9.062	27.882	4.275	0.035
676	106.13	9.312	28.882	4.383	0.036
677	101.506	9.031	27.814	4.293	0.034
678	101.626	9.072	27.4	4.264	0.035
679	97.165	8.697	25.231	3.928	0.036
680	99.729	8.767	27.609	4.138	0.035
681	99.19	8.748	26.375	4.044	0.034
682	101.215	9.025	27.83	4.347	0.035
683	100.037	8.857	26.331	3.993	0.036
684	111.561	9.749	32.633	4.834	0.036
685	103.146	9.188	28.126	4.38	0.036
686	99.969	8.959	28.041	4.405	0.034
687	101.262	9.071	26.73	4.197	0.037
688	106.165	9.37	29.874	4.515	0.036
689	99.914	8.801	27.174	4.151	0.035
690	100.59	8.995	26.922	4.19	0.036
691	101.375	9.08	27.613	4.332	0.035
692	108.553	9.565	31.633	4.763	0.036
693	86.582	7.726	20.777	3.204	0.035
694	106.086	9.527	29.424	4.684	0.036
695	100.834	8.894	27.156	4.107	0.035
696	94.364	8.345	24.72	3.785	0.033
697	103.523	9.25	28.695	4.407	0.035
698	97.198	8.6	25.501	3.959	0.034
699	99.614	8.742	27.267	4.042	0.034
700	96.617	8.727	25.452	4.035	0.035
701	99.163	8.909	26.375	4.154	0.036
702	105.901	9.339	29.639	4.456	0.035
703	101.35	8.8	28.26	4.139	0.033
704	101.954	9.113	27.926	4.373	0.035
705	97.752	8.629	24.839	3.755	0.036
706	99.263	8.822	26.409	4.033	0.035
707	103.55	9.252	29.29	4.557	0.034
708	106.641	9.59	29.886	4.694	0.037
709	102.861	8.983	28.944	4.288	0.034
710	106.422	9.464	28.664	4.413	0.038
711	108.345	9.552	30.945	4.657	0.035
712	101.505	9.148	27.84	4.392	0.035
713	102.794	9.049	27.681	4.126	0.036
714	103.292	9.15	28.591	4.412	0.035
715	100.489	8.92	27.72	4.198	0.035
716	104.162	9.115	28.574	4.293	0.035
717	104.254	9.262	29.233	4.478	0.036
718	95.892	8.413	25.104	3.807	0.034
719	107.063	9.441	30.989	4.627	0.035
720	98.287	8.66	25.695	3.899	0.035
721	102.333	9.186	27.443	4.348	0.036
722	102.213	9.012	28.333	4.259	0.034
723	97.787	8.573	25.761	3.944	0.033
724	102.31	9.045	27.973	4.291	0.034
725	100.026	8.76	27.227	4.127	0.034
726	104.524	9.328	29.363	4.545	0.036
727	104.09	8.986	28.483	4.192	0.036
728	105.048	9.308	29.569	4.532	0.035
729	103.688	9.117	28.894	4.365	0.035
730	101.493	9.033	28.277	4.357	0.034
731	101.251	9.031	28.006	4.323	0.035
732	104.787	9.332	29.6	4.581	0.035
733	102.222	9.221	28.208	4.486	0.035
734	104.374	9.204	28.451	4.359	0.035
735	95.001	8.417	24.027	3.678	0.035
736	100.879	9.007	27.308	4.263	0.035
737	100.479	8.915	27.906	4.248	0.034
738	94.442	8.338	24.307	3.659	0.034
739	103.416	9.186	28.176	4.281	0.036
740	100.449	8.988	27.439	4.292	0.036
741	103.999	9.255	28.874	4.488	0.035
742	103.183	9.106	27.967	4.233	0.035
743	101.723	8.965	27.693	4.19	0.035
744	100.125	8.791	27.29	4.124	0.033
745	100.413	8.76	26.927	3.982	0.035
746	100.102	8.909	26.765	4.189	0.035
747	106.623	9.5	29.967	4.6	0.036
748	103.047	9.236	29.382	4.47	0.035
749	100.315	8.952	26.463	4.147	0.036
750	96.431	8.496	24.706	3.821	0.034
751	98.1	8.782	27.446	4.242	0.034
752	106.603	9.584	31.062	4.818	0.035
753	96.242	8.557	25.424	3.882	0.034
754	98.854	8.783	26.44	4.066	0.034
755	96.613	8.496	25.195	3.807	0.035
756	99.789	8.912	27.362	4.283	0.035
757	104.565	9.319	29.455	4.599	0.036
758	100.994	8.926	28.296	4.329	0.033
759	95.3	8.451	25.235	3.831	0.035
760	100.855	9.125	26.505	4.262	0.036
761	100.863	8.955	28.154	4.265	0.035
762	105.236	9.341	30.025	4.577	0.035
763	108.821	9.711	31.599	4.847	0.036
764	103.219	9.162	27.674	4.258	0.037
765	100.647	8.747	27.981	4.132	0.034
766	101.778	8.943	28.395	4.274	0.035
767	106.24	9.387	28.616	4.325	0.038
768	94.479	8.314	23.29	3.62	0.035
769	105.332	9.466	30.151	4.788	0.035
770	100.929	8.96	25.987	4.02	0.037
771	101.192	9.014	28.26	4.366	0.034
772	106.546	9.488	30.079	4.612	0.038
773	103.085	9.203	28.464	4.416	0.035
774	95.216	8.418	24.077	3.672	0.036
775	108.75	9.581	31.137	4.664	0.036
776	101.464	8.928	28.173	4.201	0.034
777	96.743	8.562	25.573	3.91	0.034
778	98.465	8.69	25.248	3.878	0.036
779	98.719	8.881	27.349	4.362	0.034
780	103.712	9.252	29.521	4.483	0.035
781	100.814	8.912	27.34	4.207	0.035
782	97.747	8.687	26.219	4.056	0.034
783	100.457	8.775	27.642	4.074	0.035
784	102.967	9.221	28.307	4.416	0.035
785	95.882	8.452	24.367	3.714	0.034
786	100.392	8.849	26.459	4.055	0.036
787	101.944	8.997	27.702	4.239	0.034
788	101.849	8.904	27.436	4.032	0.035
789	104.871	9.088	29.405	4.329	0.034
790	102.026	9.117	27.885	4.332	0.036
791	105.208	9.203	29.48	4.411	0.036
792	102.87	9.064	28.336	4.352	0.035
793	103.19	9.263	28.771	4.5	0.036
794	98.228	8.767	26.173	4.096	0.034
795	99.435	8.755	27.071	4.15	0.034
796	99.767	8.765	26.897	4.188	0.034
797	101.981	9.118	27.427	4.25	0.037
798	99.7	8.713	26.561	3.985	0.034
799	102.815	9.191	27.728	4.319	0.035
800	97.826	8.603	25.145	3.787	0.035
801	103.254	9.021	28.103	4.246	0.034
802	102.052	9.031	26.655	4.1	0.037
803	104.364	9.199	29.005	4.41	0.036
804	99.882	8.737	27.808	4.124	0.034
805	99.363	8.83	26.247	4.073	0.035
806	105.308	9.239	29.623	4.444	0.035
807	100.35	8.777	26.963	4.01	0.035
808	105.303	9.325	28.765	4.41	0.037
809	105.792	9.361	29.877	4.602	0.034
810	98.008	8.747	25.722	3.998	0.035
811	100.182	8.879	26.499	4.138	0.035
812	103.992	9.249	28.243	4.374	0.035
813	105.859	9.24	29.658	4.377	0.037
814	102.704	9.229	27.715	4.326	0.036
815	100.52	8.931	27.601	4.225	0.034
816	102.13	9.019	27.673	4.229	0.035
817	99.609	8.807	26.806	4.155	0.035
818	101.834	9.219	27.962	4.435	0.036
819	95.442	8.557	25.023	3.904	0.035
820	102.627	9.013	28.308	4.313	0.035
821	102.85	9.175	28.664	4.405	0.034
822	98.884	8.76	26.374	4.034	0.035
823	98.64	8.725	27.293	4.137	0.034
824	101.214	8.826	28.451	4.221	0.034
825	98.556	8.754	26.104	4.06	0.034
826	100.351	8.986	26.586	4.156	0.036
827	102.239	9.173	27.92	4.371	0.035
828	103.719	9.113	27.859	4.262	0.036
829	101.701	9.235	27.453	4.396	0.036
830	100.56	8.851	27.319	4.122	0.035
831	106.941	9.548	29.969	4.589	0.036
832	103.629	9.11	28.402	4.343	0.035
833	102.742	9.111	27.595	4.28	0.035
834	102.786	9.038	28.132	4.305	0.034
835	103.039	9.074	27.133	4.125	0.037
836	102.699	9.222	29.169	4.472	0.036
837	99.487	8.717	26.224	3.912	0.035
838	100.756	8.883	27.148	4.2	0.034
839	109.309	9.555	31.099	4.643	0.035
840	107.381	9.429	31.06	4.669	0.034
841	103.073	9.174	28.149	4.359	0.036
842	98.683	8.89	26.552	4.17	0.035
843	95.711	8.44	24.803	3.777	0.034
844	103.412	9.304	28.007	4.485	0.035
845	99.154	8.765	26.843	4.092	0.034
846	97.721	8.738	25.699	4.047	0.035
847	103.23	9.075	27.859	4.259	0.035
848	104.097	9.142	29.338	4.436	0.034
849	97.653	8.674	25.953	3.999	0.034
850	104.002	9.284	28.924	4.442	0.036
851	101.066	9.078	26.319	4.184	0.036
852	97.684	8.702	25.87	4.014	0.034
853	101.366	8.925	27.339	4.202	0.035
854	97.858	8.63	26.412	4.066	0.033
855	103.634	9.156	28.539	4.368	0.035
856	104.422	9.366	28.678	4.439	0.037
857	100.658	8.889	27.574	4.198	0.035
858	102.294	9.189	28.715	4.465	0.035
859	101.688	8.999	26.917	4.092	0.037
860	102.512	9.324	27.883	4.484	0.036
861	102.929	9.275	28.094	4.406	0.037
862	102.492	9.001	28.758	4.345	0.035
863	99.9	8.95	26.665	4.165	0.036
864	97.661	8.646	26.229	3.97	0.034
865	104.389	9.162	29.324	4.443	0.034
866	105.425	9.347	29.482	4.523	0.035
867	98.56	8.77	26.603	4.145	0.035
868	107.027	9.509	29.318	4.507	0.036
869	102.393	9.06	28.39	4.317	0.035
870	98.261	8.657	25.779	3.877	0.036
871	104.468	9.277	28.608	4.49	0.035
872	99.914	8.767	27.326	4.155	0.034
873	104.191	9.226	29.004	4.415	0.036
874	101.964	9.068	27.943	4.323	0.035
875	102.929	9.175	27.694	4.42	0.034
876	103.494	9.317	28.586	4.604	0.036
877	101.256	8.991	27.341	4.221	0.034
878	98.066	8.695	25.415	3.888	0.035
879	100.377	8.879	27.642	4.221	0.036
880	106.591	9.341	30.493	4.625	0.035
881	103.29	9.095	27.867	4.173	0.036
882	103.579	9.149	29.069	4.363	0.035
883	106.986	9.608	30.504	4.71	0.035
884	105.225	9.246	28.621	4.355	0.036
885	98.131	8.701	25.332	3.951	0.035
886	99.679	8.927	27.228	4.223	0.035
887	96.933	8.585	25.194	3.825	0.035
888	99.218	8.683	26.151	3.874	0.035
889	105.362	9.225	29.638	4.426	0.035
890	100.811	9.025	27.409	4.236	0.036
891	106.909	9.499	29.893	4.649	0.036
892	100.935	8.779	26.256	3.973	0.036
893	103.016	9.193	28.438	4.36	0.036
894	99.203	8.939	26.866	4.326	0.035
895	104.101	9.204	29.421	4.472	0.035
896	101.692	8.869	27.936	4.115	0.035
897	102.129	9.118	27.676	4.253	0.037
898	99.935	8.755	27.207	4.079	0.035
899	94.377	8.339	24.115	3.705	0.034
900	95.401	8.414	24.598	3.726	0.036
901	105.656	9.529	30.007	4.815	0.036
902	99.423	8.899	26.935	4.237	0.034
903	95.58	8.502	25.58	3.9	0.035
904	106.386	9.263	29.796	4.455	0.035
905	102.642	9.169	28.005	4.406	0.036
906	92.639	8.185	23.378	3.586	0.034
907	104.149	9.136	28.388	4.282	0.036
908	107.62	9.56	30.723	4.69	0.036
909	93.56	8.356	23.99	3.708	0.034
910	100.863	8.768	27.36	4.052	0.035
911	104.457	9.266	29.288	4.393	0.035
912	102.778	9.316	28.562	4.5	0.036
913	99.052	8.747	26.029	4.001	0.035
914	105.545	9.373	29.199	4.455	0.036
915	102.591	9.252	27.724	4.437	0.037
916	103.398	9.101	28.88	4.352	0.035
917	105.17	9.384	28.326	4.432	0.037
918	101.818	8.932	27.748	4.189	0.034
919	96.598	8.65	25.596	4.023	0.034
920	101.186	8.916	27.594	4.21	0.035
921	106.209	9.569	29.854	4.819	0.036
922	104.456	9.217	28.882	4.395	0.036
923	103.25	9.272	29.586	4.65	0.034
924	104.322	9.417	29.229	4.655	0.035
925	98.753	8.858	26.302	4.189	0.035
926	101.533	8.988	27.714	4.183	0.036
927	97.702	8.645	26.176	3.999	0.035
928	104.031	9.194	28.516	4.337	0.035
929	100.118	8.759	27.438	4.12	0.034
930	105.653	9.151	29.813	4.383	0.035
931	101.177	9.071	27.679	4.447	0.034
932	107.118	9.465	30.626	4.6	0.036
933	101.416	8.92	27.703	4.283	0.035
934	98.567	8.799	26.891	4.158	0.034
935	100.496	9.101	27.459	4.404	0.034
936	97.645	8.647	25.973	3.994	0.034
937	99.24	8.677	26.403	3.944	0.034
938	106.311	9.496	30.317	4.749	0.036
939	105.857	9.404	29.222	4.507	0.037
940	99.722	8.961	27.254	4.218	0.035
941	107.533	9.442	30.369	4.537	0.036
942	92.352	8.234	22.786	3.567	0.035
943	95.269	8.242	24.187	3.532	0.034
944	103.007	8.921	27.517	4.039	0.035
945	99.976	8.845	27.539	4.125	0.035
946	97.129	8.539	25.174	3.801	0.034
947	96.881	8.596	25.177	3.951	0.035
948	105.45	9.338	29.036	4.48	0.036
949	96.925	8.586	26.207	4.013	0.033
950	103.942	9.256	29.248	4.496	0.035
951	103.461	9.198	28.12	4.327	0.036
952	103.277	9.236	27.998	4.405	0.035
953	100.986	8.849	27.442	4.11	0.034
954	102.342	9.115	26.902	4.232	0.037
955	102.788	9.048	28.901	4.35	0.035
956	100.427	8.875	27.7	4.234	0.034
957	98.483	8.58	26.53	3.97	0.032
958	103.428	9.315	28.154	4.448	0.037
959	109.338	9.531	32.181	4.712	0.035
960	96.729	8.549	24.277	3.714	0.037
961	100.716	8.937	27.011	4.107	0.035
962	97.293	8.496	26.276	3.919	0.033
963	105.056	9.216	28.099	4.31	0.036
964	102.348	9.071	27.813	4.293	0.034
965	101.502	8.965	28.042	4.239	0.035
966	103.779	9.264	27.111	4.278	0.036
967	94.642	8.527	25.538	4.079	0.032
968	102.521	9.113	27.969	4.307	0.035
969	99.532	8.896	26.876	4.177	0.035
970	97.893	8.782	25.27	3.959	0.036
971	103.0	9.124	27.658	4.265	0.036
972	104.32	9.204	29.221	4.447	0.035
973	101.298	9.084	26.407	4.195	0.035
974	104.5	9.172	29.267	4.423	0.035
975	104.624	9.106	29.391	4.403	0.034
976	110.684	9.702	33.025	4.936	0.034
977	94.972	8.545	25.694	4.04	0.034
978	98.411	8.783	26.504	4.199	0.035
979	107.077	9.406	31.108	4.611	0.035
980	100.252	8.973	27.103	4.268	0.034
981	101.593	8.908	27.397	4.112	0.035
982	103.027	9.183	28.485	4.332	0.036
983	108.673	9.489	31.063	4.581	0.036
984	100.516	9.085	27.717	4.364	0.036
985	101.877	9.068	27.779	4.233	0.036
986	100.124	8.904	26.497	4.103	0.035
987	103.222	9.128	27.918	4.286	0.036
988	97.966	8.717	26.007	4.04	0.034
989	102.45	9.015	27.292	4.13	0.034
990	104.097	9.214	28.951	4.357	0.037
991	99.366	8.789	26.122	4.039	0.035
992	104.953	9.31	29.128	4.419	0.036
993	96.718	8.689	24.721	3.873	0.036
994	99.508	8.799	26.504	3.995	0.035
995	104.175	9.317	29.543	4.558	0.036
996	103.49	9.34	28.422	4.526	0.037
997	106.511	9.428	29.999	4.613	0.036
998	95.784	8.292	26.042	3.848	0.032
999	98.122	8.629	25.598	3.926	0.034
1000	99.262	8.822	26.182	4.124	0.035
