MutationType	ID83A	ID83B	ID83C	ID83D	ID83E
1:Del:C:0	1.36E-09	1.99E-09	1.21E-09	3.59E-10	1.64E-09
1:Del:C:1	8.81E-04	2.04E-03	1.88E-04	9.23E-05	1.59E-03
1:Del:C:2	2.61E-04	3.30E-04	5.31E-05	2.92E-05	3.13E-04
1:Del:C:3	1.36E-04	2.28E-04	3.73E-05	5.18E-06	1.85E-04
1:Del:C:4	9.71E-05	1.41E-04	1.09E-05	1.47E-05	1.34E-04
1:Del:C:5	7.77E-05	1.38E-04	3.61E-05	1.12E-05	1.04E-04
1:Del:T:0	1.36E-09	1.99E-09	1.21E-09	3.59E-10	1.64E-09
1:Del:T:1	6.15E-04	1.15E-03	9.08E-05	3.03E-05	8.45E-04
1:Del:T:2	3.33E-04	5.01E-04	9.61E-05	5.23E-05	4.25E-04
1:Del:T:3	2.75E-04	4.25E-04	3.66E-05	3.12E-05	3.56E-04
1:Del:T:4	3.23E-04	3.98E-04	7.42E-05	5.46E-05	4.11E-04
1:Del:T:5	2.21E-03	2.99E-03	1.22E-03	4.18E-04	2.69E-03
1:Ins:C:0	1.59E-04	2.43E-04	3.33E-05	1.66E-05	1.91E-04
1:Ins:C:1	1.02E-04	1.54E-04	2.86E-05	1.77E-05	1.26E-04
1:Ins:C:2	1.08E-04	1.50E-04	5.71E-06	2.24E-05	1.35E-04
1:Ins:C:3	1.03E-04	1.54E-04	8.69E-06	1.83E-05	1.45E-04
1:Ins:C:4	8.83E-05	1.40E-04	1.22E-05	1.45E-05	1.25E-04
1:Ins:C:5	6.10E-04	8.42E-04	1.86E-05	8.72E-05	8.23E-04
1:Ins:T:0	2.11E-04	3.24E-04	2.52E-05	2.80E-05	2.65E-04
1:Ins:T:1	3.53E-04	5.32E-04	4.47E-05	3.38E-05	4.08E-04
1:Ins:T:2	1.78E-04	2.75E-04	5.78E-05	2.17E-05	2.08E-04
1:Ins:T:3	2.20E-04	2.86E-04	4.60E-05	1.96E-05	2.66E-04
1:Ins:T:4	1.96E-04	2.38E-04	3.22E-05	2.45E-05	2.29E-04
1:Ins:T:5	5.84E-03	3.21E-03	2.97E-03	1.08E-03	5.82E-03
2:Del:R:0	1.70E-03	2.54E-03	1.63E-03	4.89E-04	2.31E-03
2:Del:R:1	6.05E-05	9.56E-05	1.68E-05	1.21E-05	7.70E-05
2:Del:R:2	2.14E-05	5.13E-05	1.43E-05	1.61E-06	3.51E-05
2:Del:R:3	4.01E-06	1.04E-05	1.25E-05	1.39E-06	7.51E-06
2:Del:R:4	4.63E-06	1.01E-05	1.19E-06	7.93E-10	7.09E-06
2:Del:R:5	2.65E-05	4.17E-05	6.24E-06	5.71E-06	3.48E-05
3:Del:R:0	2.39E-04	3.72E-04	1.19E-04	3.72E-05	3.59E-04
3:Del:R:1	7.46E-05	1.12E-04	2.69E-05	6.88E-06	1.15E-04
3:Del:R:2	2.06E-05	3.41E-05	1.68E-06	1.01E-06	2.55E-05
3:Del:R:3	1.36E-09	1.99E-09	1.21E-09	3.59E-10	1.64E-09
3:Del:R:4	5.71E-06	1.03E-05	1.03E-08	8.29E-10	9.32E-06
3:Del:R:5	1.36E-09	1.99E-09	1.21E-09	3.59E-10	1.64E-09
4:Del:R:0	2.37E-04	3.34E-04	6.25E-05	2.07E-05	3.26E-04
4:Del:R:1	2.37E-05	3.92E-05	6.69E-06	1.52E-06	3.41E-05
4:Del:R:2	1.14E-05	1.71E-05	7.59E-07	2.54E-07	1.56E-05
4:Del:R:3	1.36E-09	1.99E-09	1.21E-09	3.59E-10	1.64E-09
4:Del:R:4	1.36E-09	1.99E-09	1.21E-09	3.59E-10	1.64E-09
4:Del:R:5	1.36E-09	1.99E-09	1.21E-09	3.59E-10	1.64E-09
5:Del:R:0	4.93E-04	6.20E-04	6.89E-05	4.66E-05	5.68E-04
5:Del:R:1	4.28E-06	1.02E-05	2.61E-07	1.11E-09	6.43E-06
5:Del:R:2	1.36E-09	1.99E-09	1.21E-09	3.59E-10	1.64E-09
5:Del:R:3	1.36E-09	1.99E-09	1.21E-09	3.59E-10	1.64E-09
5:Del:R:4	1.36E-09	1.99E-09	1.21E-09	3.59E-10	1.64E-09
5:Del:R:5	1.36E-09	1.99E-09	1.21E-09	3.59E-10	1.64E-09
2:Ins:R:0	2.13E-04	2.61E-04	5.93E-05	2.47E-05	2.75E-04
2:Ins:R:1	1.31E-04	1.96E-04	3.90E-05	4.15E-06	1.87E-04
2:Ins:R:2	9.43E-05	1.20E-04	2.00E-05	1.40E-05	1.10E-04
2:Ins:R:3	3.76E-05	5.83E-05	5.46E-06	1.62E-06	4.62E-05
2:Ins:R:4	4.86E-05	6.67E-05	2.26E-05	5.00E-06	5.50E-05
2:Ins:R:5	1.15E-03	1.64E-03	1.30E-04	1.18E-04	1.66E-03
3:Ins:R:0	1.02E-04	1.49E-04	8.46E-06	1.64E-05	1.41E-04
3:Ins:R:1	1.19E-04	1.55E-04	2.43E-05	2.05E-05	1.39E-04
3:Ins:R:2	2.21E-05	3.76E-05	6.53E-06	1.04E-06	3.09E-05
3:Ins:R:3	1.36E-09	1.99E-09	1.21E-09	3.59E-10	1.64E-09
3:Ins:R:4	4.36E-06	7.59E-06	2.14E-06	3.26E-07	6.12E-06
3:Ins:R:5	3.14E-05	4.52E-05	1.39E-05	4.57E-06	3.78E-05
4:Ins:R:0	1.02E-04	1.48E-04	1.11E-05	1.01E-05	1.35E-04
4:Ins:R:1	1.78E-04	2.23E-04	8.17E-06	1.41E-05	2.11E-04
4:Ins:R:2	1.28E-05	2.55E-05	4.04E-06	5.13E-07	2.01E-05
4:Ins:R:3	1.36E-09	1.99E-09	1.21E-09	3.59E-10	1.64E-09
4:Ins:R:4	1.32E-05	2.64E-05	3.95E-06	2.58E-06	2.29E-05
4:Ins:R:5	2.75E-05	4.53E-05	4.20E-06	1.22E-07	3.40E-05
5:Ins:R:0	1.29E-04	1.96E-04	2.30E-05	6.30E-06	1.66E-04
5:Ins:R:1	2.07E-04	3.30E-04	3.04E-05	4.45E-06	2.73E-04
5:Ins:R:2	8.29E-06	1.42E-05	6.14E-06	1.62E-07	1.15E-05
5:Ins:R:3	6.08E-06	1.13E-05	2.77E-07	5.75E-07	1.02E-05
5:Ins:R:4	4.41E-06	1.60E-05	1.04E-06	6.22E-10	1.09E-05
5:Ins:R:5	7.18E-06	9.96E-06	1.20E-07	5.17E-07	9.54E-06
2:Del:M:1	1.92E-04	2.88E-04	2.72E-05	2.48E-05	2.36E-04
3:Del:M:1	2.65E-04	3.64E-04	1.37E-04	4.20E-05	3.34E-04
3:Del:M:2	1.53E-04	2.00E-04	6.79E-05	1.79E-05	2.07E-04
4:Del:M:1	1.64E-04	2.18E-04	5.06E-05	1.39E-05	2.00E-04
4:Del:M:2	9.62E-05	1.60E-04	4.17E-05	1.18E-05	1.35E-04
4:Del:M:3	3.66E-05	5.08E-05	1.35E-05	1.80E-06	3.96E-05
5:Del:M:1	3.13E-04	4.13E-04	6.43E-05	1.93E-05	4.12E-04
5:Del:M:2	1.82E-04	2.73E-04	8.68E-06	1.95E-05	2.62E-04
5:Del:M:3	7.27E-05	1.21E-04	1.52E-05	4.40E-06	1.13E-04
5:Del:M:4	2.37E-05	4.28E-05	3.11E-06	5.07E-07	3.54E-05
5:Del:M:5	2.40E-05	3.37E-05	7.39E-06	5.77E-07	3.18E-05
