MutationType	DBS78A	DBS78B	DBS78C	DBS78D	DBS78E	DBS78F
AC>CA	0.0015504148960155484	2.22992329817272e-07	0.0007861202066688102	0.014110681526655802	0.007364039175551625	0.0154183177865001
AC>CG	0.0012826240679571158	4.1475884307307086e-07	1.3434171598343273e-06	0.0002377015354490087	7.280686624244169e-05	0.0015580269566232516
AC>CT	0.003145559150192411	2.6038106216790135e-07	0.000215765363222438	0.033660177827029104	0.0009269140151784627	0.0062638525176947546
AC>GA	0.0012129074848423894	2.748206908953161e-07	0.0006389219165911967	0.010659377880750324	0.007026344840498581	0.018244985423115794
AC>GG	0.0012286591431323467	4.1473044896145444e-07	1.3724438973558545e-06	0.00018889793234781193	2.3709893156995977e-06	0.0014058125453780734
AC>GT	0.00443986120059817	0.004306141327584825	0.004277272421360676	0.004245371019166596	7.067111011554868e-05	0.005020076641310864
AC>TA	0.006292173632520445	0.004544208305274656	0.0036218752213640006	0.00786324140467557	0.002086738427139143	0.004412448211174722
AC>TG	1.1409034640836856e-06	4.3603683793563015e-07	2.2191831170921508e-06	6.821719996197371e-06	4.0222756885629156e-06	9.32228528591112e-06
AC>TT	0.0076770442919222165	1.3956925168965654e-07	0.00013446268554237896	0.02528459363555066	0.008878592834292072	0.0194998764954634
AT>CA	0.0006862029046246047	4.092357105445712e-06	0.00011158668795212818	0.005776224842462289	0.0012295295253338541	0.002617818662303922
AT>CC	0.0011068230748369947	4.088924762792321e-07	1.2156402821702e-06	0.0012788879464273213	7.387581272523276e-06	0.00020821212424355765
AT>CG	1.1409034640836856e-06	4.3603683793563015e-07	2.2191831170921508e-06	6.821719996197371e-06	4.0222756885629156e-06	9.32228528591112e-06
AT>GA	0.0007190871719307872	2.7385605634572775e-07	0.000307467725288197	0.010197405550673163	0.02875425411655919	0.006011193049510052
AT>GC	0.001242618628271435	0.003910967180481229	2.5400074859053246e-05	0.004653146985194263	0.00024096728970392735	0.0023625140137263257
AT>TA	0.00179928983548201	3.443364184499652e-07	0.007799527351737571	0.00729220134714671	0.02680060186996446	0.009182878402390987
CC>AA	0.004489004272181266	0.07885142018530021	0.13083787524981152	0.028448336055045324	0.068163652537743	0.04606184709681046
CC>AG	0.0034888335585349646	0.01699745526399992	0.016918419793303083	0.024826642210647107	0.001831842801211607	0.00939084801208313
CC>AT	0.0028642866395298906	0.009405390338286244	0.05710684468156501	0.14744709483940802	0.06083232779184487	0.03864257588304271
CC>GA	0.00034569059406779296	3.2602226794171495e-07	0.007966528580926696	0.014503644174966617	0.0035371527137658568	0.01132129320920459
CC>GG	0.002962783265894626	3.0282977903426146e-05	0.003859735955050135	0.0018618568917550054	0.00035470177350876454	0.00745040863116693
CC>GT	0.007568673699075863	1.3997387472317823e-07	0.007434327591685518	0.04169845420092019	0.012479580906810138	0.01934360778903158
CC>TA	0.012249301100730846	0.004494498042805118	0.040683149329252315	0.021442521405385474	0.006759057750925614	0.12571337903483457
CC>TG	0.00234091901002594	0.004060610341804827	0.00010289401550907155	0.03483811743686423	0.025484550252151635	0.021919111347441365
CC>TT	0.8440339076262761	0.004628624940362682	0.03458348522160198	0.0077981107914793825	0.0437484350249878	0.015776110248132063
CG>AT	3.255556836997542e-07	0.0037132500993163737	3.9484737792004496e-05	0.0021271558217748877	0.0081025563991512	0.0011704470598338337
CG>GC	1.1409034640836856e-06	4.3603683793563015e-07	2.2191831170921508e-06	6.821719996197371e-06	4.0222756885629156e-06	9.32228528591112e-06
CG>GT	5.96245301980215e-07	0.0035440896195016412	1.8250049532416815e-06	6.275373161946032e-06	3.939741108775695e-06	8.893881046139524e-06
CG>TA	1.1409034640836856e-06	4.3603683793563015e-07	2.2191831170921508e-06	6.821719996197371e-06	4.0222756885629156e-06	9.32228528591112e-06
CG>TC	0.001130609344305635	0.0036872944335388153	0.0004345212057208123	0.00203530527751216	0.0013121352249677249	0.004187533629556987
CG>TT	2.6424584794291835e-06	4.0086774562896367e-07	1.4404931801444782e-06	3.8524936586559473e-05	0.0052163258711593365	8.008948153816203e-05
CT>AA	0.00012546321290032443	0.020693120599157653	0.11745564827364606	0.003366211082603466	0.00016470495504377025	0.002118391193720954
CT>AC	4.131479765453253e-05	0.5858091835531652	0.003343872295271629	4.293576795178689e-05	1.4305955151158505e-07	2.0854619673111347e-05
CT>AG	0.00052748462696048	4.4579580042758625e-07	0.033220521336867474	0.00482649563116849	0.00035330935088206863	0.0017222716214009407
CT>GA	2.1560006777238155e-07	4.576793415276967e-07	0.017701379958035474	0.0006819456985228861	0.0001874421733019231	0.0014863766217545686
CT>GC	0.0011006483915881361	4.498789202335212e-07	0.003712475812348319	0.0011195610488971368	1.1917751938931745e-05	0.00016821143898036034
CT>GG	0.0003124246815832534	1.0401703524652181e-05	0.00043747737548487423	0.012640297362464714	0.0034196485253177662	0.006808746768795054
CT>TA	1.2790908962488243e-07	1.7917031744742516e-07	0.01592023654709319	0.0031673658220387484	0.04755680553471257	0.013300778976203492
CT>TC	0.0020654587180619684	1.900753002184194e-07	0.010134216665687047	0.019843446706925064	0.03676018259192432	0.007282547229326338
CT>TG	0.0036861166267145606	3.5419508180413346e-07	0.00837661810136629	0.0013619401043316404	0.01046914198046817	0.0014362290682800533
GC>AA	0.008963714483724433	0.0043624786065480665	0.026714711732570222	0.03978649641521908	0.02539124406237883	0.09723836097089109
GC>AG	0.001112924370438066	0.014173291003421237	0.010780858630611434	0.021368999440202017	0.011231018251672026	0.03213018272741019
GC>AT	0.00034179326584730165	2.5454253923191984e-07	0.013979534243802973	0.014280132870642014	0.001418231132742789	0.02366806243962297
GC>CA	0.00017991395177269798	0.008710561420157767	0.006118923629209844	0.004690012896161911	0.01605817892459809	0.010455824742712855
GC>CG	1.1409034640836856e-06	4.3603683793563015e-07	2.2191831170921508e-06	6.821719996197371e-06	4.0222756885629156e-06	9.32228528591112e-06
GC>TA	1.1443612332080872e-05	0.004377631052977161	0.004015623513885348	0.004659812122315213	0.010938909789830281	0.008161850839771763
TA>AT	0.0013795247862388757	0.003934320178371947	0.0007054894682709478	0.013609966741717444	0.007432199782947505	0.015390286426193202
TA>CG	2.634943983677423e-06	3.9906562602341363e-07	1.412986308402408e-06	3.308567359189453e-05	0.005724221099797361	3.2236269880186966e-05
TA>CT	0.0024721772934870553	0.0036701207762249543	0.0010635689353244828	0.016911434629741907	0.007550799875714076	0.019911066722668656
TA>GC	1.1409034640836856e-06	4.3603683793563015e-07	2.2191831170921508e-06	6.821719996197371e-06	4.0222756885629156e-06	9.32228528591112e-06
TA>GG	1.1409034640836856e-06	4.3603683793563015e-07	2.2191831170921508e-06	6.821719996197371e-06	4.0222756885629156e-06	9.32228528591112e-06
TA>GT	0.003110048897620244	3.663543018219948e-07	6.069242591912424e-07	0.0012959966053638656	0.002559772182373547	0.00014107786277716016
TC>AA	6.874107792455313e-05	0.01791497810937944	0.12229682928324641	0.039651141014449144	0.001318662532967142	0.06431696396447013
TC>AG	0.00028165242202614777	2.000665145723663e-07	0.03131399996230789	0.03314383901520472	0.0017938102744022508	0.035885843617143254
TC>AT	0.0035927391086246086	2.568568755906137e-08	0.053767616889043225	0.0287213363043199	0.0631924971566197	0.05565056724974752
TC>CA	0.0010209600650243425	1.5672431571157864e-07	0.005745026578236872	0.02442569420649981	0.03624163904463221	0.015108283574558918
TC>CG	3.4632566910486147e-06	0.0036811698660744944	0.00016813725094450157	0.0032126103427304953	0.00037244742707412545	0.003136854885685203
TC>CT	0.0035156528638982513	0.0041950142256066345	0.010726185983976283	0.026398596177611484	0.018914171612234746	0.0254511834146293
TC>GA	0.0003509326703610248	0.004351969030205174	0.008703297822811809	0.011183133992915194	0.003050946679634384	0.00693668576974814
TC>GG	0.0007653654644638839	4.121374020416943e-06	0.00040497034183924186	0.0034677145634341958	0.00036250249663109986	0.0053213931410706315
TC>GT	0.0036892010362797856	0.0045188852042108135	0.006611971731519859	0.020682726634768802	0.010912775666548519	0.021081338930210868
TG>AA	0.004893907930010333	0.004499263440651442	0.020137736231538646	0.0027277554591895463	0.006670197108456003	0.0015629922290885303
TG>AC	0.003743766832980005	3.04643027835367e-07	0.00014371672399371478	0.0013216737495598814	0.010316503967375532	0.0032046713263237923
TG>AT	0.0086527480043023	0.03237143201403051	0.0043749331555962955	0.014614903769730975	0.10406417459188669	0.01111488046660068
TG>CA	0.006398101205862685	2.9018242240982373e-07	5.1356355296613684e-05	0.0047082639444686976	0.006299886773199165	0.0031548220026048684
TG>CC	0.0011770218710008933	0.007577128848822195	6.640021241738348e-05	0.004522106402649461	0.00606149209741413	0.0018543480378582899
TG>CT	0.0021795617633658666	0.009028845822564417	0.05546734394828458	0.041705693415917115	0.10172563338408608	0.040066654405124476
TG>GA	0.001491505674022708	3.294467435997977e-07	2.0108214651619966e-05	0.003994749196693988	0.012463894956673752	0.001087973136046783
TG>GC	1.1028939925795758e-06	3.9976269268516977e-07	1.4645813835895854e-06	3.314013922096398e-05	0.00541582746198795	6.720744852554497e-05
TG>GT	0.000570694437943985	0.11548835851224891	0.06213632198704562	0.03214177366413028	0.017372709813052226	0.02128860162644517
TT>AA	0.007854942075290423	0.004705780630397861	0.009971624578437484	0.0035007329220054675	0.02503660214035619	0.01396381775032442
TT>AC	0.0007709714225449304	3.8346590138365504e-07	0.0005473270349179194	0.017138428160837955	0.001658617704335868	0.0076708561987501155
TT>AG	5.28066412722626e-05	4.875447155888861e-07	0.005602951701960537	0.005131821879760507	0.008153708423137267	0.0023971388794537247
TT>CA	0.003412326576263941	2.2284474911087468e-07	0.0003367275378058188	0.031259582363559385	0.004722186081406663	0.00934841653150758
TT>CC	0.003080931262081154	2.533118218990496e-07	0.00018278340850665342	0.02570889658674202	0.01420438927586375	0.006625640308328168
TT>CG	0.0019442668699277842	3.4844943400312035e-07	5.893844714751921e-07	0.00036386568953333413	0.0087560753108915	9.450030597925197e-05
TT>GA	0.001179979222791678	0.003729589362614248	0.0003224273211513035	0.0035846886794327925	0.015073038391247944	0.00607074422972283
TT>GC	4.1267945009505564e-06	4.003796982866522e-07	1.4044966930395717e-06	2.7608108613046593e-05	0.005850768064136455	4.918071331197824e-05
TT>GG	2.7520982387980754e-07	4.565280744774026e-07	0.00930517355378153	0.00037368610715281204	0.0014513371782293963	0.0026776691865173395
