MutationType	DBS78A	DBS78B	DBS78C	DBS78D	DBS78E	DBS78F
AC>CA	3.43E-04	6.93E-04	1.06E-04	8.92E-05	4.20E-09	5.61E-04
AC>CG	7.05E-05	1.90E-04	2.95E-08	4.68E-05	3.18E-09	8.89E-05
AC>CT	1.39E-04	5.21E-04	4.60E-05	1.47E-04	5.86E-09	8.48E-04
AC>GA	3.88E-04	8.29E-04	8.68E-05	5.22E-05	4.50E-09	4.78E-04
AC>GG	5.81E-08	1.69E-04	3.02E-08	4.43E-05	3.07E-09	7.37E-05
AC>GT	2.71E-05	3.61E-04	1.60E-04	1.25E-04	1.38E-04	3.03E-04
AC>TA	1.84E-04	3.32E-04	1.45E-04	1.48E-04	1.39E-04	4.26E-04
AC>TG	5.00E-08	7.33E-08	2.72E-08	8.28E-09	2.79E-09	5.88E-08
AC>TT	4.40E-04	8.95E-04	4.42E-05	2.19E-04	4.59E-09	9.55E-04
AT>CA	1.16E-04	2.06E-04	2.92E-05	3.91E-05	3.72E-06	2.52E-04
AT>CC	5.22E-06	4.78E-05	3.12E-08	4.55E-05	2.84E-09	1.08E-04
AT>CG	5.00E-08	7.33E-08	2.72E-08	8.28E-09	2.79E-09	5.88E-08
AT>GA	6.06E-04	4.16E-04	5.44E-05	4.80E-05	5.13E-09	4.47E-04
AT>GC	6.37E-05	2.04E-04	1.53E-05	6.12E-05	1.30E-04	2.46E-04
AT>TA	6.50E-04	6.61E-04	2.79E-04	6.82E-05	1.33E-08	4.83E-04
CC>AA	1.35E-03	1.93E-03	1.23E-03	1.59E-04	5.90E-04	1.49E-03
CC>AG	2.53E-04	7.14E-04	4.00E-04	1.13E-04	3.43E-04	7.88E-04
CC>AT	1.16E-03	1.35E-03	7.36E-04	2.13E-04	2.12E-04	2.16E-03
CC>GA	2.68E-04	5.71E-04	2.75E-04	3.41E-05	4.44E-09	5.27E-04
CC>GG	1.49E-04	5.83E-04	1.42E-04	8.45E-05	1.57E-05	2.07E-04
CC>GT	5.40E-04	8.94E-04	2.99E-04	1.91E-04	4.93E-09	1.02E-03
CC>TA	7.02E-04	4.24E-03	1.03E-03	2.54E-04	1.45E-04	1.59E-03
CC>TG	7.78E-04	1.07E-03	3.66E-05	1.40E-04	1.30E-04	1.04E-03
CC>TT	3.72E-03	2.33E-03	1.65E-03	1.32E-03	1.47E-04	1.90E-03
CG>AT	2.53E-04	1.42E-04	1.48E-05	1.88E-08	1.18E-04	1.44E-04
CG>GC	5.00E-08	7.33E-08	2.72E-08	8.28E-09	2.79E-09	5.88E-08
CG>GT	4.99E-08	7.82E-08	3.05E-08	1.65E-08	1.13E-04	6.23E-08
CG>TA	5.00E-08	7.33E-08	2.72E-08	8.28E-09	2.79E-09	5.88E-08
CG>TC	1.12E-04	3.10E-04	5.13E-05	4.53E-05	1.28E-04	1.73E-04
CG>TT	1.76E-04	3.10E-05	2.88E-08	1.52E-06	2.30E-09	1.50E-05
CT>AA	1.04E-04	3.95E-04	8.80E-04	1.84E-05	3.26E-04	3.63E-04
CT>AC	3.64E-08	1.58E-05	5.44E-04	2.10E-05	1.27E-03	3.24E-05
CT>AG	6.17E-05	2.01E-04	4.02E-04	3.47E-05	4.78E-09	2.80E-04
CT>GA	4.22E-05	1.44E-04	2.83E-04	5.74E-09	2.72E-09	8.51E-05
CT>GC	1.05E-05	4.35E-05	1.19E-04	4.58E-05	2.77E-09	1.04E-04
CT>GG	2.45E-04	4.11E-04	6.36E-05	2.74E-05	7.46E-06	4.74E-04
CT>TA	7.88E-04	6.49E-04	3.31E-04	5.70E-09	4.92E-09	2.99E-04
CT>TC	8.43E-04	5.99E-04	2.74E-04	1.17E-04	5.30E-09	7.80E-04
CT>TG	3.61E-04	1.64E-04	2.09E-04	1.00E-04	3.86E-09	1.61E-04
GC>AA	1.12E-03	2.87E-03	6.54E-04	2.55E-04	1.36E-04	1.77E-03
GC>AG	5.01E-04	1.13E-03	3.79E-04	8.20E-05	2.64E-04	8.18E-04
GC>AT	2.20E-04	9.16E-04	4.01E-04	3.36E-05	4.63E-09	6.35E-04
GC>CA	5.15E-04	5.71E-04	2.51E-04	2.58E-05	1.94E-04	3.36E-04
GC>CG	5.00E-08	7.33E-08	2.72E-08	8.28E-09	2.79E-09	5.88E-08
GC>TA	3.84E-04	4.01E-04	1.64E-04	7.02E-06	1.34E-04	2.81E-04
TA>AT	3.58E-04	6.53E-04	9.98E-05	8.14E-05	1.29E-04	5.26E-04
TA>CG	1.93E-04	1.17E-05	2.89E-08	1.52E-06	2.21E-09	1.40E-05
TA>CT	3.43E-04	7.01E-04	1.30E-04	1.08E-04	1.21E-04	6.49E-04
TA>GC	5.00E-08	7.33E-08	2.72E-08	8.28E-09	2.79E-09	5.88E-08
TA>GG	5.00E-08	7.33E-08	2.72E-08	8.28E-09	2.79E-09	5.88E-08
TA>GT	1.49E-04	3.92E-05	2.17E-08	8.16E-05	3.18E-09	1.38E-04
TC>AA	3.96E-04	2.57E-03	1.39E-03	2.00E-05	2.85E-04	1.73E-03
TC>AG	2.33E-04	1.10E-03	5.50E-04	3.74E-05	5.52E-09	9.70E-04
TC>AT	1.15E-03	1.72E-03	7.26E-04	1.70E-04	2.44E-09	1.04E-03
TC>CA	7.70E-04	7.61E-04	2.12E-04	7.42E-05	4.92E-09	7.55E-04
TC>CG	5.97E-05	2.08E-04	3.16E-05	2.21E-06	1.18E-04	1.68E-04
TC>CT	6.17E-04	1.05E-03	3.32E-04	1.44E-04	1.32E-04	9.01E-04
TC>GA	2.08E-04	4.09E-04	2.32E-04	3.04E-05	1.43E-04	4.08E-04
TC>GG	5.84E-05	2.73E-04	5.35E-05	4.06E-05	3.74E-06	2.38E-04
TC>GT	4.56E-04	7.45E-04	2.57E-04	1.12E-04	1.42E-04	6.41E-04
TG>AA	2.73E-04	1.66E-04	3.10E-04	1.18E-04	1.41E-04	2.29E-04
TG>AC	3.31E-04	2.57E-04	3.57E-05	9.45E-05	3.59E-09	1.27E-04
TG>AT	1.29E-03	7.05E-04	2.12E-04	2.19E-04	3.75E-04	7.19E-04
TG>CA	3.13E-04	2.49E-04	1.59E-05	1.39E-04	4.31E-09	3.53E-04
TG>CC	2.51E-04	1.80E-04	2.24E-05	5.63E-05	1.66E-04	2.42E-04
TG>CT	1.51E-03	1.68E-03	7.60E-04	1.39E-04	2.09E-04	1.31E-03
TG>GA	3.44E-04	1.30E-04	1.01E-05	6.67E-05	4.34E-09	2.35E-04
TG>GC	1.82E-04	2.66E-05	2.95E-08	3.49E-08	2.33E-09	2.17E-05
TG>GT	6.14E-04	1.40E-03	1.17E-03	5.92E-05	9.33E-04	1.25E-03
TT>AA	7.40E-04	8.10E-04	2.98E-04	1.56E-04	1.59E-04	3.36E-04
TT>AC	1.62E-04	4.63E-04	6.99E-05	5.43E-05	1.60E-08	5.21E-04
TT>AG	2.88E-04	2.09E-04	1.85E-04	1.48E-05	1.28E-08	2.54E-04
TT>CA	2.57E-04	5.54E-04	6.15E-05	1.34E-04	7.68E-09	7.29E-04
TT>CC	4.79E-04	4.70E-04	4.18E-05	1.24E-04	5.75E-09	7.35E-04
TT>CG	2.69E-04	3.48E-05	2.16E-08	7.02E-05	3.03E-09	6.73E-05
TT>GA	4.49E-04	3.33E-04	5.32E-05	6.14E-05	1.17E-04	2.54E-04
TT>GC	1.88E-04	2.36E-05	2.93E-08	3.03E-06	2.44E-09	1.15E-05
TT>GG	1.11E-04	2.24E-04	2.32E-04	9.21E-09	2.46E-09	6.92E-05
