MutationType	DBS78A	DBS78B	DBS78C	DBS78D	DBS78E
AC>CA	4.91E-04	1.56E-04	3.69E-04	1.02E-04	3.86E-09
AC>CG	1.07E-04	3.86E-08	6.25E-08	4.35E-05	3.23E-09
AC>CT	7.12E-04	7.31E-05	2.00E-04	1.51E-04	1.49E-05
AC>GA	5.05E-04	1.33E-04	3.91E-04	5.54E-05	3.93E-06
AC>GG	8.97E-05	3.90E-08	6.38E-08	4.23E-05	3.30E-09
AC>GT	2.81E-04	1.46E-04	4.63E-05	1.15E-04	1.48E-04
AC>TA	3.77E-04	1.51E-04	1.36E-04	1.33E-04	1.39E-04
AC>TG	5.38E-08	2.80E-08	4.72E-08	8.08E-09	3.12E-09
AC>TT	8.26E-04	7.82E-05	4.55E-04	2.15E-04	1.69E-06
AT>CA	2.33E-04	3.88E-05	1.24E-04	3.98E-05	7.29E-06
AT>CC	6.48E-05	4.02E-08	2.67E-07	4.24E-05	3.07E-09
AT>CG	5.38E-08	2.80E-08	4.72E-08	8.08E-09	3.12E-09
AT>GA	3.88E-04	6.96E-05	5.32E-04	5.47E-05	7.83E-06
AT>GC	2.12E-04	1.43E-05	5.92E-05	5.74E-05	1.31E-04
AT>TA	3.56E-04	2.53E-04	6.25E-04	7.71E-05	3.05E-05
CC>AA	1.19E-03	1.09E-03	1.24E-03	1.58E-04	6.51E-04
CC>AG	6.75E-04	3.88E-04	2.58E-04	1.10E-04	3.87E-04
CC>AT	1.85E-03	7.53E-04	1.18E-03	2.54E-04	2.19E-04
CC>GA	4.71E-04	2.93E-04	2.76E-04	3.73E-05	1.31E-05
CC>GG	3.00E-04	1.13E-04	5.66E-05	8.56E-05	1.98E-05
CC>GT	8.61E-04	3.23E-04	5.30E-04	1.78E-04	5.19E-09
CC>TA	2.78E-03	1.05E-03	8.81E-04	2.61E-04	1.41E-04
CC>TG	9.00E-04	6.87E-05	8.10E-04	1.72E-04	1.30E-04
CC>TT	1.57E-03	1.40E-03	3.12E-03	1.22E-03	1.51E-04
CG>AT	1.31E-04	1.87E-05	2.29E-04	1.04E-05	1.23E-04
CG>GC	5.38E-08	2.80E-08	4.72E-08	8.08E-09	3.12E-09
CG>GT	5.74E-08	3.14E-08	4.83E-08	1.65E-08	1.09E-04
CG>TA	5.38E-08	2.80E-08	4.72E-08	8.08E-09	3.12E-09
CG>TC	1.82E-04	5.33E-05	1.37E-04	4.22E-05	1.32E-04
CG>TT	1.15E-05	3.87E-08	1.72E-04	5.03E-06	2.66E-09
CT>AA	2.02E-04	7.94E-04	7.25E-05	1.88E-05	3.90E-04
CT>AC	1.43E-07	3.08E-05	3.10E-08	1.05E-05	1.39E-03
CT>AG	2.12E-04	3.49E-04	9.79E-05	3.64E-05	5.19E-06
CT>GA	7.89E-05	2.57E-04	3.88E-05	4.94E-09	5.22E-09
CT>GC	6.36E-05	1.09E-04	6.37E-06	4.70E-05	6.08E-09
CT>GG	4.28E-04	6.64E-05	2.66E-04	2.86E-05	1.50E-05
CT>TA	2.99E-04	3.30E-04	7.21E-04	1.06E-05	4.98E-09
CT>TC	6.56E-04	2.59E-04	7.84E-04	1.31E-04	5.27E-09
CT>TG	1.11E-04	1.85E-04	3.31E-04	9.74E-05	4.03E-09
GC>AA	1.87E-03	8.07E-04	1.17E-03	2.62E-04	1.48E-04
GC>AG	7.47E-04	4.10E-04	5.64E-04	9.03E-05	2.66E-04
GC>AT	6.39E-04	4.02E-04	1.87E-04	4.06E-05	4.14E-09
GC>CA	3.29E-04	2.52E-04	5.16E-04	4.00E-05	2.15E-04
GC>CG	5.38E-08	2.80E-08	4.72E-08	8.08E-09	3.12E-09
GC>TA	2.90E-04	1.68E-04	3.71E-04	9.43E-06	1.46E-04
TA>AT	5.20E-04	1.42E-04	3.70E-04	1.02E-04	1.27E-04
TA>CG	7.81E-06	3.87E-08	1.77E-04	6.60E-06	2.61E-09
TA>CT	5.91E-04	1.82E-04	3.56E-04	1.11E-04	1.22E-04
TA>GC	5.38E-08	2.80E-08	4.72E-08	8.08E-09	3.12E-09
TA>GG	5.38E-08	2.80E-08	4.72E-08	8.08E-09	3.12E-09
TA>GT	8.17E-05	2.63E-08	1.26E-04	8.48E-05	3.26E-09
TC>AA	1.56E-03	1.16E-03	3.02E-04	3.26E-05	2.71E-04
TC>AG	8.65E-04	5.32E-04	2.97E-04	5.02E-05	5.79E-09
TC>AT	1.18E-03	7.24E-04	1.12E-03	1.88E-04	3.36E-09
TC>CA	6.59E-04	2.59E-04	7.36E-04	8.29E-05	4.93E-09
TC>CG	1.69E-04	4.27E-05	6.39E-05	4.39E-06	1.18E-04
TC>CT	8.62E-04	3.48E-04	6.43E-04	1.47E-04	1.32E-04
TC>GA	3.53E-04	2.24E-04	2.38E-04	3.52E-05	1.54E-04
TC>GG	2.24E-04	7.81E-05	8.83E-05	4.19E-05	1.22E-05
TC>GT	6.09E-04	2.97E-04	4.52E-04	1.14E-04	1.46E-04
TG>AA	1.69E-04	2.84E-04	2.31E-04	1.14E-04	1.48E-04
TG>AC	1.54E-04	3.77E-05	3.03E-04	8.72E-05	3.66E-09
TG>AT	5.71E-04	1.92E-04	1.15E-03	2.16E-04	3.99E-04
TG>CA	2.60E-04	2.92E-05	2.90E-04	1.33E-04	5.33E-09
TG>CC	2.06E-04	1.48E-05	2.44E-04	6.30E-05	1.63E-04
TG>CT	1.20E-03	7.28E-04	1.37E-03	1.55E-04	1.98E-04
TG>GA	1.69E-04	1.00E-05	3.22E-04	6.66E-05	3.67E-09
TG>GC	8.59E-06	3.91E-08	1.65E-04	6.49E-06	2.65E-09
TG>GT	9.90E-04	1.08E-03	6.12E-04	7.03E-05	1.01E-03
TT>AA	4.86E-04	2.92E-04	6.97E-04	1.55E-04	1.55E-04
TT>AC	4.53E-04	9.68E-05	1.91E-04	6.30E-05	9.48E-06
TT>AG	2.24E-04	1.59E-04	2.91E-04	1.89E-05	2.14E-05
TT>CA	6.41E-04	1.12E-04	2.94E-04	1.42E-04	3.05E-06
TT>CC	6.11E-04	6.91E-05	4.69E-04	1.30E-04	9.78E-06
TT>CG	4.21E-05	3.05E-08	2.45E-04	6.93E-05	3.03E-09
TT>GA	2.59E-04	6.54E-05	4.17E-04	6.78E-05	1.24E-04
TT>GC	2.09E-05	3.83E-08	1.56E-04	5.38E-06	2.58E-09
TT>GG	1.19E-04	1.96E-04	1.20E-04	2.36E-06	5.29E-09
