MutationType	DBS78A	DBS78B	DBS78C	DBS78D	DBS78E
AC>CA	0.0022688670273218795	0.002133279861354029	2.394279672671461e-07	0.015122669919968985	0.007660470388296602
AC>CG	0.0013112248671430557	1.9071327949645834e-06	4.1484996969364204e-07	0.0005678957611669282	2.8529713501025156e-06
AC>CT	0.0039190240349270536	0.0006668208514210608	2.3259116468538568e-05	0.02735155878336736	0.0013943773006652096
AC>GA	0.0015113671522522594	0.0016168720022266432	4.196977868062619e-06	0.013443529809506144	0.009838629375145878
AC>GG	0.0012681647283418964	1.9894075552176747e-06	4.1851781765117123e-07	0.0004090178693679437	2.9220023709036533e-06
AC>GT	0.005205993900952235	0.0036909217188600724	0.004497733683475099	0.0036555934664124884	0.00017915209814224373
AC>TA	0.006976921348974187	0.003495310685974298	0.0043356002246412615	0.006936977578220096	0.0013457346964724142
AC>TG	1.2373687388738774e-06	3.230757917580553e-06	4.422346787246369e-07	7.761083993435536e-06	4.983821801135777e-06
AC>TT	0.00893972490284349	0.0004773675195456331	1.8366294999052178e-06	0.028116793269060376	0.008565177336130521
AT>CA	0.0007513698343168404	0.0001709702389030357	7.668352340436619e-06	0.00571690078590872	0.001621240305044786
AT>CC	0.0011844317680937242	1.8364746411909449e-06	4.1204114734813674e-07	0.0004933404242040837	3.1730308956036498e-06
AT>CG	1.2373687388738774e-06	3.230757917580553e-06	4.422346787246369e-07	7.761083993435536e-06	4.983821801135777e-06
AT>GA	0.0008299446135090893	0.0004350813767089552	1.2559234307756302e-05	0.008720625509851905	0.028242805043573006
AT>GC	0.001543072870619691	3.076629659977905e-05	0.003933064741329158	0.0039001186492383186	0.0003221078850326193
AT>TA	0.0022320080056751146	0.007222164030345429	6.508917668394453e-05	0.00502109277899588	0.027571157839713464
CC>AA	0.004667819461529639	0.12567701355415647	0.08194115321863614	0.02292191756495314	0.06604536373640837
CC>AG	0.004090674875365074	0.01459991250120452	0.018162991975459838	0.019557944027234056	0.0028334104664033935
CC>AT	0.00462893719255098	0.060266747748878434	0.009250119784422684	0.1160332671331573	0.060831424300923774
CC>GA	0.0005249733253240722	0.009350316614679059	2.815834147243021e-05	0.013168636548325357	0.004736591917748156
CC>GG	0.0035519423727259605	0.003064433342580612	4.3401059566289936e-05	0.00305406912348524	0.00028778596985283117
CC>GT	0.00804658065086936	0.008742345463346585	1.4719022940808136e-07	0.038780432222795556	0.012789053258852334
CC>TA	0.014579723626414938	0.053173776083787386	0.004454593871692639	0.052567147190518936	0.011670770882837016
CC>TG	0.003511367567482599	0.00035362633757290393	0.003986789332956109	0.034407515951753606	0.027466490686726384
CC>TT	0.8147502290881204	0.021746663606889163	0.0049730282435573115	0.006485382330540375	0.033841402625942235
CG>AT	2.404800093167167e-05	6.737717584884769e-05	0.0037906434868938263	0.0018052748475344902	0.007760880693542667
CG>GC	1.2373687388738774e-06	3.230757917580553e-06	4.422346787246369e-07	7.761083993435536e-06	4.983821801135777e-06
CG>GT	6.739026075304408e-07	2.839619955686105e-06	0.0035187190646389023	7.14037507922406e-06	4.775629876662885e-06
CG>TA	1.2373687388738774e-06	3.230757917580553e-06	4.422346787246369e-07	7.761083993435536e-06	4.983821801135777e-06
CG>TC	0.0012464707423555973	0.0005758233083359927	0.003960687411637173	0.0023741125269133626	0.0021503651956473295
CG>TT	1.4450886152291263e-05	2.036762194730367e-06	3.926874682953438e-07	3.250117842040594e-05	0.005152530176815917
CT>AA	0.0001558593679263608	0.10052274716763862	0.022400520344529624	0.001759899335321564	0.00012377587901623625
CT>AC	1.6216617847146317e-05	3.75757801092593e-05	0.5739726798517673	4.685782627962449e-06	1.8725858722503165e-07
CT>AG	0.0006309281996802304	0.029420471890375333	7.586827526469076e-06	0.003119318006264103	0.0007510687000275728
CT>GA	2.5278317447425167e-07	0.016566970628169055	4.984608130889044e-07	0.0006665427843141938	0.00014124326157760215
CT>GC	0.001308996068726914	0.003331975514676367	4.787133890298114e-07	0.0005272183324832034	8.34141772362989e-06
CT>GG	0.0003706240219357048	0.0005534915215639447	2.1543650626774255e-05	0.013395048241939118	0.005059735255729809
CT>TA	1.8882482615254153e-05	0.016043317755153247	1.8547100448522735e-07	0.0034669788198082485	0.047273844150761274
CT>TC	0.0029660711114111596	0.009149381949067134	1.9686972893408505e-07	0.015998748399674873	0.033559888694390305
CT>TG	0.0039054110191683177	0.007548185915718998	3.785382883295071e-07	0.0007154563551435171	0.008712878719280831
GC>AA	0.01011111719641856	0.03460977554888052	0.004523781616834279	0.06912614652003665	0.03141558155555408
GC>AG	0.001578404364916199	0.01368937420624341	0.013635564242800949	0.02544696602284822	0.013626653616397068
GC>AT	0.0004803927500981094	0.017934154936099497	2.940803827580587e-07	0.019101630303053476	0.0016868865772077378
GC>CA	0.00036121695246511175	0.006413886704361259	0.00914454047962131	0.004669026750829165	0.01770878582491274
GC>CG	1.2373687388738774e-06	3.230757917580553e-06	4.422346787246369e-07	7.761083993435536e-06	4.983821801135777e-06
GC>TA	2.6105453871466552e-05	0.004186334929867376	0.0042593239357329084	0.006434368332277464	0.011725446764307047
TA>AT	0.002103015496947927	0.0017544124208800492	0.003776393371554902	0.016904376603477666	0.007996574200956787
TA>CG	2.231913014832145e-05	2.03728791653948e-06	3.898197908411855e-07	1.911524522807196e-05	0.005204143197693599
TA>CT	0.0032062099314195984	0.0030100026000551847	0.003807761340224186	0.018804410047045535	0.008171637805638367
TA>GC	1.2373687388738774e-06	3.230757917580553e-06	4.422346787246369e-07	7.761083993435536e-06	4.983821801135777e-06
TA>GG	1.2373687388738774e-06	3.230757917580553e-06	4.422346787246369e-07	7.761083993435536e-06	4.983821801135777e-06
TA>GT	0.003643562244220596	8.622911019719698e-07	3.565733343695698e-07	0.00047204282588444643	0.0018834239394354586
TC>AA	0.0001893394673548982	0.12927844845684217	0.017937914521575105	0.039369321591139934	0.0015075658413983876
TC>AG	0.0004995367419234468	0.03522463720053503	2.7120520149573097e-07	0.03645283417608573	0.003517753315552191
TC>AT	0.004719508415401595	0.05700463279744225	4.398581481311582e-08	0.032989881238312	0.06344869467662331
TC>CA	0.0014543720391647715	0.006884517695033157	1.6229751718930991e-07	0.020511570098435652	0.037170768087296684
TC>CG	1.2480283449714356e-05	0.0003677190819424343	0.003715057506832812	0.0038780349218839327	0.0004985816399227458
TC>CT	0.004191217585976522	0.011883267520100266	0.004291771147261434	0.03009889168283621	0.02102549033620924
TC>GA	0.0005346347659875477	0.00821136221655739	0.0046740624462803014	0.009773463375778047	0.004453771028579392
TC>GG	0.0008565515772371471	0.001152372431399443	3.1007540899624525e-05	0.004474568078370536	0.0007691763494582671
TC>GT	0.004147581552378995	0.008871150555661081	0.004520799029653588	0.02195307563245	0.013167057377725446
TG>AA	0.005555211484819242	0.018399540312807758	0.00471360932325248	0.0017147675921382547	0.004512226601676017
TG>AC	0.0037185586620656855	0.00026440885996260356	2.894100512071592e-07	0.0015911723833675652	0.00988750915163961
TG>AT	0.009926025402671654	0.003409840873705937	0.0328609149739174	0.010469203435807699	0.09720197813586512
TG>CA	0.007222261528103185	0.00013118398413678007	2.8186442093213456e-07	0.0035989270035969747	0.005274860234829843
TG>CC	0.0014094701534900006	5.2131378615313234e-05	0.007249985139960722	0.00413434620467581	0.005631975208447166
TG>CT	0.0030009969335218502	0.057034901006449173	0.009239778415627654	0.03829581430284174	0.09982254829093888
TG>GA	0.0017580289789102842	2.6769364110643214e-05	3.1462076130523537e-07	0.0025472753659181962	0.011377552148941022
TG>GC	1.848147001928711e-05	2.08104199534358e-06	3.9431856948428203e-07	2.2792436252485957e-05	0.004828583963339912
TG>GT	0.0009475573985365647	0.05324923963331774	0.11984062385546654	0.026064694151121722	0.018270718580512327
TT>AA	0.008446795297513437	0.009991614899873068	0.004589529951941239	0.005990279994665846	0.022200250770843782
TT>AC	0.0010601983427896793	0.0010585690875868261	2.046836010985109e-05	0.01630019022128982	0.002703089623259869
TT>AG	9.382830260369927e-05	0.004703233156647747	6.23443756764199e-05	0.004666443743860137	0.008189963011998055
TT>CA	0.0041482537376795895	0.0011253652979613864	3.2832107458967035e-06	0.027493573502240177	0.005141855449358008
TT>CC	0.003936254557650363	0.0004856042190796384	1.704436544037431e-05	0.020463420182277856	0.014199474372370275
TT>CG	0.002127720824875312	8.463206038944859e-07	3.365252935601175e-07	0.00016756625736950932	0.007112307185220294
TT>GA	0.0015121746557491375	0.0006139658049995609	0.0036799387968483106	0.004699672212876167	0.014207187878611709
TT>GC	1.4281846850584179e-05	2.0693461000259113e-06	3.932219347519975e-07	4.78239754436128e-05	0.004708979381170036
TT>GG	4.424471711558084e-06	0.008204753386871872	4.911160968266845e-07	0.0008926343167726767	0.0017644519719967372
