Iteration	L1	L1 %	L2	L2 %	KL Divergence
1	18.546	106.448	5.035	63.704	1.177
2	16.86	102.771	4.546	60.993	1.096
3	17.408	101.387	4.5	60.724	1.098
4	17.54	102.928	4.507	62.505	1.165
5	16.764	100.622	4.382	59.174	1.112
6	17.373	105.862	4.627	62.481	1.186
7	18.317	106.571	5.013	62.03	1.177
8	17.122	104.586	4.557	62.797	1.175
9	18.094	105.989	4.886	62.945	1.176
10	17.749	110.032	4.572	64.648	1.257
11	16.892	101.047	4.362	59.221	1.121
12	17.622	99.793	4.817	61.09	1.097
13	17.721	106.826	5.035	65.019	1.193
14	17.506	106.091	4.644	63.273	1.144
15	17.629	106.592	4.678	63.372	1.206
16	16.98	106.022	4.459	62.754	1.21
17	18.256	106.48	4.905	62.604	1.189
18	16.891	106.032	4.397	62.675	1.248
19	16.407	103.039	4.405	62.13	1.15
20	17.391	107.56	4.426	64.131	1.22
21	16.934	100.593	4.511	60.39	1.159
22	18.019	109.175	4.728	66.139	1.27
23	16.976	108.499	4.64	65.865	1.285
24	17.489	102.949	4.697	62.289	1.135
25	17.312	106.693	4.541	63.424	1.145
26	16.495	100.169	4.275	60.204	1.131
27	16.756	99.989	4.428	58.822	1.125
28	16.291	97.763	4.224	57.388	1.11
29	18.779	108.513	5.329	67.368	1.273
30	17.838	107.47	4.48	64.501	1.195
31	17.457	106.354	4.691	64.714	1.204
32	17.077	96.769	4.556	58.173	1.058
33	18.276	102.072	5.114	60.604	1.117
34	16.873	102.635	4.503	63.437	1.168
35	18.756	105.646	5.137	63.346	1.167
36	17.303	101.916	4.7	61.087	1.119
37	17.161	101.307	4.573	59.307	1.114
38	18.113	102.729	4.928	62.552	1.144
39	17.564	101.346	4.523	61.017	1.13
40	17.973	105.82	4.747	63.803	1.187
41	17.134	102.438	4.831	62.073	1.145
42	17.619	103.969	4.725	61.86	1.132
43	16.785	106.305	4.506	64.178	1.26
44	17.62	104.689	4.935	63.796	1.171
45	16.86	100.408	4.238	59.743	1.105
46	17.615	106.423	4.614	62.688	1.174
47	16.953	102.583	4.526	60.346	1.169
48	17.324	104.236	4.678	63.392	1.168
49	17.029	104.107	4.374	60.646	1.139
50	17.217	102.724	4.716	63.704	1.105
51	17.592	100.402	4.711	60.404	1.075
52	17.371	102.433	4.657	62.292	1.142
53	17.798	104.068	4.709	62.027	1.127
54	17.125	100.783	4.345	60.514	1.107
55	17.34	102.192	4.569	61.474	1.128
56	17.593	107.974	4.846	64.48	1.208
57	16.569	101.669	4.351	60.413	1.131
58	18.287	106.203	4.998	63.824	1.174
59	16.738	101.178	4.309	59.3	1.109
60	17.4	104.277	4.569	61.904	1.156
61	18.603	105.605	5.217	62.798	1.138
62	17.091	102.51	4.454	61.086	1.16
63	18.581	104.19	5.107	63.496	1.164
64	18.135	101.328	4.969	61.112	1.124
65	17.586	99.727	4.651	58.884	1.082
66	17.594	109.653	4.732	64.874	1.246
67	17.376	101.494	4.703	63.432	1.135
68	17.794	103.767	4.657	61.105	1.117
69	16.699	99.952	4.384	59.148	1.118
70	16.349	102.969	4.294	59.114	1.128
71	17.925	104.002	4.803	62.474	1.128
72	16.999	105.583	4.232	63.661	1.175
73	18.003	104.415	4.848	63.334	1.132
74	17.122	102.354	4.584	61.008	1.152
75	17.315	100.724	4.467	59.212	1.072
76	17.554	104.727	4.443	62.085	1.203
77	17.627	102.543	4.599	61.336	1.118
78	17.22	106.934	4.629	63.154	1.233
79	17.751	106.496	4.644	65.355	1.184
80	17.13	103.541	4.561	64.509	1.172
81	16.511	101.319	4.219	60.145	1.119
82	16.822	100.99	4.384	58.363	1.121
83	17.764	102.36	4.832	60.55	1.136
84	17.909	107.308	4.692	64.696	1.228
85	17.242	101.732	4.545	61.242	1.118
86	17.574	102.3	4.58	60.241	1.186
87	16.601	100.975	4.21	60.312	1.165
88	17.415	101.389	4.426	59.535	1.111
89	17.643	103.843	4.764	63.892	1.131
90	17.436	104.163	4.62	61.08	1.175
91	16.592	101.84	4.624	61.75	1.156
92	18.042	107.936	4.703	63.8	1.179
93	17.099	97.086	4.477	57.793	1.041
94	16.713	102.658	4.404	61.075	1.196
95	17.341	104.699	4.536	62.533	1.194
96	17.807	104.206	4.786	62.469	1.174
97	17.628	103.803	4.87	62.216	1.112
98	18.497	101.87	5.145	61.252	1.1
99	16.602	101.585	4.294	61.549	1.133
100	17.657	107.907	4.688	64.329	1.243
101	18.328	106.096	4.849	62.332	1.156
102	18.231	107.222	4.903	63.982	1.166
103	17.215	99.961	4.469	60.375	1.113
104	17.626	101.446	5.075	61.083	1.117
105	18.654	98.087	5.135	59.315	1.042
106	17.826	101.573	4.913	59.161	1.089
107	17.569	106.814	4.769	62.865	1.154
108	16.921	102.809	4.611	61.564	1.164
109	17.568	107.002	4.76	64.482	1.172
110	16.604	97.62	4.45	59.215	1.075
111	17.37	102.38	4.658	62.144	1.143
112	18.138	108.515	4.535	64.454	1.195
113	18.243	108.449	4.994	64.599	1.209
114	16.907	101.376	4.535	61.776	1.146
115	18.425	110.31	4.885	65.356	1.248
116	17.877	104.264	4.669	64.065	1.145
117	16.913	105.543	4.39	62.118	1.168
118	17.521	106.049	4.474	63.901	1.157
119	16.309	97.231	4.325	58.245	1.092
120	18.16	104.325	4.761	61.704	1.117
121	16.946	101.729	4.293	60.177	1.107
122	17.318	102.601	4.452	62.998	1.144
123	16.706	98.458	4.354	58.298	1.118
124	17.09	99.544	4.59	59.664	1.088
125	17.608	105.223	4.548	61.886	1.153
126	17.024	97.731	4.521	58.078	1.083
127	17.494	104.91	4.6	63.012	1.128
128	17.037	99.327	4.485	58.797	1.091
129	18.62	106.521	4.807	63.438	1.187
130	17.729	103.267	4.682	60.216	1.146
131	16.096	100.806	4.183	59.079	1.135
132	17.2	100.592	4.307	59.224	1.104
133	17.505	108.437	4.707	65.596	1.256
134	17.805	104.373	4.674	62.168	1.131
135	18.16	103.727	5.091	64.838	1.148
136	18.449	101.535	5.149	61.184	1.063
137	16.509	105.202	4.409	61.225	1.202
138	18.005	102.673	5.231	63.495	1.144
139	17.39	100.459	4.392	58.561	1.101
140	18.56	107.345	4.957	65.156	1.178
141	18.036	107.796	4.939	65.82	1.24
142	17.093	102.027	4.519	60.902	1.114
143	18.506	104.224	5.197	62.732	1.164
144	17.353	105.607	4.704	62.629	1.206
145	17.947	107.32	4.869	61.125	1.189
146	17.459	108.347	4.561	63.394	1.257
147	16.842	101.814	4.571	61.864	1.116
148	17.761	100.473	4.87	61.063	1.101
149	17.031	103.167	4.683	61.066	1.118
150	17.437	105.016	4.59	61.993	1.153
151	17.072	98.509	4.561	58.563	1.084
152	17.172	107.394	4.509	64.768	1.168
153	17.085	101.059	4.566	59.98	1.089
154	16.951	103.766	4.463	62.346	1.155
155	18.21	107.438	4.948	66.342	1.207
156	16.327	100.575	4.319	59.764	1.166
157	16.807	103.297	4.425	61.601	1.14
158	17.901	105.776	4.897	64.618	1.185
159	17.61	99.798	4.792	60.068	1.093
160	17.932	109.384	4.766	65.688	1.223
161	18.307	101.857	5.02	60.588	1.109
162	16.729	101.407	4.497	60.625	1.131
163	16.199	98.583	4.223	61.065	1.114
164	18.221	106.799	4.925	64.271	1.15
165	17.737	105.999	4.91	64.713	1.178
166	18.805	108.034	5.402	66.575	1.233
167	17.545	106.809	4.535	64.587	1.214
168	17.147	102.874	4.553	60.358	1.128
169	17.901	109.002	4.702	64.731	1.221
170	16.832	102.658	4.318	60.559	1.14
171	18.576	101.875	5.191	65.107	1.142
172	17.821	101.27	4.981	60.432	1.158
173	17.858	102.313	4.991	61.75	1.135
174	19.132	107.184	5.325	64.584	1.153
175	17.357	103.313	4.595	62.069	1.183
176	17.888	104.052	4.885	62.134	1.162
177	16.837	102.577	4.163	60.621	1.167
178	16.422	97.899	4.245	57.081	1.078
179	17.509	104.85	4.538	62.923	1.151
180	17.381	105.021	4.729	63.419	1.159
181	17.375	105.773	4.795	63.824	1.197
182	16.587	103.759	4.402	61.846	1.151
183	17.26	103.539	4.58	62.267	1.178
184	17.529	103.49	4.666	62.688	1.143
185	17.201	102.537	4.689	61.394	1.118
186	17.412	102.771	4.518	60.787	1.143
187	17.268	105.093	4.516	62.74	1.208
188	16.855	107.629	4.388	64.258	1.28
189	18.089	105.545	4.887	63.59	1.177
190	17.805	106.69	4.686	64.147	1.195
191	18.623	103.516	5.061	63.209	1.151
192	15.824	97.539	4.224	58.529	1.105
193	16.365	97.343	4.255	57.903	1.099
194	17.981	103.37	4.959	61.517	1.115
195	17.176	104.544	4.521	63.239	1.125
196	18.18	107.671	4.972	65.332	1.175
197	16.994	100.484	4.514	59.494	1.081
198	17.579	107.187	4.522	64.445	1.187
199	17.592	103.795	4.664	61.88	1.126
200	18.673	109.448	4.886	66.554	1.214
201	17.283	100.74	4.593	60.905	1.089
202	17.287	104.437	4.575	62.77	1.194
203	18.162	104.395	4.825	64.506	1.144
204	17.294	105.972	4.514	63.282	1.179
205	17.662	104.964	4.888	63.902	1.167
206	16.721	105.15	4.305	62.168	1.194
207	17.452	102.275	4.523	61.902	1.11
208	16.855	100.418	4.499	61.122	1.134
209	16.961	101.648	4.378	60.908	1.129
210	16.943	102.344	4.425	62.137	1.121
211	18.116	107.802	4.881	63.849	1.165
212	18.108	105.571	5.174	62.397	1.149
213	16.677	99.677	4.542	59.574	1.127
214	16.974	102.646	4.392	60.241	1.131
215	17.383	100.991	4.492	59.872	1.095
216	16.236	103.315	4.193	60.563	1.126
217	16.567	103.134	4.256	60.266	1.162
218	17.406	108.799	4.614	65.303	1.243
219	17.475	104.313	4.447	62.469	1.158
220	17.002	95.833	4.744	59.907	1.071
221	17.571	102.114	4.765	60.791	1.098
222	17.291	102.378	4.693	62.494	1.096
223	19.14	105.684	5.337	63.561	1.152
224	17.906	102.861	4.916	63.612	1.147
225	17.188	109.188	4.512	65.388	1.197
226	16.478	101.344	4.439	60.778	1.118
227	17.848	106.108	5.162	66.492	1.182
228	17.552	108.16	4.864	64.996	1.192
229	17.594	102.555	4.697	62.011	1.154
230	17.627	107.321	4.736	63.624	1.211
231	17.386	105.11	4.382	62.924	1.156
232	17.694	110.387	4.82	64.539	1.215
233	16.937	103.715	4.515	61.119	1.179
234	18.279	106.678	4.801	63.268	1.19
235	16.878	101.718	4.455	60.966	1.124
236	18.957	106.275	5.199	64.019	1.183
237	16.809	100.895	4.206	59.033	1.098
238	16.952	104.894	4.446	62.481	1.166
239	17.285	104.371	4.588	63.048	1.179
240	17.146	105.922	4.566	62.81	1.181
241	17.984	103.538	4.92	61.111	1.136
242	17.304	101.455	4.756	62.242	1.139
243	16.204	96.387	4.201	59.11	1.093
244	18.174	110.169	4.871	65.213	1.26
245	17.292	101.053	4.521	60.526	1.165
246	17.383	100.916	4.645	60.924	1.116
247	17.014	103.316	4.455	62.116	1.154
248	17.322	100.14	4.639	59.381	1.104
249	17.017	102.584	4.471	61.738	1.132
250	17.384	102.155	4.471	60.329	1.168
251	16.807	102.917	4.525	60.902	1.121
252	16.261	102.108	4.305	61.339	1.168
253	16.774	102.163	4.463	61.038	1.142
254	17.063	104.226	4.478	62.231	1.199
255	17.364	105.128	4.646	61.506	1.2
256	17.139	101.306	4.461	59.277	1.157
257	17.643	102.921	4.89	61.52	1.11
258	16.374	99.805	4.13	59.156	1.097
259	18.366	103.356	5.14	63.271	1.163
260	16.936	103.848	4.46	60.904	1.145
261	17.092	103.506	4.38	62.111	1.127
262	17.326	104.762	4.492	61.603	1.138
263	17.033	103.725	4.484	62.061	1.153
264	17.034	104.694	4.393	62.055	1.209
265	16.849	102.761	4.355	61.156	1.17
266	16.625	101.527	4.48	62.637	1.156
267	16.844	102.106	4.508	60.038	1.1
268	18.326	104.87	4.849	63.665	1.131
269	16.774	102.504	4.249	61.254	1.14
270	16.896	106.202	4.536	63.314	1.232
271	16.637	100.696	4.446	62.424	1.09
272	17.777	106.181	4.57	64.017	1.201
273	16.86	100.331	4.406	60.013	1.135
274	17.021	102.79	4.475	60.748	1.15
275	17.679	109.931	4.677	65.5	1.25
276	17.282	101.269	4.672	61.504	1.131
277	17.614	102.108	4.697	61.296	1.093
278	17.563	97.705	4.752	58.545	1.014
279	16.241	99.37	4.183	60.097	1.067
280	16.466	102.165	4.252	59.689	1.145
281	16.504	100.611	4.355	59.069	1.124
282	16.72	103.507	4.363	62.17	1.156
283	18.61	105.822	5.075	65.84	1.178
284	18.525	105.608	5.143	67.385	1.193
285	17.507	103.59	4.631	61.452	1.162
286	16.606	99.907	4.313	60.555	1.114
287	16.778	99.027	4.397	58.393	1.057
288	16.865	102.362	4.348	60.667	1.129
289	16.578	99.002	4.268	59.29	1.033
290	18.452	105.296	4.948	63.272	1.166
291	17.228	100.479	4.46	61.257	1.123
292	17.524	108.332	4.576	63.92	1.225
293	17.637	103.698	4.506	61.796	1.183
294	18.532	98.854	5.274	60.975	1.07
295	17.479	101.998	4.552	61.202	1.122
296	17.029	100.466	4.397	59.372	1.083
297	17.8	104.754	4.986	62.065	1.162
298	17.33	104.755	4.658	63.549	1.143
299	18.424	109.066	4.854	64.413	1.193
300	17.928	105.729	4.791	64.178	1.216
301	17.409	102.926	4.514	61.762	1.163
302	16.571	101.226	4.429	61.221	1.133
303	18.569	103.673	5.29	64.515	1.142
304	16.546	102.818	4.226	61.331	1.151
305	17.771	107.5	4.789	66.248	1.238
306	17.865	104.874	4.735	62.824	1.147
307	16.885	102.247	4.671	61.306	1.151
308	17.888	108.859	4.85	66.132	1.223
309	17.547	110.609	4.722	65.753	1.287
310	17.144	104.575	4.359	61.59	1.144
311	17.511	104.839	4.678	63.047	1.166
312	17.664	104.504	4.751	61.745	1.149
313	17.655	106.16	4.826	64.698	1.195
314	18.112	101.376	5.342	61.906	1.128
315	17.797	108.617	4.71	64.861	1.228
316	16.588	103.644	4.28	61.57	1.165
317	18.105	104.655	4.769	62.874	1.108
318	17.361	105.189	4.473	61.846	1.151
319	17.485	104.564	4.706	63.18	1.153
320	17.355	100.808	4.741	62.616	1.105
321	17.549	103.391	4.608	61.195	1.127
322	16.934	99.649	4.305	59.66	1.142
323	18.209	104.539	4.933	61.662	1.159
324	16.452	103.323	4.249	61.701	1.164
325	17.596	101.874	4.576	60.046	1.099
326	17.41	101.248	4.658	62.07	1.098
327	17.647	99.876	4.912	61.98	1.119
328	16.565	100.059	4.314	59.71	1.111
329	17.1	100.694	4.618	60.099	1.116
330	17.552	107.19	4.49	63.414	1.19
331	17.796	106.077	4.834	63.192	1.165
332	16.793	104.835	4.387	62.176	1.182
333	19.117	105.934	5.581	66.868	1.183
334	17.341	108.801	4.615	63.48	1.232
335	16.771	100.353	4.328	59.007	1.101
336	17.314	103.707	4.67	62.705	1.133
337	16.332	105.175	4.452	63.37	1.185
338	17.238	103.777	4.578	60.864	1.162
339	17.61	99.276	4.669	58.883	1.106
340	16.775	101.868	4.175	59.775	1.147
341	17.681	103.676	4.847	62.785	1.129
342	18.167	102.375	4.778	63.467	1.189
343	17.827	104.322	4.753	61.857	1.168
344	17.59	100.339	4.578	60.37	1.071
345	16.95	105.651	4.235	63.172	1.189
346	17.568	103.411	4.818	63.858	1.149
347	17.041	99.061	4.415	59.819	1.129
348	18.635	107.418	5.238	66.659	1.207
349	16.439	97.951	4.296	58.833	1.091
350	16.769	101.319	4.463	60.426	1.123
351	16.737	101.959	4.352	60.137	1.103
352	17.511	104.404	4.702	60.253	1.165
353	17.162	102.335	4.601	62.817	1.118
354	16.262	97.896	4.122	56.169	1.101
355	16.629	100.119	4.296	58.374	1.119
356	17.434	105.925	4.606	63.964	1.186
357	16.62	99.302	4.336	57.376	1.047
358	16.842	105.746	4.286	62.945	1.198
359	16.894	98.385	4.528	59.745	1.024
360	18.371	109.771	5.089	66.238	1.235
361	16.776	98.49	4.624	60.494	1.076
362	17.386	101.239	4.685	60.132	1.097
363	18.561	102.925	5.019	61.242	1.125
364	17.017	102.05	4.338	59.908	1.113
365	16.884	102.077	4.405	60.987	1.151
366	17.192	103.131	4.446	61.246	1.156
367	16.875	106.89	4.568	63.555	1.212
368	17.248	102.573	4.661	62.287	1.137
369	17.531	104.304	4.682	62.231	1.161
370	17.548	100.148	4.522	59.14	1.083
371	17.717	106.059	4.693	64.264	1.121
372	16.873	100.616	4.526	60.883	1.085
373	17.781	107.502	4.761	64.188	1.189
374	17.346	97.303	4.734	59.391	1.061
375	18.413	108.084	5.217	65.078	1.218
376	16.377	95.913	4.267	56.615	1.034
377	16.948	102.092	4.33	60.595	1.17
378	17.881	100.309	4.906	59.313	1.067
379	17.252	102.448	4.545	61.707	1.151
380	17.303	103.192	4.636	60.607	1.142
381	18.077	106.853	4.868	64.174	1.216
382	17.051	100.743	4.295	59.254	1.075
383	18.28	110.47	4.866	66.995	1.257
384	16.573	99.524	4.331	58.115	1.129
385	17.222	107.318	4.378	64.08	1.236
386	17.638	100.178	4.904	60.309	1.132
387	17.059	102.778	4.349	60.371	1.121
388	18.156	102.706	5.014	63.145	1.113
389	16.872	105.923	4.264	62.447	1.22
390	16.645	100.419	4.198	58.457	1.115
391	16.991	105.369	4.303	62.397	1.163
392	18.096	102.37	4.722	60.443	1.144
393	18.022	106.188	4.781	64.045	1.173
394	18.43	104.615	4.907	63.063	1.153
395	17.426	102.21	4.814	61.054	1.112
396	16.813	103.145	4.47	61.561	1.145
397	16.768	102.327	4.296	60.595	1.14
398	18.279	105.527	4.901	61.703	1.142
399	18.86	107.555	5.261	64.867	1.211
400	16.614	99.777	4.377	61.327	1.12
401	17.263	106.809	4.644	64.157	1.191
402	17.024	106.257	4.656	63.998	1.207
403	17.017	102.05	4.342	60.611	1.144
404	17.509	105.53	4.744	63.555	1.215
405	17.849	105.873	4.744	63.174	1.16
406	16.987	105.753	4.414	62.702	1.197
407	17.03	103.353	4.598	61.215	1.143
408	17.791	105.982	4.607	64.203	1.207
409	16.789	104.284	4.343	61.109	1.159
410	17.313	105.03	4.402	61.418	1.171
411	17.305	102.708	4.664	61.542	1.183
412	17.047	101.055	4.704	63.389	1.129
413	16.274	99.03	4.185	58.267	1.098
414	17.588	105.38	4.659	62.178	1.115
415	18.484	99.923	4.983	60.949	1.086
416	17.489	98.282	4.835	59.331	1.112
417	16.958	107.912	4.583	62.883	1.222
418	16.877	104.755	4.424	64.1	1.218
419	15.947	98.963	4.078	58.714	1.071
420	17.058	99.862	4.512	58.826	1.083
421	17.397	102.187	4.697	62.028	1.133
422	16.546	101.733	4.402	60.322	1.16
423	17.545	104.478	4.623	62.241	1.165
424	18.206	103.873	4.907	61.61	1.125
425	17.083	104.067	4.405	61.792	1.169
426	16.929	100.473	4.576	60.259	1.098
427	17.873	105.826	4.915	64.129	1.151
428	17.403	104.166	4.565	62.321	1.15
429	18.732	105.077	5.511	63.049	1.145
430	16.961	100.492	4.413	60.267	1.103
431	18.203	107.972	4.711	64.01	1.206
432	18.562	106.654	4.934	62.52	1.173
433	17.975	101.479	4.815	59.239	1.093
434	17.522	105.865	4.434	63.507	1.196
435	17.078	102.438	4.638	61.749	1.131
436	16.486	99.338	4.335	58.908	1.095
437	17.474	102.077	4.727	59.97	1.112
438	17.267	100.499	4.756	59.824	1.12
439	17.708	104.904	4.561	62.645	1.191
440	17.833	104.46	4.678	61.956	1.182
441	18.46	100.372	4.919	61.401	1.14
442	17.482	103.087	4.681	60.97	1.138
443	17.517	105.536	4.529	63.146	1.172
444	18.745	109.033	4.882	64.864	1.216
445	16.916	98.38	4.529	59.696	1.07
446	17.014	102.408	4.783	62.189	1.142
447	16.848	99.558	4.579	59.807	1.115
448	17.107	104.642	4.449	62.379	1.19
449	17.481	104.089	4.641	61.459	1.176
450	17.083	104.642	4.461	61.068	1.181
451	17.06	100.124	4.415	58.435	1.094
452	17.032	102.63	4.487	61.854	1.119
453	16.532	103.121	4.323	60.539	1.157
454	17.216	106.227	4.49	63.155	1.217
455	17.621	105.206	4.815	60.777	1.199
456	16.765	103.314	4.401	60.08	1.164
457	16.362	99.653	4.268	58.811	1.084
458	17.86	105.266	4.747	63.143	1.131
459	19.143	108.488	5.475	66.035	1.243
460	17.126	101.597	4.497	59.791	1.076
461	16.783	105.614	4.379	62.9	1.234
462	16.963	101.522	4.364	61.515	1.156
463	17.319	107.541	4.665	64.71	1.206
464	17.212	106.197	4.547	63.125	1.163
465	17.207	106.015	4.475	62.673	1.174
466	17.439	102.934	4.774	62.107	1.163
467	16.907	98.752	4.49	59.35	1.035
468	17.262	103.584	4.491	61.275	1.157
469	17.434	107.669	4.886	64.466	1.214
470	17.084	103.832	4.413	60.316	1.15
471	19.332	106.396	5.225	64.071	1.158
472	16.958	98.868	4.318	57.09	1.055
473	18.075	104.205	4.986	62.514	1.145
474	17.261	100.267	4.404	58.997	1.086
475	17.806	107.916	4.55	63.19	1.24
476	16.699	99.554	4.31	60.321	1.09
477	16.946	96.022	4.409	57.547	1.008
478	17.141	102.078	4.565	60.395	1.136
479	18.007	106.17	4.785	64.281	1.204
480	17.426	97.954	4.598	58.779	1.072
481	18.33	106.873	4.806	63.169	1.187
482	17.244	101.691	4.653	61.222	1.106
483	17.31	101.956	4.752	61.84	1.12
484	17.235	102.509	4.529	63.445	1.144
485	17.855	106.395	4.605	62.271	1.227
486	17.453	100.446	4.621	61.253	1.098
487	17.554	104.79	4.616	63.536	1.166
488	17.413	104.533	4.582	61.554	1.123
489	17.306	103.691	4.449	61.654	1.144
490	17.209	104.02	4.548	62.095	1.16
491	17.009	103.996	4.507	61.288	1.145
492	17.46	102.456	4.521	61.518	1.109
493	18.543	109.621	5.179	63.845	1.228
494	16.479	100.931	4.435	62.007	1.135
495	17.246	100.598	4.491	59.697	1.107
496	17.493	104.167	4.516	61.514	1.152
497	18.227	103.178	4.69	61.356	1.134
498	18.832	104.437	5.03	62.847	1.127
499	17.513	109.341	4.482	64.664	1.307
500	17.791	101.72	4.838	62.049	1.113
501	18.258	102.377	5.142	60.674	1.115
502	17.581	105.645	4.642	62.513	1.147
503	17.011	102.45	4.793	63.112	1.13
504	17.304	107.61	4.609	64.273	1.222
505	18.938	107.546	5.177	63.323	1.197
506	18.096	104.579	4.919	62.673	1.156
507	16.883	104.061	4.384	62.018	1.171
508	17.671	102.922	4.759	62.328	1.187
509	17.842	105.656	4.655	61.997	1.205
510	16.971	97.627	4.302	57.858	1.094
511	17.184	99.977	4.659	59.78	1.058
512	17.352	107.356	4.533	62.659	1.2
513	18.14	106.706	4.878	63.861	1.188
514	17.824	106.406	4.87	65.571	1.203
515	17.572	101.905	4.726	63.342	1.088
516	17.281	101.167	4.571	60.449	1.109
517	16.882	100.883	4.564	61.491	1.133
518	18.643	106.237	5.087	63.41	1.212
519	17.973	104.133	4.718	61.736	1.141
520	16.443	99.258	4.344	61.042	1.092
521	17.616	101.958	4.817	62.27	1.142
522	17.437	107.576	4.611	63.588	1.222
523	16.187	100.516	4.332	60.45	1.105
524	17.433	103.073	4.554	61.879	1.158
525	18.178	105.476	4.801	62.521	1.183
526	17.628	101.679	4.794	60.204	1.086
527	17.215	97.966	4.378	56.624	1.084
528	17.395	101.545	4.786	60.633	1.13
529	16.707	98.707	4.358	58.937	1.108
530	16.694	102.765	4.263	60.494	1.174
531	16.621	102.55	4.294	60.81	1.151
532	16.596	102.838	4.509	62.458	1.165
533	16.276	101.8	4.21	58.411	1.138
534	18.084	104.313	4.895	62.418	1.121
535	16.914	103.526	4.361	61.581	1.16
536	17.855	99.704	4.583	60.421	1.122
537	17.389	99.982	4.537	60.303	1.077
538	17.368	104.934	4.564	63.164	1.176
539	17.809	108.248	4.615	64.573	1.212
540	17.787	105.542	4.546	63.711	1.16
541	17.984	110.149	4.827	65.16	1.286
542	18.309	106.739	4.968	63.809	1.163
543	16.595	101.514	4.194	59.885	1.116
544	17.261	106.705	4.768	64.533	1.245
545	17.607	108.81	4.675	64.337	1.233
546	17.39	98.991	4.622	59.558	1.096
547	18.116	104.776	4.627	61.487	1.14
548	17.535	103.277	4.602	61.57	1.154
549	16.502	101.608	4.316	61.826	1.114
550	17.218	100.935	4.552	60.95	1.128
551	17.27	102.741	5.077	62.244	1.149
552	17.128	97.465	4.692	60.038	1.081
553	17.14	103.585	4.522	61.685	1.112
554	17.399	99.852	4.598	61.858	1.104
555	16.913	98.941	4.341	60.995	1.104
556	17.756	105.656	4.853	64.422	1.222
557	17.707	102.999	4.78	61.998	1.169
558	17.43	103.059	4.549	63.209	1.161
559	17.907	106.093	4.752	63.734	1.179
560	16.541	103.809	4.432	60.362	1.175
561	17.975	106.397	4.755	63.271	1.203
562	17.323	104.523	4.65	62.334	1.131
563	17.807	106.707	4.854	63.534	1.205
564	16.712	96.267	4.344	56.673	1.017
565	16.793	95.666	4.209	55.038	1.061
566	17.625	103.923	4.439	60.39	1.122
567	18.155	97.313	4.854	60.245	1.044
568	17.241	102.349	4.496	60.524	1.145
569	17.087	104.966	4.41	61.581	1.173
570	17.148	105.727	4.428	63.263	1.174
571	17.031	104.295	4.482	61.967	1.151
572	18.006	106.244	4.946	64.428	1.171
573	17.19	102.609	4.583	60.628	1.129
574	17.714	104.308	4.546	62.838	1.146
575	16.961	102.768	4.275	60.911	1.14
576	17.905	104.787	4.924	63.6	1.203
577	16.86	100.445	4.55	61.718	1.114
578	17.666	104.137	4.573	61.852	1.155
579	17.314	100.92	4.45	59.086	1.119
580	17.499	105.089	4.778	61.808	1.142
581	17.406	101.589	4.639	60.704	1.161
582	18.141	100.184	4.815	60.071	1.12
583	16.953	101.651	4.41	59.885	1.138
584	18.463	107.19	4.926	64.721	1.16
585	15.911	100.605	4.2	60.449	1.128
586	17.665	98.612	4.854	61.342	1.066
587	17.706	106.814	4.617	63.42	1.163
588	18.087	109.774	4.659	65.551	1.268
589	17.547	99.361	4.672	58.853	1.056
590	16.895	104.594	4.334	61.769	1.15
591	17.281	104.068	4.614	62.673	1.148
592	16.972	99.578	4.551	58.939	1.077
593	18.245	99.04	5.1	60.022	1.073
594	16.244	105.675	4.217	61.421	1.219
595	19.183	104.511	5.509	64.07	1.135
596	17.067	108.142	4.457	62.91	1.247
597	17.294	102.455	4.818	62.44	1.145
598	18.592	103.249	4.985	62.996	1.128
599	17.03	106.496	4.496	63.168	1.223
600	17.374	102.238	4.644	61.588	1.172
601	16.476	101.59	4.18	62.502	1.12
602	17.065	104.354	4.322	63.645	1.152
603	17.861	104.206	4.577	63.758	1.138
604	17.779	104.287	4.908	63.868	1.136
605	16.669	104.099	4.215	61.577	1.154
606	17.675	109.542	4.794	63.62	1.238
607	17.464	106.988	4.722	63.915	1.19
608	17.456	108.155	4.66	64.133	1.236
609	17.464	107.446	4.504	62.726	1.173
610	17.452	104.42	4.818	61.95	1.142
611	17.224	105.097	4.54	61.763	1.147
612	16.836	100.888	4.608	59.616	1.124
613	17.063	103.498	4.36	61.319	1.098
614	18.117	105.603	4.822	61.73	1.15
615	17.208	103.307	4.387	61.469	1.142
616	17.883	103.288	4.737	62.4	1.122
617	18.429	108.139	5.21	67.518	1.247
618	18.668	106.437	5.265	65.602	1.19
619	16.689	102.263	4.357	60.253	1.13
620	18.239	103.457	5.308	62.32	1.132
621	18.049	103.687	4.829	62.297	1.165
622	17.94	108.688	4.82	64.888	1.2
623	17.761	108.349	4.642	63.621	1.246
624	16.796	103.753	4.506	61.115	1.192
625	17.891	109.257	4.877	66.339	1.256
626	17.894	105.09	5.11	63.118	1.189
627	16.494	102.219	4.215	60.012	1.166
628	17.419	107.397	4.563	64.037	1.157
629	16.597	99.834	4.407	60.289	1.089
630	17.644	106.544	4.74	63.988	1.189
631	18.064	105.733	4.849	64.469	1.14
632	19.206	103.675	5.789	64.035	1.155
633	16.769	103.76	4.252	61.097	1.164
634	18.478	106.357	5.121	64.68	1.226
635	17.646	104.391	4.678	62.954	1.182
636	17.914	107.556	4.813	63.123	1.182
637	17.995	107.029	4.801	64.792	1.191
638	17.301	101.295	4.624	60.297	1.122
639	17.043	104.501	4.545	62.156	1.176
640	17.187	104.742	4.585	61.743	1.171
641	18.259	102.933	4.907	62.127	1.129
642	17.819	108.899	4.725	64.875	1.285
643	17.869	103.942	4.58	62.02	1.161
644	18.509	102.567	5.418	62.183	1.115
645	17.763	102.245	4.93	63.47	1.14
646	17.279	104.287	4.746	60.413	1.185
647	17.082	106.64	4.588	63.515	1.204
648	17.073	103.095	4.39	61.208	1.164
649	16.717	100.7	4.276	60.964	1.116
650	17.313	104.916	4.518	61.089	1.162
651	17.632	107.346	4.654	61.706	1.215
652	17.306	106.731	4.808	64.876	1.205
653	17.557	99.039	4.881	60.19	1.105
654	17.472	100.837	4.617	59.421	1.127
655	17.094	105.805	4.695	62.547	1.152
656	17.143	105.115	4.621	62.021	1.198
657	17.006	104.469	4.254	62.33	1.218
658	17.179	100.431	4.671	59.526	1.076
659	16.356	98.495	4.306	57.986	1.114
660	17.232	102.907	4.605	60.461	1.114
661	17.773	100.986	4.739	59.239	1.098
662	16.971	105.325	4.497	64.261	1.234
663	16.836	104.094	4.443	61.454	1.197
664	17.302	103.02	4.459	61.312	1.135
665	17.747	102.094	4.783	63.981	1.117
666	16.984	97.37	4.802	60.155	1.062
667	18.047	105.369	5.137	64.199	1.126
668	16.916	97.512	4.286	57.41	1.057
669	17.423	103.411	4.894	63.632	1.139
670	17.596	103.935	4.651	61.717	1.112
671	17.114	100.801	4.549	60.902	1.083
672	18.078	104.303	4.866	62.727	1.178
673	17.884	105.228	4.624	62.215	1.169
674	18.601	110.496	4.862	65.092	1.194
675	18.173	110.241	4.908	64.241	1.282
676	16.289	100.184	4.26	60.352	1.078
677	17.757	104.861	4.68	63.125	1.161
678	17.129	101.523	4.401	61.764	1.095
679	18.015	105.721	4.785	62.806	1.169
680	17.065	104.504	4.353	62.05	1.146
681	18.462	109.238	4.715	65.025	1.253
682	17.054	105.409	4.433	62.413	1.194
683	17.419	104.121	4.888	63.881	1.157
684	18.212	102.953	4.687	61.231	1.138
685	16.786	106.198	4.411	63.086	1.189
686	16.748	103.166	4.348	62.502	1.174
687	16.693	103.643	4.129	60.225	1.152
688	17.505	102.525	4.618	61.767	1.136
689	18.0	105.183	4.633	61.745	1.174
690	16.806	99.197	4.374	59.916	1.122
691	17.87	105.025	4.687	62.357	1.153
692	17.08	103.217	4.46	61.522	1.152
693	17.134	100.423	4.583	60.41	1.138
694	17.671	104.506	4.723	66.019	1.145
695	17.668	105.69	4.699	63.466	1.186
696	16.209	95.865	4.269	57.387	1.042
697	19.03	102.277	5.359	64.075	1.127
698	16.85	104.01	4.375	61.193	1.191
699	17.677	101.558	4.659	61.101	1.102
700	17.093	103.443	4.474	62.352	1.186
701	18.266	104.581	4.972	63.706	1.187
702	16.191	100.714	4.261	61.315	1.168
703	16.294	101.572	4.335	61.55	1.113
704	17.363	101.229	4.665	60.146	1.114
705	18.094	106.348	5.002	64.043	1.178
706	17.439	103.452	4.5	60.796	1.129
707	16.159	95.476	4.137	56.851	1.075
708	17.945	104.027	4.848	61.971	1.16
709	17.025	99.559	4.365	59.832	1.111
710	17.685	97.014	4.936	57.293	1.028
711	18.12	103.291	5.047	61.631	1.168
712	16.961	95.894	4.277	56.319	1.035
713	17.617	103.664	4.571	61.42	1.128
714	16.856	100.505	4.365	58.677	1.138
715	16.343	106.531	4.326	64.146	1.251
716	17.243	108.802	4.574	65.342	1.248
717	17.249	105.278	4.534	63.885	1.226
718	18.295	105.7	5.005	63.998	1.194
719	17.214	98.502	4.389	58.637	1.038
720	16.894	99.673	4.46	59.518	1.098
721	18.332	107.524	4.811	63.468	1.192
722	17.107	106.831	4.616	61.988	1.198
723	17.196	98.437	4.608	58.848	1.096
724	18.572	108.581	5.137	64.867	1.216
725	17.749	103.426	4.543	61.378	1.145
726	17.297	104.638	4.648	62.968	1.17
727	18.312	103.913	5.256	62.339	1.166
728	17.986	104.967	4.688	62.162	1.123
729	16.117	99.289	4.236	59.017	1.095
730	17.06	99.768	4.405	60.844	1.107
731	16.699	102.748	4.471	61.84	1.157
732	18.268	109.355	4.739	64.909	1.246
733	18.83	102.747	5.52	62.247	1.114
734	17.85	106.849	4.93	64.217	1.24
735	17.244	100.558	4.67	59.689	1.104
736	17.188	100.076	4.534	59.871	1.107
737	18.107	108.461	4.857	66.3	1.211
738	17.33	101.286	4.655	60.923	1.092
739	17.85	104.149	4.69	62.243	1.167
740	17.162	101.333	4.489	60.923	1.089
741	17.089	102.817	4.493	61.543	1.158
742	17.944	104.402	5.136	61.95	1.161
743	16.968	102.334	4.45	60.109	1.16
744	18.133	105.658	5.138	64.928	1.169
745	17.99	96.702	4.95	60.158	1.017
746	17.38	101.047	4.636	61.647	1.144
747	17.427	103.658	4.52	61.405	1.187
748	17.935	104.83	5.006	65.444	1.138
749	17.431	105.769	4.671	63.082	1.221
750	17.262	105.801	4.821	62.699	1.202
751	17.207	107.219	4.83	62.804	1.242
752	16.945	101.463	4.58	61.03	1.164
753	16.479	102.863	4.306	60.344	1.156
754	18.68	100.843	5.069	59.746	1.115
755	17.918	101.636	4.804	61.81	1.111
756	16.626	104.842	4.194	62.336	1.156
757	17.117	104.061	4.451	61.545	1.182
758	16.937	102.932	4.381	61.386	1.164
759	16.623	100.082	4.258	59.309	1.144
760	16.79	102.923	4.323	60.674	1.077
761	17.801	107.02	4.71	61.92	1.163
762	18.285	102.12	4.772	62.59	1.105
763	16.983	104.215	4.673	63.133	1.151
764	16.925	100.178	4.585	58.374	1.067
765	17.382	103.615	4.662	62.721	1.177
766	16.643	98.896	4.274	61.603	1.069
767	17.434	108.633	4.533	63.258	1.226
768	17.594	107.262	4.822	67.22	1.221
769	17.41	100.404	4.571	59.36	1.109
770	17.535	106.657	4.68	63.174	1.188
771	16.801	101.371	4.365	61.265	1.118
772	17.734	107.311	4.575	64.553	1.202
773	18.54	102.671	5.307	62.341	1.108
774	17.708	103.811	4.661	60.771	1.166
775	17.228	100.632	4.555	61.278	1.115
776	17.986	106.712	4.849	64.515	1.211
777	17.624	108.654	4.83	64.254	1.254
778	17.408	100.701	4.711	61.11	1.094
779	17.921	101.965	4.925	60.375	1.096
780	17.226	106.313	4.536	64.483	1.215
781	17.715	104.18	4.859	60.736	1.141
782	17.55	100.335	4.728	61.525	1.096
783	16.866	101.735	4.432	58.867	1.15
784	17.483	99.634	4.499	59.006	1.109
785	18.627	103.098	5.303	61.889	1.128
786	16.677	101.643	4.39	60.85	1.148
787	17.799	106.553	4.784	62.643	1.153
788	16.98	104.724	4.528	64.42	1.201
789	18.198	105.09	5.015	62.782	1.116
790	17.413	107.112	4.573	63.658	1.201
791	17.955	108.503	5.011	65.557	1.174
792	16.506	108.588	4.37	64.098	1.249
793	16.73	104.857	4.377	62.28	1.214
794	17.642	98.519	4.79	60.912	1.07
795	16.905	107.738	4.376	62.857	1.223
796	16.854	101.836	4.417	61.754	1.111
797	17.199	105.013	4.59	63.045	1.176
798	17.553	108.732	4.639	65.707	1.195
799	17.59	103.327	4.702	63.912	1.127
800	17.817	107.638	4.609	64.707	1.183
801	17.656	107.936	4.465	64.684	1.184
802	18.826	108.702	5.137	63.422	1.161
803	17.781	107.017	4.788	62.354	1.199
804	19.016	110.879	5.121	65.774	1.289
805	17.501	102.19	4.534	60.557	1.117
806	17.657	101.099	4.71	59.473	1.104
807	17.822	106.773	4.762	64.468	1.199
808	17.051	101.468	4.356	59.028	1.144
809	16.898	98.414	4.432	59.428	1.074
810	17.307	105.418	4.395	61.058	1.193
811	18.63	109.658	5.124	65.735	1.232
812	17.479	104.779	4.927	62.496	1.166
813	19.068	108.569	5.049	64.716	1.2
814	16.958	102.818	4.367	60.177	1.107
815	16.308	105.479	4.29	61.675	1.14
816	17.236	101.786	4.381	60.613	1.093
817	16.756	102.403	4.53	62.117	1.136
818	16.499	103.937	4.351	62.484	1.183
819	17.324	101.855	4.574	60.334	1.141
820	17.245	102.489	4.533	60.553	1.16
821	17.162	101.106	4.44	61.16	1.081
822	17.169	106.097	4.625	64.115	1.207
823	18.333	109.519	4.971	67.452	1.25
824	17.908	108.738	4.596	64.491	1.205
825	17.389	104.184	4.612	60.394	1.135
826	17.723	107.658	4.531	63.968	1.203
827	17.047	98.926	4.475	57.525	1.082
828	17.221	105.428	4.541	61.662	1.167
829	17.915	101.257	4.875	59.795	1.127
830	19.029	109.345	5.164	66.841	1.216
831	18.021	105.446	4.916	62.745	1.172
832	17.888	110.228	4.853	64.978	1.226
833	18.133	105.923	4.72	61.451	1.146
834	16.346	100.752	4.407	60.086	1.072
835	16.408	101.874	4.415	61.128	1.157
836	17.655	105.956	4.485	63.415	1.16
837	16.403	100.591	4.207	58.187	1.145
838	17.966	104.929	4.799	62.823	1.149
839	16.722	102.656	4.29	61.684	1.155
840	18.421	105.146	4.815	62.649	1.154
841	16.473	103.367	4.407	60.354	1.198
842	17.416	102.277	4.636	60.261	1.125
843	17.436	108.09	4.543	65.143	1.247
844	18.2	101.614	4.905	61.153	1.119
845	17.29	106.017	4.795	65.714	1.186
846	16.727	102.715	4.407	60.863	1.151
847	17.209	103.573	4.553	61.217	1.147
848	16.477	103.114	4.41	61.8	1.163
849	17.559	100.044	4.773	60.01	1.094
850	17.875	105.896	4.784	63.357	1.125
851	17.001	105.115	4.527	62.259	1.219
852	17.161	107.777	4.431	63.952	1.256
853	17.113	103.181	4.408	62.092	1.152
854	16.261	96.694	4.223	57.074	1.067
855	17.022	97.065	4.44	60.08	1.086
856	17.524	106.221	4.658	63.803	1.142
857	17.156	102.207	4.501	60.956	1.134
858	17.906	102.373	4.717	60.204	1.131
859	18.026	104.994	4.93	62.434	1.152
860	16.39	100.108	4.104	59.208	1.106
861	18.831	108.257	5.164	64.296	1.168
862	17.177	105.854	4.497	62.359	1.177
863	17.3	100.943	4.634	59.435	1.123
864	18.38	112.098	4.85	66.383	1.284
865	17.761	102.223	4.85	61.072	1.09
866	18.035	107.11	4.91	66.016	1.171
867	17.816	102.113	4.743	62.221	1.127
868	18.026	103.907	4.869	62.257	1.115
869	17.335	104.066	4.738	62.217	1.184
870	16.542	101.719	4.306	60.218	1.125
871	17.574	104.367	4.761	61.517	1.154
872	16.501	100.149	4.126	60.166	1.104
873	16.775	102.16	4.366	59.812	1.127
874	18.625	109.761	5.248	66.019	1.242
875	17.343	106.872	4.595	63.946	1.195
876	17.562	106.791	4.587	62.643	1.17
877	17.744	108.306	4.755	65.276	1.202
878	18.407	106.349	4.998	63.704	1.186
879	17.936	106.018	4.791	63.938	1.198
880	17.36	105.577	4.623	63.407	1.19
881	17.003	103.83	4.485	61.903	1.153
882	17.533	103.897	4.638	63.433	1.16
883	18.487	111.661	5.028	67.774	1.27
884	16.726	98.713	4.33	58.719	1.142
885	17.748	101.218	5.013	61.379	1.094
886	17.628	101.627	4.786	62.154	1.102
887	16.129	102.023	4.126	59.78	1.183
888	18.269	104.481	4.853	62.368	1.211
889	17.209	104.012	4.602	61.151	1.161
890	17.876	111.308	4.76	67.184	1.292
891	17.68	98.589	4.839	59.713	1.066
892	18.458	102.923	5.093	63.346	1.134
893	17.404	105.66	4.388	61.307	1.161
894	17.854	105.042	4.857	63.075	1.171
895	18.629	107.348	5.265	65.633	1.201
896	17.382	106.161	4.67	65.115	1.184
897	17.505	104.465	4.776	63.369	1.192
898	16.712	99.284	4.334	57.469	1.082
899	18.199	105.539	5.168	65.632	1.186
900	17.821	101.463	4.943	61.516	1.078
901	17.379	101.95	4.396	61.022	1.158
902	17.275	103.746	4.583	62.002	1.189
903	17.335	102.267	4.622	61.06	1.162
904	18.604	105.987	5.165	63.924	1.17
905	17.461	104.031	4.62	61.796	1.132
906	17.983	108.06	4.704	65.101	1.198
907	17.246	98.838	4.276	58.469	1.06
908	18.197	102.367	4.78	59.598	1.112
909	18.756	106.827	5.018	63.281	1.139
910	18.767	104.799	5.074	62.292	1.19
911	16.893	103.498	4.405	59.477	1.132
912	16.887	104.252	4.421	61.907	1.156
913	17.896	104.632	4.898	63.345	1.141
914	18.266	106.82	4.965	64.554	1.181
915	17.88	107.876	4.971	65.118	1.24
916	18.043	107.846	4.527	63.707	1.192
917	17.775	104.6	4.748	61.959	1.179
918	17.728	105.533	4.483	62.786	1.132
919	15.944	96.166	4.14	56.933	1.029
920	16.8	103.181	4.318	60.762	1.15
921	16.934	102.047	4.359	61.282	1.151
922	16.883	103.292	4.521	62.208	1.158
923	17.727	105.586	4.71	62.586	1.188
924	17.102	104.414	4.665	63.281	1.154
925	16.66	101.437	4.26	59.791	1.147
926	18.819	102.604	5.229	60.161	1.116
927	16.866	97.758	4.467	59.199	1.035
928	17.348	102.567	4.528	61.258	1.076
929	17.535	100.401	4.707	59.86	1.116
930	17.384	101.681	4.53	59.369	1.091
931	18.554	102.851	4.885	61.385	1.161
932	17.919	107.958	4.979	66.169	1.181
933	16.544	104.528	4.33	61.124	1.212
934	17.859	97.946	4.705	58.401	1.076
935	16.642	101.636	4.366	61.164	1.166
936	17.385	101.232	4.518	60.707	1.109
937	18.642	105.689	5.366	63.709	1.156
938	16.276	94.604	4.299	57.283	1.062
939	17.385	104.652	4.641	64.3	1.166
940	16.484	95.89	4.345	55.583	1.065
941	17.205	103.805	4.44	60.942	1.15
942	17.584	103.847	4.69	61.948	1.127
943	17.646	100.587	4.653	60.449	1.096
944	18.194	96.444	5.251	58.573	1.031
945	17.479	103.586	4.418	61.622	1.117
946	17.442	108.529	4.649	63.911	1.251
947	17.588	105.873	4.805	63.165	1.177
948	17.431	100.091	4.539	60.629	1.098
949	17.336	107.603	4.587	65.13	1.203
950	17.194	107.89	4.522	65.553	1.245
951	16.536	98.318	4.24	59.42	1.116
952	17.086	101.118	4.404	60.168	1.135
953	17.342	103.465	4.46	60.555	1.158
954	17.021	97.403	4.663	59.076	1.051
955	17.586	97.878	4.622	59.234	1.078
956	18.735	103.39	5.273	60.992	1.151
957	19.065	106.06	5.488	64.363	1.151
958	17.516	97.883	4.875	57.162	1.035
959	17.982	99.954	4.737	59.426	1.144
960	17.166	102.117	4.438	60.174	1.106
961	17.306	99.359	4.692	58.669	1.07
962	17.366	103.604	4.402	60.93	1.179
963	16.57	102.422	4.335	59.155	1.157
964	16.66	97.626	4.274	57.487	1.037
965	17.272	105.343	4.682	62.74	1.193
966	18.356	109.061	4.975	64.072	1.17
967	17.033	102.181	4.353	60.58	1.12
968	17.98	104.829	4.877	63.796	1.101
969	17.314	105.955	4.456	62.843	1.208
970	17.14	99.759	4.425	59.17	1.083
971	17.438	104.981	4.641	61.943	1.181
972	17.645	106.018	4.542	62.781	1.188
973	17.965	104.971	4.61	61.314	1.159
974	17.351	103.879	4.624	62.421	1.111
975	17.39	103.485	4.615	61.004	1.126
976	16.942	100.227	4.364	60.182	1.114
977	17.748	105.554	4.458	63.099	1.178
978	17.02	103.195	4.59	62.508	1.173
979	16.657	104.49	4.589	62.672	1.214
980	17.067	98.901	4.582	60.779	1.12
981	17.475	104.503	4.702	63.125	1.173
982	17.934	109.089	4.908	65.647	1.216
983	17.18	103.223	4.494	61.959	1.169
984	17.381	104.458	4.706	62.736	1.184
985	17.708	107.578	4.833	63.463	1.193
986	16.846	103.817	4.486	63.015	1.196
987	17.826	103.908	4.847	60.664	1.178
988	17.47	102.334	4.593	61.41	1.164
989	18.122	109.012	4.918	63.358	1.202
990	17.21	103.018	4.499	62.156	1.128
991	16.462	101.737	4.402	62.149	1.148
992	17.523	102.732	4.87	62.332	1.126
993	15.949	95.541	4.113	57.363	1.059
994	16.558	101.039	4.353	60.819	1.14
995	18.366	101.368	5.015	59.971	1.109
996	17.027	97.28	4.545	58.916	1.098
997	17.032	99.528	4.359	58.449	1.078
998	18.158	106.302	4.972	64.015	1.204
999	17.629	107.684	4.662	63.738	1.192
1000	18.518	102.056	5.369	63.159	1.138
