MutationsType	SBS1	SBS2	SBS5	SBS7a	SBS7b	SBS7c	SBS7d	SBS9	SBS13	SBS17a	SBS17b	SBS31	SBS32	SBS33	SBS34	SBS35	SBS36	SBS38	SBS40	SBS54
A[C>A]A	0.00088616	0.00000058	0.01199760	0.00006704	0.00232939	0.00483041	0.00004039	0.00055795	0.00181992	0.00207026	0.00060796	0.00953498	0.02229777	0.00311136	0.00486795	0.00882695	0.02519378	0.01279487	0.02820375	0.00216036
A[C>A]C	0.00228040	0.00014800	0.00943811	0.00017912	0.00046088	0.00115010	0.00076488	0.00408966	0.00072097	0.00091812	0.00012899	0.01849027	0.01879812	0.00223097	0.00695707	0.04618403	0.00831795	0.01009595	0.01340178	0.00079613
A[C>A]G	0.00017703	0.00005230	0.00184963	0.00007125	0.00018595	0.00037703	0.00024996	0.00042596	0.00026399	0.00004761	0.00005820	0.00165913	0.00445955	0.00041418	0.00005198	0.00138952	0.00223945	0.00189924	0.00292039	0.00164027
A[C>A]T	0.00128023	0.00009780	0.00660868	0.00024816	0.00070981	0.00196016	0.00404938	0.00304975	0.00034798	0.00006181	0.00045597	0.00627670	0.01459854	0.00190083	0.00122948	0.02159254	0.01789558	0.00884645	0.01480197	0.00041407
A[C>G]A	0.00186033	0.00000000	0.01009798	0.00006494	0.00000856	0.00112009	0.00117982	0.00483960	0.00386983	0.00101013	0.00014599	0.00831563	0.00198980	0.00141062	0.00076168	0.00357876	0.00183955	0.00268892	0.01220162	0.00155026
A[C>G]C	0.00122022	0.00013300	0.00569886	0.00002161	0.00018895	0.00031903	0.00254961	0.00195984	0.00095096	0.00056907	0.00004340	0.00315834	0.00202980	0.00130057	0.00112952	0.00454843	0.00166959	0.00157937	0.00868115	0.00049608
A[C>G]G	0.00011502	0.00001520	0.00171966	0.00005083	0.00050487	0.00000000	0.00090586	0.00135989	0.00026399	0.00015202	0.00000000	0.00299842	0.00112989	0.00025311	0.00000000	0.00034588	0.00049988	0.00063575	0.00225030	0.00170028
A[C>G]T	0.00114020	0.00009120	0.01009798	0.00009566	0.00028492	0.00193016	0.00290955	0.00640947	0.00399982	0.00001960	0.00031898	0.00377801	0.00174983	0.00130057	0.00202915	0.00947672	0.00190953	0.00243902	0.01460194	0.00518086
A[C>T]A	0.02500444	0.00006110	0.03259348	0.00012208	0.00140963	0.00133011	0.00332949	0.00809933	0.00717968	0.00122015	0.00057096	0.01769069	0.08639137	0.00531232	0.00351852	0.00220924	0.00595853	0.00344862	0.01970262	0.00148024
A[C>T]C	0.00632112	0.00138004	0.01789642	0.01771149	0.03808996	0.00768065	0.00139979	0.00541955	0.00000000	0.00171022	0.00007030	0.00927512	0.12298771	0.00213093	0.00370844	0.00398862	0.00327919	0.00214914	0.01210161	0.00052909
A[C>T]G	0.36506477	0.00003270	0.00617876	0.00000000	0.00054286	0.00092708	0.00120981	0.00437964	0.00030299	0.00003950	0.00028698	0.00758601	0.03659634	0.00716313	0.00011795	0.00057980	0.00706825	0.00517792	0.00026704	0.00034306
A[C>T]T	0.00958170	0.00186005	0.02199560	0.00742482	0.01079715	0.00748063	0.03289495	0.00648946	0.00031799	0.00073709	0.00014699	0.01009469	0.15198482	0.00307134	0.00386837	0.00089969	0.00430894	0.00243902	0.01690225	0.00499083
A[T>A]A	0.00080014	0.00009590	0.00737852	0.00194126	0.00248934	0.01240104	0.00008889	0.01269895	0.00000000	0.00101013	0.00006260	0.00785587	0.00071293	0.00086838	0.10295665	0.00488831	0.00243940	0.00198920	0.00610081	0.00095616
A[T>A]C	0.00223040	0.00087803	0.00692861	0.00067044	0.00046688	0.00342029	0.00107983	0.00281977	0.00006520	0.00099713	0.00028898	0.00606681	0.00088691	0.00114050	0.04438131	0.00735746	0.00142965	0.00193922	0.00444059	0.00319053
A[T>A]G	0.00114020	0.00002550	0.00911818	0.00058738	0.00155959	0.00021102	0.00369943	0.00275977	0.00058997	0.00020003	0.00006570	0.00502736	0.00071193	0.00069630	0.03458544	0.00132954	0.00252938	0.00107957	0.00693092	0.00423070
A[T>A]T	0.00018303	0.00000000	0.00619876	0.00371241	0.00828782	0.05070426	0.04109369	0.01889843	0.00060597	0.00146018	0.00063296	0.00415781	0.00084392	0.00507222	0.31586700	0.00736745	0.00306924	0.00271891	0.01070142	0.00030105
A[T>C]A	0.00109019	0.00006170	0.04619076	0.00049032	0.00101973	0.00028802	0.00435933	0.02029832	0.00190992	0.00009651	0.00009729	0.02038928	0.00093591	0.01250546	0.00461806	0.00203930	0.00524870	0.00278888	0.01870249	0.02920483
A[T>C]C	0.00304054	0.00002150	0.01339732	0.00022715	0.00045588	0.00053304	0.00392940	0.01049913	0.00014199	0.01270160	0.00025198	0.00739611	0.00070093	0.00375164	0.00122948	0.00082072	0.00168958	0.00163934	0.00734098	0.00775128
A[T>C]G	0.00010602	0.00001320	0.03819236	0.00018712	0.00149960	0.00107009	0.00918859	0.01429881	0.00042798	0.00037605	0.00000000	0.00811573	0.00108989	0.07343209	0.00001949	0.00091968	0.00383905	0.00216913	0.01550206	0.20203344
A[T>C]T	0.00574102	0.00015500	0.03829234	0.00061540	0.00214943	0.00265022	0.05099217	0.02899759	0.00095896	0.00779098	0.00054396	0.00846555	0.00060994	0.00921403	0.00233902	0.00202930	0.00511874	0.00348860	0.01940258	0.00783130
A[T>G]A	0.00017203	0.00023801	0.00385923	0.00047331	0.00008438	0.01190100	0.00369943	0.04509626	0.00006140	0.00085111	0.00140990	0.00367807	0.00038596	0.00097943	0.00281881	0.00304895	0.00108973	0.00114954	0.00723096	0.00003871
A[T>G]C	0.00020704	0.00007460	0.00259948	0.00024716	0.00093175	0.00105009	0.00265959	0.00692942	0.00000000	0.00070009	0.00447969	0.00247870	0.00042896	0.00030213	0.00046181	0.00096567	0.00062285	0.00106957	0.00705094	0.00158026
A[T>G]G	0.00026805	0.00000205	0.00793841	0.00027618	0.00146961	0.00060405	0.01059837	0.00532956	0.00008250	0.00071909	0.00098993	0.00401789	0.00126987	0.00047521	0.00019692	0.00447845	0.00093577	0.00206917	0.00806107	0.00115019
A[T>G]T	0.00011202	0.00000376	0.00482903	0.00030920	0.00073281	0.00000000	0.01429781	0.02389802	0.00031999	0.01250158	0.06909526	0.00078259	0.00000000	0.00075833	0.00114952	0.00262909	0.00098376	0.00285885	0.01800239	0.00034006
C[C>A]A	0.00031206	0.00020801	0.00742851	0.00045530	0.00113970	0.00010901	0.01449777	0.00479960	0.00139994	0.00029504	0.00027098	0.01069437	0.00123988	0.00270118	0.00194918	0.02988967	0.05578622	0.38084728	0.02080277	0.00006321
C[C>A]C	0.00179032	0.00009530	0.00613877	0.00024016	0.00154959	0.00309026	0.00321951	0.00191984	0.00096796	0.00116015	0.00004110	0.01159390	0.00491951	0.00191084	0.00003668	0.03298860	0.02019501	0.06947214	0.01470196	0.00257043
C[C>A]G	0.00009322	0.00000000	0.00345931	0.00000000	0.00040789	0.00191016	0.00008509	0.00136989	0.00000433	0.00000000	0.00000000	0.00032883	0.00001660	0.00037116	0.00029787	0.00219924	0.00709825	0.05097956	0.00254034	0.00593098
C[C>A]T	0.00000000	0.00042101	0.00648870	0.00037224	0.00148961	0.01350113	0.00011698	0.00305975	0.00000000	0.00013702	0.00018199	0.02788533	0.00266973	0.00253111	0.00061974	0.08247149	0.06048506	0.18392625	0.01470196	0.00553092
C[C>G]A	0.00002410	0.00000000	0.00695861	0.00000000	0.00045788	0.00020602	0.00131980	0.00089293	0.00560975	0.00055307	0.00019399	0.00204892	0.00114989	0.00150066	0.00011895	0.00385867	0.00123969	0.00168932	0.00756101	0.00113019
C[C>G]C	0.00007681	0.00035101	0.00906819	0.00013109	0.00095975	0.00226019	0.00028596	0.00153987	0.00064797	0.00023503	0.00004660	0.00185902	0.00082392	0.00041018	0.00011795	0.00629782	0.00136966	0.00125949	0.00935124	0.00088315
C[C>G]G	0.00035206	0.00004870	0.00248950	0.00007755	0.00079079	0.00026202	0.00131980	0.00043696	0.00048798	0.00023203	0.00000000	0.00085355	0.00053695	0.00031814	0.00018992	0.00086970	0.00041890	0.00095662	0.00168022	0.00043407
C[C>G]T	0.00000000	0.00006360	0.00952809	0.00009566	0.00088977	0.00424036	0.00000000	0.00302975	0.00639972	0.00003900	0.00019299	0.00341820	0.00049495	0.00066229	0.00007357	0.01619440	0.00208948	0.00126949	0.01390185	0.00133022
C[C>T]A	0.00200035	0.00432012	0.01939612	0.05003247	0.10697181	0.00271023	0.03559454	0.00723940	0.00001930	0.00082110	0.00045697	0.04117834	0.01689831	0.00459201	0.00474800	0.00509824	0.00674833	0.00423830	0.01960261	0.00337056
C[C>T]C	0.00027005	0.00017000	0.01899620	0.05533591	0.18195205	0.00597050	0.00259960	0.00875927	0.00134994	0.00172022	0.00005890	0.16391378	0.02839716	0.00153067	0.00051378	0.08317125	0.00667835	0.00472810	0.01730230	0.00022604
C[C>T]G	0.19603478	0.00277008	0.01749650	0.00671436	0.02209418	0.00894075	0.00263959	0.00650946	0.00198991	0.00190024	0.00054296	0.00819569	0.01119888	0.00588257	0.00944602	0.00266908	0.00532868	0.00349860	0.00236031	0.02830468
C[C>T]T	0.00019603	0.00145004	0.02309538	0.05663675	0.12596680	0.02060173	0.00013798	0.01109908	0.00144994	0.00174022	0.00013599	0.14492377	0.04279572	0.00270118	0.00003529	0.04698376	0.00574858	0.00409836	0.02160287	0.00371061
C[T>A]A	0.00004301	0.00024301	0.00353929	0.00017711	0.00111970	0.00347029	0.00160975	0.00478960	0.00020899	0.00043405	0.00009359	0.02058917	0.00032497	0.00074633	0.02369002	0.05258182	0.00125969	0.00089664	0.00109014	0.00000000
C[T>A]C	0.00039307	0.00024401	0.00518896	0.00026117	0.00095775	0.01340113	0.00008129	0.00312974	0.00034198	0.04050511	0.00223985	0.02108891	0.00064994	0.00099243	0.00040883	0.03298860	0.00145964	0.00201919	0.00762101	0.00073212
C[T>A]G	0.00032406	0.00014900	0.00500900	0.00011207	0.00088277	0.00096108	0.00119982	0.00530956	0.00022599	0.01240157	0.00071695	0.01869017	0.00140986	0.00047921	0.00116951	0.05817989	0.00213947	0.00177929	0.00346046	0.00192032
C[T>A]T	0.00026005	0.00000000	0.00429914	0.00037124	0.00011197	0.04870409	0.00114982	0.00443963	0.00052298	0.07230913	0.00778947	0.03098370	0.00066293	0.00112049	0.00026789	0.06637705	0.00195952	0.00235905	0.00928123	0.00006661
C[T>C]A	0.00000000	0.00030201	0.01329734	0.00045129	0.00152960	0.00757064	0.01019843	0.01369886	0.00004740	0.01110140	0.00064696	0.00814572	0.00059294	0.01510660	0.00059375	0.00132954	0.00149963	0.00194922	0.01090145	0.01140189
C[T>C]C	0.00250044	0.00002850	0.01039792	0.00025917	0.00083978	0.00358030	0.00008889	0.01529873	0.00012199	0.17302185	0.00645956	0.00990479	0.00092691	0.03011316	0.00004038	0.00201930	0.00187954	0.00231907	0.00987131	0.01700281
C[T>C]G	0.00036006	0.00000000	0.02079584	0.00010407	0.00072981	0.00217018	0.00093486	0.01539872	0.00000000	0.08731102	0.00391973	0.00445766	0.00183982	0.04001749	0.00081066	0.00155946	0.00184954	0.00253898	0.01050140	0.19303195
C[T>C]T	0.00004261	0.00018601	0.01489702	0.00182118	0.00572849	0.04310362	0.03969391	0.03289727	0.00011200	0.42605379	0.01829875	0.01379275	0.00108989	0.00307134	0.00158933	0.00317890	0.00215947	0.00426829	0.01360181	0.02690445
C[T>G]A	0.00003551	0.00015300	0.00258948	0.00008425	0.00035891	0.00328028	0.00147977	0.02599784	0.00004140	0.00031004	0.00204986	0.00196896	0.00005809	0.00072832	0.00105955	0.00370872	0.00047788	0.00098261	0.00335045	0.00436072
C[T>G]C	0.00021204	0.00015500	0.00460908	0.00017211	0.00079179	0.00558047	0.00004979	0.00740939	0.00000282	0.00104013	0.03139785	0.00142925	0.00044996	0.00094941	0.00000000	0.00051782	0.00056586	0.00140943	0.00567075	0.01890313
C[T>G]G	0.00012802	0.00012100	0.00612877	0.00000000	0.00128966	0.00119010	0.00002580	0.01419882	0.00000000	0.00000194	0.01369906	0.00149921	0.00108989	0.00107047	0.00043582	0.00635780	0.00088678	0.00158936	0.00559074	0.02210366
C[T>G]T	0.00017103	0.00020301	0.00729854	0.00002652	0.00000368	0.00340029	0.00015598	0.05649531	0.00005550	0.00531067	0.54996228	0.00094850	0.00067593	0.00019208	0.00000065	0.00270906	0.00106974	0.00687724	0.01310174	0.00088615
G[C>A]A	0.00158028	0.00008620	0.01019796	0.00004063	0.00074580	0.00105009	0.00016797	0.00771936	0.00094896	0.00178022	0.00099793	0.01309311	0.00450955	0.00441193	0.00280882	0.00986659	0.06768328	0.01199519	0.01420189	0.00519086
G[C>A]C	0.00033906	0.00000000	0.00764847	0.00013809	0.00021494	0.00074206	0.00000000	0.00667945	0.00045098	0.00128016	0.00000278	0.02148870	0.00361964	0.00096842	0.00046780	0.05018265	0.01919526	0.00627748	0.01020136	0.00913151
G[C>A]G	0.00058710	0.00001390	0.00233953	0.00004253	0.00007288	0.00000000	0.00001820	0.00017099	0.00016399	0.00010601	0.00009239	0.00097149	0.00087691	0.00034215	0.00022690	0.00050682	0.00482881	0.00136945	0.00255034	0.00564093
G[C>A]T	0.00000000	0.00005120	0.00681864	0.00000000	0.00014696	0.00036303	0.00007399	0.00855929	0.00006150	0.00004701	0.00053396	0.00350815	0.00326967	0.00319139	0.00001349	0.02289209	0.06898296	0.00908636	0.01080144	0.00673111
G[C>G]A	0.00000959	0.00006540	0.00467906	0.00001961	0.00005109	0.00018202	0.00019597	0.00135989	0.00149993	0.00087811	0.00005990	0.00182904	0.00087591	0.00077134	0.00003339	0.00337883	0.00088578	0.00119952	0.00506067	0.00219036
G[C>G]C	0.00016403	0.00026101	0.00507898	0.00003322	0.00045188	0.00047304	0.00000000	0.00282977	0.00047898	0.00083511	0.00005550	0.00750605	0.00089991	0.00077634	0.00019292	0.02139260	0.00107973	0.00107957	0.00537071	0.00022004
G[C>G]G	0.00016603	0.00000000	0.00150970	0.00004513	0.00033691	0.00018002	0.00054492	0.00052096	0.00024099	0.00002370	0.00000000	0.00045676	0.00006859	0.00004662	0.00000000	0.00059080	0.00017196	0.00101959	0.00119016	0.00159026
G[C>G]T	0.00000000	0.00013400	0.00671866	0.00004203	0.00027693	0.00128011	0.00088186	0.00856929	0.00269988	0.00078710	0.00000000	0.00335823	0.00022798	0.00093141	0.00002689	0.00873698	0.00104974	0.00091663	0.00698093	0.00494082
G[C>T]A	0.00444079	0.00000000	0.01939612	0.00008496	0.00085477	0.00015701	0.00036494	0.00697942	0.00717968	0.00164021	0.00006110	0.00679643	0.02259774	0.00535234	0.00023290	0.00728748	0.00371908	0.00236905	0.01430190	0.00022204
G[C>T]C	0.00009282	0.00000013	0.02159568	0.01170760	0.02629307	0.00000951	0.00018097	0.00652946	0.00092096	0.00000000	0.00015699	0.01139401	0.03789621	0.00514225	0.00000000	0.01779385	0.00339916	0.00295881	0.01160154	0.01310217
G[C>T]G	0.21803869	0.00000000	0.01229754	0.00000552	0.00017595	0.00003430	0.00015698	0.00475960	0.00017799	0.00161020	0.00085494	0.00196896	0.01039896	0.00584255	0.01669297	0.00252913	0.00569859	0.00447820	0.00000000	0.01910316
G[C>T]T	0.00003841	0.00005040	0.01859628	0.01611045	0.00538858	0.00075806	0.04209354	0.01069911	0.00126994	0.00006601	0.00000000	0.00569700	0.05319469	0.00393172	0.00051678	0.00602792	0.00362910	0.00319872	0.01270169	0.00024804
G[T>A]A	0.00008121	0.00000000	0.00366927	0.00040126	0.00052586	0.00173015	0.00002370	0.00264978	0.00000670	0.00006461	0.00009729	0.00189900	0.00878912	0.00081035	0.01899200	0.00071675	0.00087978	0.00089264	0.00265035	0.00233039
G[T>A]C	0.00012902	0.00013100	0.00290942	0.00022415	0.00025593	0.00227019	0.00011198	0.00211982	0.00012999	0.00340043	0.00034698	0.00290847	0.00821918	0.00036216	0.00241898	0.00555808	0.00063084	0.00111955	0.00343046	0.00899149
G[T>A]G	0.00024604	0.00006380	0.00410918	0.00029019	0.00065583	0.00000000	0.00134979	0.00078793	0.00004700	0.00069509	0.00024098	0.00576697	0.01309869	0.00082736	0.00652725	0.00111961	0.00116971	0.00120951	0.00441059	0.00264044
G[T>A]T	0.00025805	0.00006280	0.00321936	0.00030620	0.00005589	0.02030171	0.00875866	0.00255979	0.00035798	0.00480061	0.00157989	0.00078859	0.00615938	0.00176077	0.00747685	0.00285901	0.00111972	0.00183926	0.00577077	0.00185031
G[T>C]A	0.00105019	0.00000000	0.01409718	0.00010107	0.00026593	0.00000000	0.00079988	0.00951921	0.00028699	0.00012302	0.00005950	0.00452762	0.00913909	0.01220533	0.00010895	0.00056480	0.00233942	0.00169932	0.00601080	0.01140189
G[T>C]C	0.00190034	0.00002740	0.00793841	0.00007415	0.00000000	0.00042304	0.00231964	0.00977919	0.00018199	0.01490188	0.00149990	0.00656655	0.00766923	0.00794347	0.00064573	0.00202930	0.00139965	0.00215913	0.00458061	0.00443073
G[T>C]G	0.00117021	0.00010700	0.01499700	0.00007255	0.00052886	0.00023202	0.00256961	0.00630948	0.00019499	0.00357045	0.00100993	0.00512730	0.00961904	0.20709050	0.00043981	0.00019093	0.00183955	0.00186925	0.00565075	0.12102003
G[T>C]T	0.00007131	0.00001250	0.01369726	0.00081153	0.00684820	0.00707059	0.31795119	0.00985918	0.00000000	0.00524066	0.00146990	0.00468753	0.01289871	0.00971425	0.00000000	0.00042085	0.00264935	0.00304878	0.00731097	0.00541090
G[T>G]A	0.00000000	0.00020901	0.00251950	0.00009066	0.00032291	0.00248021	0.00007479	0.00829931	0.00008770	0.00049506	0.00028098	0.00030384	0.00114989	0.00058125	0.00036485	0.00175939	0.00018495	0.00050380	0.00249033	0.00017003
G[T>G]C	0.00000000	0.00013300	0.00170966	0.00012108	0.00032092	0.00166014	0.00002230	0.00584951	0.00000000	0.00020403	0.00624957	0.00087154	0.00073993	0.00063728	0.00000000	0.00506825	0.00031292	0.00093862	0.00224030	0.00153025
G[T>G]G	0.00034806	0.00003710	0.00529894	0.00032521	0.00240937	0.00603051	0.00379942	0.00396967	0.00042598	0.00083511	0.00147990	0.00254866	0.00300970	0.00542237	0.00005648	0.00403860	0.00152962	0.00215913	0.00445059	0.00000000
G[T>G]T	0.00001460	0.00000000	0.00234953	0.00083554	0.00182952	0.00675057	0.00683895	0.01939839	0.00000289	0.00724091	0.11399218	0.00280852	0.00078492	0.00045120	0.00041682	0.00334884	0.00048888	0.00333866	0.00548073	0.00001210
T[C>A]A	0.00006581	0.00063902	0.00785843	0.00039025	0.00289924	0.00252021	0.01139825	0.01699859	0.07899652	0.00019002	0.00001240	0.00185902	0.00972903	0.01190520	0.00426820	0.00526818	0.14096518	0.01769291	0.02600346	0.00066911
T[C>A]C	0.00253045	0.00017000	0.00916817	0.00063641	0.00351907	0.01420119	0.00775881	0.00245980	0.02939871	0.00002590	0.00000000	0.00937507	0.00928907	0.00511223	0.00121949	0.02309202	0.07718094	0.01149539	0.02100279	0.00004051
T[C>A]G	0.00000000	0.00008530	0.00229954	0.00003442	0.00029992	0.00000000	0.00000000	0.00044496	0.01209947	0.00000000	0.00009509	0.00095450	0.00237976	0.00137060	0.00000000	0.00009467	0.01469637	0.00237905	0.00317042	0.00082814
T[C>A]T	0.00000588	0.00044001	0.01269746	0.00061340	0.00140963	0.00373031	0.00019097	0.02729773	0.03549844	0.00028804	0.00256982	0.00448764	0.00963904	0.01280560	0.00003199	0.01529471	0.20794864	0.02778886	0.02410321	0.00720119
T[C>G]A	0.00000000	0.00000000	0.00780844	0.00000000	0.00025393	0.00194016	0.00373943	0.00268978	0.31698604	0.00375047	0.00015999	0.00039579	0.00000000	0.01300568	0.00000062	0.00662771	0.00397902	0.00265893	0.01250166	0.00469078
T[C>G]C	0.00020304	0.00009870	0.00759848	0.00005093	0.00161957	0.00461039	0.00058791	0.00199983	0.06349720	0.00072309	0.00006180	0.00291846	0.00109989	0.00251110	0.00013994	0.00562805	0.00240940	0.00217913	0.01410188	0.00051709
T[C>G]G	0.00006941	0.00004120	0.00170966	0.00000635	0.00036390	0.00000875	0.00087287	0.00040397	0.01379939	0.00038005	0.00001550	0.00041578	0.00099690	0.00008044	0.00000000	0.00015495	0.00030193	0.00109956	0.00174023	0.00123020
T[C>G]T	0.00156028	0.00118003	0.01249750	0.00028118	0.00071381	0.01230103	0.00008529	0.00562953	0.36898375	0.00028304	0.00149990	0.00423777	0.00069193	0.02010879	0.00214910	0.02119267	0.00758813	0.00394842	0.02370315	0.00031105
T[C>T]A	0.00111020	0.53601548	0.02029594	0.23815455	0.00660826	0.01730145	0.00020697	0.00426965	0.00692969	0.00053207	0.00010799	0.00747607	0.02479752	0.01470643	0.00185922	0.00295898	0.01069736	0.00644741	0.03000399	0.00000000
T[C>T]C	0.00003731	0.09730281	0.02299540	0.33121494	0.21094441	0.01370115	0.00564913	0.00732939	0.00447980	0.00009061	0.00060396	0.02458707	0.03869613	0.00317139	0.00028888	0.01259565	0.00685831	0.00722710	0.02310307	0.00066111
T[C>T]G	0.11001952	0.04420128	0.01589682	0.07414812	0.05738488	0.00004640	0.00174973	0.00325973	0.00118995	0.00017702	0.00006240	0.00840558	0.00984902	0.00385168	0.00029987	0.00076474	0.00388904	0.00346861	0.00212028	0.00000000
T[C>T]T	0.00000000	0.30000866	0.02099580	0.10706948	0.10197313	0.00232019	0.04999233	0.00545955	0.00141994	0.00034804	0.00089494	0.01948975	0.06699331	0.00904395	0.00080766	0.00803722	0.00832794	0.00657736	0.02240298	0.00023604
T[T>A]A	0.00672119	0.00042201	0.00630874	0.00035623	0.00323915	0.01540129	0.01669744	0.02599784	0.00029599	0.00011902	0.00118992	0.00669648	0.00051195	0.00410179	0.27188552	0.00429851	0.00245939	0.00243902	0.00713095	0.00155026
T[T>A]C	0.00000000	0.00019201	0.00413917	0.00038925	0.00223941	0.03420287	0.00122981	0.00184985	0.00023199	0.00570072	0.00024198	0.00374803	0.00244976	0.00021709	0.00000000	0.00529817	0.00101975	0.00092763	0.01030137	0.00017903
T[T>A]G	0.00002800	0.00005010	0.00478904	0.00000000	0.00169955	0.01220103	0.00559914	0.01669861	0.00018799	0.00183023	0.00000000	0.00326828	0.00175982	0.00066029	0.00776673	0.00137952	0.00087178	0.00080368	0.00502067	0.00032905
T[T>A]T	0.00225040	0.00020501	0.00874825	0.00079852	0.00000000	0.27902345	0.02729581	0.01699859	0.00006200	0.00198025	0.00130991	0.00887533	0.00071093	0.00272119	0.04598064	0.00540813	0.00269933	0.00249900	0.02100279	0.00000000
T[T>C]A	0.00025505	0.00000000	0.01799640	0.00215140	0.00599842	0.03020254	0.08118754	0.01399884	0.00002210	0.00209026	0.00105993	0.00458759	0.00089691	0.01100481	0.00139941	0.00036787	0.00296927	0.00210915	0.01020136	0.00473078
T[T>C]C	0.00339060	0.00004350	0.00970806	0.00059639	0.00172954	0.02090176	0.01429781	0.01359887	0.00002490	0.01530193	0.00109992	0.01029459	0.00121988	0.01250546	0.00623737	0.00082172	0.00227944	0.00218912	0.00755100	0.00819136
T[T>C]G	0.00041607	0.00011700	0.01269746	0.00031921	0.00380900	0.01290108	0.02279650	0.00930923	0.00009980	0.00235030	0.00120992	0.00400789	0.00168983	0.32013990	0.00109954	0.00043785	0.00137966	0.00191923	0.00601080	0.08841463
T[T>C]T	0.00433077	0.00003580	0.01849630	0.00081253	0.00296922	0.08810740	0.04309339	0.03839681	0.00053098	0.02100265	0.00099993	0.01209364	0.00068393	0.00912399	0.00707702	0.00105963	0.00279931	0.00305877	0.01020136	0.01250207
T[T>G]A	0.00000000	0.00001670	0.00521896	0.00012808	0.00095475	0.01930162	0.00021097	0.06569455	0.00018399	0.00000000	0.00001220	0.00224882	0.00002260	0.00046820	0.00000000	0.00428852	0.00078781	0.00116953	0.00846113	0.00003241
T[T>G]C	0.00005511	0.00007040	0.00655869	0.00011608	0.00154959	0.01740146	0.00011498	0.00861928	0.00000000	0.00011601	0.00874940	0.00237875	0.00022398	0.00016407	0.00000000	0.00193933	0.00074382	0.00090264	0.01140152	0.00070612
T[T>G]G	0.00058310	0.00009540	0.00693861	0.00000000	0.00134964	0.00764064	0.00012498	0.01089910	0.00003670	0.00092012	0.00477967	0.00534719	0.00081792	0.00095942	0.00151936	0.00481833	0.00090178	0.00189924	0.00866115	0.00769127
T[T>G]T	0.00000000	0.00000000	0.01349730	0.00008295	0.00176953	0.02170182	0.00016597	0.06389470	0.00001890	0.00458058	0.12199163	0.00729616	0.00063494	0.00225098	0.00023190	0.00361875	0.00180955	0.00528788	0.02500333	0.00049908
