Iteration	L1	L1 %	L2	L2 %	KL Divergence
1	694.729	48.4	122.785	38.369	0.355
2	697.593	49.16	122.579	38.912	0.36
3	691.784	48.722	122.602	38.663	0.362
4	689.055	49.086	121.017	38.887	0.372
5	705.172	49.457	123.641	39.494	0.366
6	704.676	49.445	124.365	39.352	0.36
7	697.473	49.386	122.941	39.316	0.368
8	699.462	49.253	123.959	39.42	0.369
9	692.616	49.318	121.937	38.761	0.355
10	686.937	48.438	122.278	38.276	0.348
11	700.421	48.471	123.863	38.222	0.358
12	681.303	48.176	119.263	38.181	0.359
13	694.543	48.768	122.937	38.379	0.36
14	696.36	48.487	122.358	38.574	0.354
15	698.686	48.958	125.501	38.917	0.357
16	708.693	49.569	125.695	38.847	0.374
17	697.57	48.914	124.461	38.823	0.357
18	686.419	49.304	120.143	38.875	0.37
19	691.981	48.549	120.9	38.74	0.357
20	691.043	49.67	120.793	38.614	0.373
21	693.615	49.564	120.277	38.895	0.367
22	700.338	49.448	121.669	39.18	0.371
23	698.4	49.722	123.129	38.862	0.368
24	697.924	49.509	122.76	38.733	0.366
25	695.06	49.488	120.657	38.71	0.369
26	688.213	49.464	120.448	39.128	0.379
27	685.541	49.295	120.814	38.859	0.371
28	701.351	49.6	123.338	38.743	0.365
29	695.784	48.35	124.625	38.934	0.353
30	697.001	48.879	121.961	38.893	0.354
31	695.036	49.151	122.67	39.121	0.372
32	699.184	48.857	123.796	38.53	0.361
33	689.439	49.668	121.207	39.289	0.375
34	695.947	48.423	121.386	38.484	0.35
35	690.678	49.075	121.156	38.674	0.354
36	686.763	49.304	120.213	38.704	0.366
37	705.248	49.031	125.518	38.989	0.362
38	699.505	49.096	123.632	38.928	0.359
39	697.046	49.032	124.555	39.163	0.363
40	701.268	49.067	124.425	38.933	0.35
41	696.531	49.292	122.864	38.995	0.361
42	694.447	48.146	123.374	38.657	0.353
43	700.769	48.635	124.42	38.195	0.354
44	686.678	49.239	122.431	38.671	0.368
45	694.654	49.114	123.158	38.733	0.367
46	706.796	49.673	123.413	39.173	0.368
47	704.148	49.533	125.605	39.115	0.364
48	695.963	49.126	126.069	39.001	0.364
49	692.872	49.741	121.784	39.213	0.375
50	696.389	49.349	123.309	38.881	0.367
51	699.527	49.05	124.133	38.866	0.36
52	690.739	49.062	122.62	38.574	0.36
53	690.121	49.174	124.073	38.534	0.37
54	702.359	49.307	125.067	39.367	0.355
55	693.374	48.522	121.28	38.367	0.359
56	693.581	49.024	123.825	39.307	0.354
57	695.437	48.979	123.649	38.986	0.36
58	688.698	48.294	124.006	38.716	0.347
59	688.392	48.25	121.277	38.659	0.349
60	688.484	48.385	122.514	38.522	0.35
61	701.416	48.658	124.998	39.043	0.351
62	688.639	48.118	123.56	38.663	0.342
63	695.946	49.065	123.787	38.63	0.359
64	686.661	48.783	121.806	38.5	0.354
65	702.495	48.822	125.063	38.911	0.356
66	692.722	48.322	122.094	38.342	0.349
67	694.188	48.727	123.915	38.766	0.345
68	694.294	49.07	123.723	38.876	0.362
69	700.687	49.23	124.604	38.9	0.358
70	697.954	48.844	121.657	39.138	0.36
71	690.278	49.346	122.135	38.573	0.363
72	697.104	49.19	123.665	38.787	0.365
73	699.752	49.207	125.841	38.695	0.365
74	695.893	50.112	123.416	39.653	0.377
75	685.683	49.34	121.335	38.343	0.363
76	690.524	49.058	121.774	38.995	0.359
77	696.332	49.244	122.839	38.536	0.366
78	692.526	48.3	123.651	38.702	0.354
79	683.454	48.501	118.453	38.697	0.354
80	695.938	49.616	123.743	38.92	0.375
81	688.817	49.02	122.914	38.915	0.36
82	698.174	47.594	125.717	38.387	0.338
83	698.044	49.471	122.942	38.776	0.367
84	689.33	48.853	123.826	39.115	0.359
85	694.328	49.335	122.426	39.297	0.365
86	697.096	48.665	123.271	38.517	0.358
87	687.1	49.205	122.066	38.943	0.374
88	697.707	48.994	123.354	38.634	0.356
89	699.478	49.683	124.203	38.887	0.37
90	702.988	49.317	124.295	39.113	0.372
91	682.269	49.471	120.954	38.809	0.367
92	693.506	48.791	123.386	38.465	0.357
93	692.152	48.915	120.587	38.832	0.372
94	707.626	48.915	126.207	39.034	0.343
95	689.059	49.265	123.245	38.764	0.367
96	679.114	48.6	120.361	38.86	0.361
97	685.931	48.721	120.995	38.418	0.364
98	702.354	49.768	123.781	39.097	0.369
99	703.088	49.545	124.798	38.716	0.37
100	704.515	49.69	123.157	39.096	0.364
101	690.956	48.926	122.273	38.811	0.361
102	701.786	49.274	125.111	38.956	0.375
103	699.76	49.12	123.763	39.054	0.369
104	708.909	49.502	126.943	39.111	0.363
105	693.02	49.07	124.289	39.146	0.365
106	693.734	49.234	123.017	38.798	0.366
107	688.141	49.142	122.25	39.231	0.366
108	693.908	48.958	121.557	38.736	0.362
109	682.75	48.258	119.968	38.164	0.356
110	697.493	49.898	122.314	39.234	0.366
111	688.046	49.982	122.3	39.376	0.377
112	699.312	48.27	123.514	38.411	0.354
113	695.73	49.24	123.463	38.915	0.368
114	695.025	48.938	122.884	38.683	0.354
115	699.647	48.639	123.651	38.993	0.359
116	699.778	49.851	122.518	38.957	0.369
117	703.269	49.097	125.629	38.426	0.368
118	692.078	48.481	120.461	38.251	0.345
119	706.498	48.813	125.22	38.816	0.353
120	701.171	50.017	123.615	39.284	0.372
121	690.349	48.871	122.411	38.588	0.371
122	704.086	49.223	123.225	39.046	0.359
123	692.419	49.26	122.247	38.691	0.373
124	691.117	49.241	122.087	39.276	0.364
125	699.163	48.889	124.715	38.986	0.366
126	695.928	49.235	122.207	38.931	0.352
127	701.369	48.714	126.591	39.024	0.366
128	700.123	49.245	123.436	39.308	0.362
129	689.524	47.849	120.602	37.913	0.338
130	702.698	48.424	125.104	38.054	0.351
131	704.699	49.574	124.95	39.187	0.363
132	695.522	49.125	122.81	38.703	0.358
133	684.072	49.197	121.808	39.346	0.367
134	699.768	49.478	123.466	39.186	0.371
135	693.013	48.616	122.315	38.569	0.353
136	690.577	49.477	121.215	39.19	0.365
137	693.161	49.081	123.245	38.656	0.36
138	693.402	49.029	123.408	38.804	0.369
139	703.449	48.128	124.543	38.344	0.348
140	706.6	49.58	124.933	39.544	0.363
141	692.098	49.374	120.963	38.695	0.361
142	697.566	48.815	122.382	38.437	0.355
143	692.256	49.514	121.231	38.765	0.368
144	691.108	49.341	120.776	38.787	0.363
145	701.895	49.446	124.178	38.757	0.369
146	702.969	49.497	125.754	39.634	0.373
147	692.1	49.637	123.634	39.167	0.375
148	709.254	49.591	126.135	39.246	0.359
149	695.719	49.349	121.337	38.687	0.362
150	708.294	49.771	124.452	39.183	0.368
151	706.291	48.987	124.214	39.243	0.359
152	703.764	49.077	125.318	39.184	0.358
153	696.837	49.33	123.413	39.046	0.356
154	706.908	49.606	125.723	39.26	0.36
155	703.368	48.8	122.93	38.852	0.349
156	692.367	48.409	121.705	38.386	0.344
157	704.125	48.858	125.759	39.255	0.362
158	701.957	48.819	125.071	38.436	0.359
159	698.596	49.25	122.797	38.747	0.362
160	693.697	48.79	122.803	38.946	0.358
161	701.12	49.522	124.823	39.286	0.368
162	694.216	49.126	123.086	38.85	0.36
163	688.205	48.418	121.158	38.611	0.352
164	695.292	49.168	122.776	38.805	0.367
165	688.242	48.908	120.898	38.588	0.362
166	691.211	49.491	120.533	39.063	0.366
167	688.424	49.72	120.912	39.053	0.377
168	684.557	48.913	121.813	38.501	0.364
169	685.177	49.408	122.68	38.793	0.368
170	703.162	49.344	126.033	39.137	0.36
171	698.965	48.733	124.4	38.736	0.352
172	697.209	49.258	122.626	38.542	0.372
173	686.959	48.893	121.905	39.012	0.364
174	694.544	49.748	123.956	39.152	0.375
175	693.864	49.29	124.144	39.062	0.355
176	691.79	49.611	120.535	39.249	0.373
177	687.88	48.928	122.543	38.284	0.358
178	689.458	48.694	121.57	38.512	0.363
179	690.274	48.947	121.651	38.501	0.365
180	695.599	48.603	122.833	38.765	0.363
181	694.238	48.682	125.014	38.956	0.362
182	702.439	48.652	123.712	38.558	0.356
183	689.4	48.662	121.469	38.53	0.359
184	678.342	49.101	121.579	38.721	0.368
185	699.425	48.478	123.859	38.571	0.349
186	689.151	48.531	122.228	38.568	0.353
187	696.337	48.421	124.857	38.645	0.358
188	693.846	49.229	123.576	38.776	0.354
189	699.907	48.303	123.384	38.327	0.349
190	693.16	48.842	122.583	38.998	0.363
191	678.926	48.509	121.432	38.605	0.36
192	683.389	49.687	120.706	38.916	0.374
193	691.69	49.145	120.76	39.07	0.361
194	698.841	49.102	126.028	39.058	0.362
195	701.721	48.477	124.846	38.735	0.354
196	692.236	48.945	123.864	38.555	0.355
197	695.873	49.344	125.092	39.091	0.365
198	682.428	49.357	122.343	38.985	0.365
199	705.756	48.518	124.527	38.216	0.347
200	699.727	48.584	123.305	38.577	0.348
201	683.348	48.696	119.869	38.217	0.351
202	691.041	50.651	121.034	39.616	0.382
203	709.028	48.234	126.322	38.234	0.349
204	695.602	48.758	123.056	38.783	0.361
205	698.805	48.404	124.833	39.104	0.36
206	700.237	49.291	121.794	38.995	0.366
207	700.674	49.148	123.996	39.162	0.36
208	693.328	48.845	123.366	38.691	0.363
209	701.125	49.314	123.322	38.691	0.369
210	691.369	49.895	122.659	39.149	0.362
211	684.23	48.413	122.062	38.133	0.361
212	699.579	48.348	124.184	38.542	0.35
213	688.984	48.667	121.422	38.455	0.356
214	699.242	48.934	124.232	38.972	0.36
215	696.284	48.546	122.77	38.611	0.353
216	682.368	49.042	119.523	38.885	0.359
217	697.327	48.684	122.783	38.892	0.348
218	689.216	48.803	122.19	38.984	0.358
219	695.316	49.292	124.238	39.191	0.37
220	699.491	48.382	125.734	39.163	0.355
221	697.188	49.431	124.841	39.34	0.366
222	696.437	49.268	122.696	38.935	0.372
223	694.094	50.063	124.183	39.324	0.374
224	697.145	48.094	124.018	38.225	0.351
225	683.481	49.439	120.8	38.959	0.379
226	701.612	49.377	124.125	38.964	0.354
227	706.306	48.984	124.321	38.4	0.366
228	695.142	50.311	123.253	39.484	0.382
229	696.259	49.438	122.988	38.842	0.363
230	702.462	49.517	122.744	39.205	0.359
231	689.91	49.177	122.273	39.095	0.366
232	694.746	49.685	123.911	39.383	0.367
233	694.933	48.75	123.87	38.586	0.36
234	696.46	48.825	124.959	38.588	0.366
235	693.063	48.613	123.028	38.576	0.354
236	683.49	49.146	121.58	38.652	0.355
237	696.562	49.084	123.29	38.65	0.361
238	697.881	49.292	124.443	39.151	0.368
239	701.419	49.432	123.218	39.338	0.37
240	702.159	48.657	124.266	38.868	0.36
241	694.98	48.475	123.619	38.724	0.347
242	702.408	49.424	124.373	38.999	0.374
243	690.013	48.189	120.428	38.64	0.36
244	697.387	48.88	123.298	38.325	0.362
245	685.956	49.598	121.981	39.15	0.368
246	690.771	48.935	121.544	38.783	0.366
247	681.985	49.2	121.316	38.843	0.377
248	699.816	48.692	124.763	38.638	0.347
249	700.047	49.552	123.639	39.44	0.374
250	700.428	49.003	124.319	39.118	0.356
251	694.393	49.505	123.459	39.305	0.366
252	699.024	48.89	124.256	38.991	0.359
253	696.419	48.808	122.397	38.731	0.347
254	692.362	47.935	122.564	38.369	0.346
255	685.258	49.495	120.83	39.206	0.376
256	698.776	49.483	121.482	38.964	0.368
257	695.475	48.905	123.133	38.925	0.377
258	708.725	49.594	126.331	39.61	0.37
259	697.424	48.869	124.066	38.853	0.364
260	684.698	48.883	121.028	38.662	0.364
261	684.299	49.155	120.17	38.444	0.361
262	682.935	49.313	119.571	38.416	0.366
263	688.835	48.489	122.574	38.299	0.356
264	697.649	48.923	124.154	38.828	0.363
265	709.238	49.007	125.081	38.736	0.361
266	700.722	49.241	124.286	38.775	0.356
267	686.462	48.109	122.043	38.687	0.345
268	694.558	49.299	122.998	38.799	0.366
269	691.6	48.614	122.729	38.613	0.361
270	686.465	49.316	120.897	38.812	0.365
271	697.471	48.685	122.358	38.72	0.363
272	686.904	49.234	122.214	38.876	0.359
273	702.585	49.388	123.188	39.41	0.363
274	692.896	49.324	123.419	39.131	0.368
275	695.2	48.967	122.941	38.657	0.361
276	707.212	49.942	125.83	39.34	0.37
277	692.726	49.229	123.391	38.908	0.362
278	695.148	48.999	124.135	38.936	0.356
279	689.069	49.369	123.247	38.336	0.373
280	700.645	49.513	124.056	39.317	0.363
281	689.607	49.911	121.196	39.139	0.38
282	702.457	49.677	123.485	39.047	0.361
283	698.887	49.653	122.109	38.793	0.371
284	700.487	49.376	123.804	38.836	0.359
285	691.059	48.389	122.838	38.784	0.349
286	695.182	49.624	123.34	39.265	0.364
287	708.298	48.862	125.077	39.304	0.364
288	684.938	48.68	120.569	38.476	0.365
289	702.603	49.372	126.008	39.033	0.365
290	692.472	49.103	122.016	38.54	0.363
291	685.715	48.347	121.12	38.691	0.354
292	689.856	48.409	124.034	38.789	0.351
293	691.381	48.986	124.32	38.961	0.373
294	694.906	49.255	124.228	39.098	0.361
295	705.637	48.626	125.69	38.705	0.353
296	700.853	49.059	124.954	39.258	0.367
297	684.658	48.931	123.24	38.669	0.362
298	696.13	49.465	123.863	38.797	0.367
299	690.535	48.634	121.605	38.314	0.361
300	691.339	48.605	123.229	38.3	0.358
301	701.321	49.324	125.674	39.122	0.365
302	700.513	49.508	124.841	39.21	0.372
303	691.154	48.893	122.763	38.781	0.365
304	685.545	48.757	121.662	38.47	0.36
305	689.576	48.693	123.249	38.57	0.353
306	697.674	49.314	123.953	38.882	0.371
307	691.502	48.284	122.076	38.423	0.357
308	698.659	49.55	122.549	38.802	0.369
309	695.551	48.713	122.213	38.649	0.358
310	684.617	48.268	120.129	38.049	0.348
311	695.795	48.743	123.684	38.78	0.353
312	700.184	49.664	124.257	39.231	0.375
313	711.488	49.128	125.075	39.105	0.357
314	698.976	49.073	120.576	38.947	0.358
315	688.008	49.114	122.78	38.773	0.368
316	678.57	48.32	121.029	38.939	0.358
317	683.787	48.179	122.506	38.6	0.352
318	697.245	49.573	122.948	39.302	0.354
319	694.152	48.462	121.491	38.469	0.36
320	695.238	49.17	122.729	38.405	0.363
321	684.582	48.868	120.007	38.71	0.361
322	696.383	49.051	125.489	38.936	0.356
323	696.833	48.936	123.101	38.884	0.359
324	698.347	48.539	122.629	38.474	0.361
325	711.789	49.881	125.655	39.616	0.365
326	691.394	48.935	120.728	38.735	0.358
327	696.746	48.774	124.793	38.983	0.366
328	688.653	47.767	120.656	38.417	0.346
329	692.771	49.971	120.601	38.731	0.372
330	700.998	48.872	122.527	38.986	0.353
331	693.523	50.041	122.744	39.124	0.373
332	686.271	48.539	121.18	38.666	0.356
333	694.165	49.348	123.3	39.07	0.366
334	697.096	48.884	125.295	38.794	0.363
335	694.926	48.564	123.93	38.807	0.357
336	693.657	49.1	124.135	39.317	0.36
337	695.134	49.662	122.641	39.178	0.371
338	693.58	49.723	121.48	39.026	0.38
339	697.646	49.24	124.59	39.188	0.374
340	693.566	48.794	123.201	38.561	0.359
341	690.164	48.929	121.813	38.673	0.356
342	697.706	49.163	122.944	38.866	0.364
343	698.82	49.125	123.057	38.626	0.353
344	698.208	49.296	122.614	38.957	0.369
345	696.799	49.579	125.37	39.317	0.378
346	701.574	48.777	125.13	38.954	0.361
347	695.311	49.36	123.502	38.997	0.371
348	695.954	49.362	123.167	39.175	0.368
349	701.877	48.673	123.106	38.491	0.358
350	705.362	49.746	124.457	38.665	0.368
351	689.537	48.328	121.87	38.574	0.347
352	690.234	49.314	122.304	39.196	0.369
353	691.735	48.032	122.466	38.168	0.342
354	690.952	48.757	123.103	38.714	0.362
355	698.203	49.182	122.782	39.26	0.359
356	693.483	49.428	122.286	39.003	0.372
357	694.823	48.373	123.239	38.362	0.355
358	700.962	49.012	124.154	38.704	0.357
359	694.195	48.671	123.148	38.706	0.358
360	692.28	48.546	121.507	38.408	0.358
361	691.253	48.882	121.633	38.829	0.356
362	685.647	48.398	119.413	38.416	0.358
363	689.982	48.681	122.67	38.646	0.355
364	702.026	49.414	122.226	39.322	0.364
365	692.356	49.505	121.547	39.334	0.365
366	687.308	48.539	120.803	38.564	0.353
367	689.559	48.166	122.105	38.761	0.351
368	689.987	48.55	122.989	38.633	0.368
369	693.161	48.521	123.13	38.79	0.351
370	704.835	49.583	125.249	39.256	0.363
371	696.458	48.34	121.851	38.39	0.353
372	688.713	47.972	121.926	38.367	0.351
373	706.938	49.72	126.131	39.641	0.373
374	707.245	48.983	125.513	38.973	0.355
375	692.934	48.546	121.449	38.502	0.358
376	688.862	49.018	120.227	38.776	0.36
377	693.58	49.369	122.146	39.165	0.367
378	706.935	49.826	124.584	39.088	0.367
379	702.582	49.147	124.348	38.966	0.357
380	693.96	49.141	122.22	38.778	0.357
381	707.825	49.36	124.731	39.241	0.363
382	690.798	48.838	121.146	38.9	0.354
383	700.591	49.134	124.406	39.02	0.354
384	699.439	49.591	123.865	39.155	0.36
385	696.296	49.592	125.287	39.345	0.368
386	695.548	48.869	123.846	38.666	0.361
387	693.389	48.789	123.214	38.931	0.359
388	686.32	49.586	122.117	38.911	0.371
389	699.166	49.68	123.482	39.359	0.376
390	693.527	48.602	121.561	38.503	0.349
391	699.517	48.629	123.344	38.726	0.355
392	702.291	49.682	123.613	38.948	0.371
393	702.539	49.881	122.416	39.17	0.364
394	690.743	48.299	120.82	38.472	0.354
395	693.301	49.02	122.937	38.818	0.356
396	699.498	48.787	124.346	38.457	0.355
397	693.642	48.897	123.797	38.765	0.371
398	702.485	48.955	126.24	39.144	0.362
399	687.497	49.082	121.202	38.616	0.362
400	707.971	48.911	123.599	38.781	0.36
401	690.264	48.747	123.894	38.922	0.362
402	693.963	49.277	125.363	39.169	0.369
403	691.173	48.893	121.366	38.383	0.365
404	697.554	50.014	122.988	39.436	0.38
405	699.026	49.44	123.636	38.834	0.363
406	702.423	48.807	124.093	39.003	0.357
407	698.368	49.345	122.796	38.901	0.36
408	704.434	49.547	124.94	39.459	0.371
409	686.45	48.481	119.457	38.342	0.352
410	703.219	49.672	124.368	39.302	0.365
411	689.79	48.715	121.875	38.708	0.354
412	692.888	48.405	123.696	38.804	0.359
413	701.652	48.886	123.455	38.68	0.352
414	700.049	48.6	124.488	38.669	0.352
415	690.903	49.316	122.543	38.995	0.361
416	693.041	49.406	123.213	39.134	0.363
417	705.502	48.721	124.693	38.629	0.352
418	691.842	49.542	122.45	38.99	0.377
419	700.825	48.285	124.636	38.861	0.348
420	689.416	49.147	121.868	38.87	0.356
421	703.129	49.732	123.069	38.971	0.377
422	701.913	49.038	124.309	38.974	0.365
423	697.363	49.492	123.069	38.776	0.36
424	701.543	48.429	125.518	38.542	0.353
425	698.927	48.9	123.596	38.775	0.359
426	695.609	49.041	122.614	39.157	0.358
427	695.04	49.194	123.598	39.233	0.362
428	696.776	49.769	123.515	39.187	0.371
429	705.399	48.893	124.7	39.293	0.36
430	696.138	49.049	122.35	39.018	0.358
431	699.802	49.033	123.846	38.865	0.355
432	696.855	48.245	124.453	38.479	0.348
433	703.225	49.155	126.325	39.2	0.365
434	698.598	48.813	124.615	39.383	0.361
435	702.807	49.589	126.174	39.384	0.367
436	704.154	48.93	125.597	38.612	0.355
437	700.953	48.783	122.256	38.714	0.349
438	695.791	48.361	121.751	38.567	0.352
439	686.62	48.852	121.295	38.499	0.358
440	701.634	48.807	125.062	38.463	0.352
441	697.693	49.97	123.699	39.49	0.376
442	693.872	48.945	121.324	38.298	0.353
443	701.235	48.615	124.404	38.983	0.35
444	708.528	50.454	123.455	39.551	0.378
445	687.68	48.69	121.84	38.306	0.376
446	685.137	48.493	120.895	38.662	0.356
447	691.266	48.856	124.104	38.805	0.357
448	693.101	48.799	119.908	38.604	0.362
449	689.33	49.815	119.782	39.123	0.388
450	708.452	49.066	126.485	38.928	0.362
451	695.095	49.345	121.949	38.754	0.372
452	704.73	49.017	123.705	38.864	0.361
453	701.18	49.142	124.756	39.12	0.363
454	704.962	49.064	123.28	39.03	0.358
455	702.384	48.4	123.168	38.482	0.345
456	694.784	48.796	123.464	38.789	0.365
457	683.961	48.622	121.182	38.659	0.364
458	695.579	48.726	123.618	38.669	0.357
459	691.347	48.902	124.489	38.679	0.365
460	710.843	49.152	127.553	38.978	0.372
461	691.005	48.989	122.458	38.883	0.363
462	689.389	49.507	121.339	38.926	0.368
463	700.39	49.402	123.978	38.706	0.361
464	692.923	48.354	123.885	38.765	0.358
465	705.441	49.469	123.183	39.383	0.368
466	703.566	49.048	127.384	39.296	0.357
467	697.745	49.372	123.301	38.959	0.368
468	698.096	49.229	123.735	38.814	0.367
469	698.589	48.625	123.827	39.105	0.362
470	691.584	48.595	122.497	38.763	0.357
471	695.198	49.356	123.459	39.249	0.374
472	694.952	48.816	122.633	39.16	0.357
473	697.168	49.629	123.287	39.086	0.367
474	692.893	48.737	121.114	38.855	0.359
475	694.573	48.866	121.688	38.757	0.358
476	687.662	49.704	121.158	38.916	0.374
477	682.187	48.055	122.887	38.415	0.36
478	696.764	48.76	123.607	38.565	0.352
479	700.962	48.957	124.093	38.911	0.357
480	703.698	49.717	122.697	39.06	0.374
481	701.984	49.215	126.839	39.133	0.367
482	694.267	48.8	122.303	38.979	0.358
483	695.561	49.063	121.923	38.267	0.36
484	692.186	49.232	123.674	39.134	0.357
485	700.134	48.934	124.78	39.167	0.359
486	689.535	48.736	121.709	38.739	0.359
487	704.051	49.27	124.777	38.699	0.362
488	698.858	49.413	123.435	38.847	0.366
489	688.762	48.604	121.034	38.776	0.352
490	705.633	48.645	123.836	38.184	0.35
491	695.118	49.866	123.652	39.537	0.376
492	697.631	49.163	122.505	38.778	0.36
493	681.307	48.871	120.065	38.566	0.357
494	701.815	48.809	122.675	38.335	0.339
495	691.053	48.338	121.213	38.389	0.36
496	701.368	49.626	124.729	39.13	0.373
497	685.622	49.228	121.636	39.011	0.358
498	690.98	48.498	122.719	38.714	0.364
499	699.139	49.288	125.024	39.07	0.371
500	702.826	48.965	125.821	39.139	0.373
501	690.606	48.15	122.308	37.963	0.348
502	676.878	48.223	119.638	38.115	0.348
503	700.831	49.035	125.864	38.92	0.367
504	687.734	48.992	120.085	38.469	0.363
505	703.94	49.665	125.386	39.003	0.37
506	704.625	49.166	123.688	39.074	0.362
507	688.572	48.808	122.263	38.748	0.362
508	695.87	48.953	121.96	38.838	0.37
509	690.864	49.233	123.803	38.701	0.364
510	696.727	49.101	124.075	38.733	0.363
511	680.872	48.013	120.849	38.32	0.356
512	691.558	48.835	121.915	38.445	0.361
513	692.806	48.993	120.674	39.033	0.359
514	700.155	49.221	124.955	39.106	0.36
515	680.748	48.722	119.527	38.552	0.354
516	682.67	48.977	121.607	38.85	0.363
517	699.567	49.571	125.575	39.495	0.38
518	688.703	49.316	124.064	39.176	0.365
519	684.116	49.436	120.415	39.056	0.373
520	682.238	48.363	121.565	38.553	0.356
521	689.693	49.384	123.989	39.264	0.379
522	689.441	48.949	121.41	38.667	0.359
523	693.484	48.389	122.255	38.147	0.349
524	689.743	49.213	121.133	38.968	0.371
525	690.936	49.505	123.249	39.353	0.372
526	699.463	48.842	123.736	38.803	0.359
527	689.016	49.463	121.493	38.789	0.369
528	694.695	49.333	122.702	38.644	0.366
529	702.223	49.562	123.888	39.082	0.371
530	686.989	49.238	122.063	39.036	0.363
531	715.348	49.549	126.181	39.106	0.361
532	705.209	49.93	124.137	39.312	0.373
533	688.709	49.884	120.402	39.32	0.371
534	698.054	48.945	123.324	38.851	0.358
535	694.159	49.668	123.571	39.051	0.375
536	688.751	49.118	121.224	38.98	0.36
537	693.01	49.291	121.514	39.119	0.373
538	694.72	48.803	122.64	38.341	0.357
539	698.157	49.381	124.229	39.171	0.359
540	703.01	50.078	125.866	39.406	0.375
541	695.625	48.974	122.806	38.711	0.359
542	701.272	49.651	124.756	39.129	0.373
543	703.092	48.562	125.502	38.632	0.347
544	686.536	49.357	121.234	39.272	0.36
545	708.524	49.037	125.256	38.873	0.348
546	694.227	48.319	121.604	38.825	0.348
547	694.62	49.331	121.937	39.263	0.355
548	689.94	49.322	121.218	38.857	0.36
549	697.185	49.396	125.06	39.44	0.372
550	687.578	48.731	121.857	38.148	0.356
551	703.45	49.195	125.673	39.166	0.364
552	695.011	49.19	122.979	38.554	0.36
553	694.689	48.685	121.657	38.69	0.357
554	704.492	49.146	121.885	38.819	0.353
555	698.792	49.066	122.123	38.882	0.356
556	680.453	48.998	118.945	38.463	0.357
557	700.266	49.348	123.683	39.055	0.37
558	693.807	48.15	122.406	38.807	0.344
559	696.009	49.469	124.098	39.253	0.366
560	697.339	47.694	123.459	38.065	0.337
561	693.03	48.646	122.023	38.728	0.356
562	691.489	49.579	121.662	39.141	0.366
563	697.173	49.738	124.322	39.088	0.376
564	697.68	49.402	122.583	39.017	0.36
565	688.505	48.999	121.808	38.977	0.372
566	702.914	49.593	125.875	39.214	0.373
567	690.554	48.895	122.847	38.745	0.358
568	690.048	49.089	123.026	38.893	0.356
569	693.724	48.895	122.323	39.227	0.359
570	695.645	49.772	121.823	38.911	0.38
571	697.852	48.97	121.348	38.673	0.357
572	697.415	49.041	123.624	38.904	0.361
573	699.343	49.137	124.416	38.955	0.36
574	695.749	48.529	123.457	38.641	0.35
575	700.435	49.414	124.23	38.996	0.37
576	692.4	49.13	122.465	39.418	0.364
577	690.808	49.141	122.649	38.846	0.37
578	698.291	48.471	122.398	38.578	0.353
579	688.287	48.965	122.026	38.87	0.359
580	700.233	49.075	123.905	38.707	0.354
581	688.88	48.946	123.567	39.107	0.363
582	692.654	48.853	121.377	38.615	0.356
583	698.67	48.677	125.088	38.985	0.347
584	688.932	48.977	120.945	38.56	0.357
585	685.36	48.566	119.704	38.607	0.355
586	697.174	49.239	124.205	39.017	0.36
587	700.033	48.748	123.782	38.675	0.359
588	699.016	49.522	123.751	39.152	0.37
589	698.932	49.287	123.128	38.988	0.357
590	695.996	48.733	124.176	38.649	0.351
591	679.609	48.72	117.015	38.376	0.357
592	693.07	49.056	122.124	38.405	0.358
593	693.277	49.064	122.208	38.953	0.367
594	709.856	49.706	125.478	39.124	0.363
595	688.731	48.628	122.791	38.736	0.359
596	699.004	48.662	122.215	38.261	0.355
597	690.819	48.62	122.412	38.9	0.349
598	688.571	48.521	121.021	38.612	0.357
599	686.564	48.859	122.236	38.666	0.366
600	703.32	48.663	124.758	38.783	0.352
601	701.234	49.444	123.551	38.672	0.369
602	699.501	49.434	124.302	39.227	0.364
603	690.332	50.199	121.202	39.138	0.376
604	695.357	49.149	122.289	38.708	0.358
605	694.953	50.269	122.794	39.371	0.382
606	696.928	49.183	122.292	38.921	0.363
607	699.088	49.613	123.25	39.33	0.363
608	699.512	49.089	123.506	38.745	0.35
609	691.741	48.893	123.603	38.969	0.355
610	700.401	49.949	124.47	39.495	0.371
611	711.938	49.102	126.376	39.441	0.36
612	682.031	48.116	121.729	38.229	0.356
613	685.157	49.621	119.919	39.153	0.376
614	689.464	48.857	122.506	38.608	0.355
615	707.356	49.496	124.335	38.909	0.367
616	689.357	49.048	121.984	38.557	0.362
617	700.637	49.065	123.482	39.146	0.359
618	701.075	49.494	123.518	39.241	0.375
619	701.284	49.201	123.435	38.952	0.37
620	694.735	49.393	122.428	38.731	0.363
621	693.788	49.116	121.598	38.922	0.359
622	705.17	49.223	124.301	38.633	0.359
623	694.007	49.958	122.181	39.164	0.381
624	690.967	48.695	123.653	38.711	0.35
625	695.644	49.4	121.986	39.102	0.37
626	706.348	49.96	124.593	39.031	0.368
627	689.17	49.01	120.386	38.586	0.355
628	679.49	48.13	119.84	38.039	0.347
629	695.815	49.339	123.204	38.87	0.368
630	696.408	48.584	122.383	38.685	0.348
631	700.207	49.104	126.11	38.997	0.361
632	683.091	48.605	120.61	38.588	0.365
633	705.277	49.417	125.108	39.038	0.367
634	695.704	49.61	123.601	39.746	0.361
635	697.162	49.892	123.955	39.124	0.37
636	700.695	48.664	125.376	38.579	0.361
637	696.631	49.801	124.097	38.752	0.371
638	698.633	48.859	125.035	38.776	0.36
639	693.875	49.459	122.677	38.958	0.367
640	694.538	49.334	121.796	39.113	0.361
641	691.067	49.294	122.489	39.132	0.363
642	696.093	48.966	124.234	38.871	0.358
643	691.461	49.041	123.878	39.05	0.366
644	693.794	49.358	121.764	38.646	0.361
645	696.658	50.001	122.188	38.955	0.378
646	696.688	48.681	122.515	38.345	0.351
647	692.932	48.841	123.101	38.781	0.354
648	687.204	48.201	120.579	38.364	0.351
649	691.277	48.089	119.652	38.24	0.341
650	683.698	48.841	120.698	38.583	0.359
651	689.64	49.043	122.745	38.541	0.358
652	695.732	49.36	123.456	38.977	0.375
653	686.086	49.045	121.718	39.378	0.366
654	683.947	48.517	118.448	38.604	0.356
655	701.001	49.051	124.531	38.851	0.355
656	695.775	49.588	120.695	38.607	0.369
657	713.348	50.138	128.826	39.768	0.36
658	694.249	49.306	122.87	39.101	0.365
659	697.26	49.29	123.984	39.266	0.366
660	695.85	48.582	125.313	38.818	0.354
661	689.858	48.05	122.285	38.392	0.354
662	706.135	49.023	124.596	38.932	0.359
663	681.814	49.189	119.593	38.599	0.368
664	696.092	49.107	124.077	39.546	0.367
665	680.013	48.976	118.494	38.706	0.364
666	693.972	49.06	124.786	39.047	0.371
667	695.8	49.028	123.759	38.979	0.358
668	688.867	49.512	121.089	38.74	0.366
669	692.496	48.938	123.124	38.601	0.363
670	703.981	49.482	125.085	38.984	0.37
671	688.974	49.548	120.931	39.078	0.375
672	691.034	49.796	120.981	39.101	0.378
673	698.111	49.296	125.06	38.821	0.361
674	684.357	49.518	120.267	39.091	0.375
675	696.314	49.285	124.151	39.562	0.356
676	701.741	49.013	124.035	39.167	0.362
677	689.656	48.587	122.735	38.814	0.361
678	674.36	47.8	119.146	38.382	0.351
679	693.456	48.551	123.248	38.793	0.346
680	700.718	49.006	124.82	39.153	0.357
681	692.352	49.541	122.338	39.221	0.366
682	693.684	49.926	123.083	39.148	0.372
683	707.115	48.417	124.691	38.279	0.347
684	692.029	49.262	121.294	38.951	0.362
685	690.933	49.196	123.25	38.954	0.372
686	699.394	49.414	120.552	38.925	0.371
687	711.253	49.217	127.782	39.134	0.355
688	681.007	48.819	120.451	38.605	0.359
689	691.468	48.502	122.894	39.164	0.356
690	700.063	48.955	124.69	38.912	0.36
691	697.851	48.792	123.102	39.168	0.354
692	699.751	48.77	122.139	38.666	0.357
693	698.253	49.609	124.578	39.146	0.365
694	689.735	49.329	120.222	38.723	0.365
695	685.647	48.751	122.036	38.541	0.36
696	703.695	49.41	124.331	39.053	0.367
697	689.653	48.982	124.055	38.782	0.367
698	690.157	48.251	121.187	38.425	0.36
699	694.437	48.547	122.485	38.819	0.365
700	685.263	48.723	119.861	38.384	0.351
701	691.651	49.02	121.773	38.661	0.363
702	700.367	49.569	124.463	38.877	0.363
703	699.205	49.034	122.209	38.86	0.36
704	697.258	49.794	123.924	39.38	0.365
705	690.755	49.415	122.645	39.214	0.366
706	692.112	49.13	122.695	39.132	0.37
707	697.993	48.763	123.217	38.85	0.361
708	697.645	48.799	123.059	39.009	0.364
709	705.246	48.81	123.723	38.954	0.347
710	710.733	50.362	124.303	39.322	0.37
711	694.696	49.488	124.248	39.359	0.363
712	687.995	48.461	120.745	38.319	0.352
713	688.71	48.426	121.313	38.288	0.355
714	705.993	50.171	123.483	39.18	0.371
715	697.649	50.059	125.094	39.523	0.381
716	698.633	49.594	124.384	39.417	0.372
717	702.56	49.129	123.512	38.509	0.356
718	711.154	49.69	127.703	39.794	0.376
719	693.212	49.356	121.82	38.846	0.368
720	702.881	49.343	124.295	38.796	0.356
721	690.946	48.73	122.661	38.805	0.348
722	693.621	49.133	122.738	38.916	0.362
723	691.882	49.979	122.34	38.982	0.387
724	699.001	48.983	123.138	38.789	0.355
725	699.557	48.891	124.197	39.373	0.364
726	693.61	49.42	122.576	39.173	0.364
727	688.866	48.937	121.958	38.727	0.354
728	692.916	48.961	123.129	38.782	0.36
729	696.053	49.703	123.98	39.022	0.374
730	696.043	49.259	123.613	38.945	0.373
731	704.391	49.309	125.855	39.503	0.379
732	689.618	48.574	121.84	38.682	0.357
733	699.496	49.271	124.22	39.1	0.36
734	699.588	49.283	123.263	38.779	0.36
735	702.462	48.844	125.393	38.349	0.358
736	700.707	48.919	125.539	38.985	0.358
737	691.629	48.895	122.086	38.575	0.358
738	693.734	49.831	123.068	39.368	0.377
739	695.654	48.982	122.501	38.665	0.364
740	696.76	49.024	123.204	39.033	0.367
741	690.885	48.407	121.808	38.373	0.35
742	694.932	49.39	121.723	38.752	0.37
743	695.882	49.157	123.005	38.989	0.366
744	686.529	48.899	122.524	38.415	0.362
745	699.422	48.825	122.872	38.615	0.354
746	697.079	48.671	123.551	38.634	0.352
747	699.549	49.024	125.551	39.086	0.364
748	692.973	48.745	123.861	39.052	0.362
749	693.628	49.437	122.753	38.761	0.363
750	697.619	49.791	121.82	39.143	0.37
751	700.151	49.191	124.291	39.169	0.363
752	680.952	48.612	118.845	38.225	0.363
753	697.219	49.758	122.919	39.128	0.377
754	694.929	49.092	122.159	38.313	0.353
755	702.56	48.606	125.425	38.796	0.355
756	688.859	48.486	121.89	38.523	0.358
757	684.733	49.296	120.161	38.819	0.371
758	693.766	49.057	122.299	38.747	0.361
759	691.518	49.75	122.601	39.129	0.367
760	702.262	49.134	124.091	39.195	0.364
761	698.436	49.416	123.576	38.802	0.369
762	698.217	49.97	123.852	39.638	0.378
763	701.994	49.285	123.165	38.894	0.358
764	689.681	48.73	123.499	38.868	0.379
765	695.045	49.203	123.878	39.072	0.373
766	700.085	49.139	123.743	38.982	0.359
767	698.748	48.425	124.211	38.893	0.362
768	705.378	48.653	124.288	38.797	0.355
769	687.656	48.961	122.685	38.886	0.367
770	700.176	49.072	123.428	38.973	0.37
771	692.937	48.899	121.911	38.648	0.356
772	698.846	48.617	123.725	38.584	0.348
773	704.242	49.034	125.87	38.803	0.368
774	688.389	48.777	120.215	38.453	0.361
775	705.304	49.4	123.852	39.28	0.366
776	707.478	49.707	125.391	39.241	0.37
777	697.272	48.727	123.767	38.989	0.357
778	691.388	48.727	122.484	38.727	0.361
779	697.093	48.508	125.189	38.777	0.346
780	700.28	48.909	122.579	38.872	0.362
781	693.289	49.49	122.359	39.124	0.36
782	703.881	49.068	125.152	39.19	0.366
783	696.164	49.552	123.791	38.787	0.37
784	691.923	49.186	124.256	38.799	0.367
785	704.348	48.337	123.949	38.42	0.36
786	693.79	49.06	122.895	39.116	0.359
787	698.15	48.491	124.292	38.723	0.353
788	689.415	48.05	121.217	38.26	0.343
789	702.471	49.715	123.806	39.076	0.367
790	709.486	49.07	125.584	39.175	0.36
791	699.713	48.657	124.646	38.883	0.355
792	699.908	48.791	125.167	38.717	0.352
793	707.228	49.355	127.158	39.044	0.369
794	693.222	48.721	122.359	38.655	0.356
795	696.577	49.601	123.017	38.934	0.367
796	692.547	49.243	121.984	39.088	0.36
797	703.16	49.14	125.425	38.825	0.358
798	694.267	48.573	122.475	38.666	0.348
799	678.486	48.733	120.296	38.508	0.36
800	697.458	48.959	122.093	38.377	0.352
801	690.599	48.852	122.632	38.842	0.353
802	693.724	48.906	121.619	38.51	0.35
803	695.367	48.532	123.49	38.523	0.346
804	704.792	49.508	122.866	39.0	0.368
805	692.944	49.222	122.381	39.003	0.367
806	702.675	49.704	124.862	39.287	0.367
807	705.165	48.991	124.95	38.911	0.368
808	691.782	48.918	122.136	39.205	0.36
809	705.527	48.816	125.115	38.738	0.352
810	698.603	49.521	125.06	39.017	0.372
811	696.222	49.436	122.047	38.958	0.364
812	699.198	49.366	123.841	39.042	0.368
813	697.952	48.544	122.519	38.805	0.352
814	699.672	49.258	120.841	39.271	0.363
815	691.491	49.058	123.105	38.665	0.359
816	689.944	49.219	122.948	38.833	0.365
817	692.966	48.462	123.326	38.524	0.342
818	697.124	49.338	123.283	38.931	0.371
819	704.025	48.979	123.697	39.008	0.369
820	712.238	49.479	127.742	39.456	0.373
821	683.627	48.365	120.097	38.578	0.348
822	709.164	49.156	127.375	39.075	0.357
823	698.978	49.054	123.145	38.617	0.351
824	702.516	49.554	125.483	38.991	0.363
825	693.508	49.416	122.058	38.951	0.369
826	704.979	48.672	124.83	38.856	0.342
827	709.051	49.991	126.979	39.725	0.388
828	704.132	49.056	125.682	38.98	0.357
829	699.324	49.427	124.418	39.136	0.369
830	690.098	49.172	121.94	38.759	0.366
831	691.827	49.639	122.055	38.772	0.377
832	697.545	48.73	124.486	38.706	0.359
833	692.877	49.88	121.997	39.171	0.374
834	705.871	49.032	124.646	38.594	0.356
835	698.77	49.306	123.438	39.034	0.367
836	679.699	48.757	120.865	38.693	0.366
837	697.883	48.975	123.748	38.886	0.361
838	697.505	49.624	123.615	39.413	0.365
839	697.103	48.88	124.007	39.121	0.355
840	695.822	48.319	122.049	38.617	0.351
841	700.906	49.373	123.372	38.718	0.362
842	698.261	49.163	123.906	39.144	0.361
843	700.734	49.361	125.4	39.184	0.369
844	685.088	48.55	121.303	38.159	0.361
845	701.074	48.407	125.415	38.398	0.345
846	684.75	49.007	121.381	38.833	0.356
847	693.196	48.746	124.425	38.583	0.348
848	705.88	49.62	125.9	39.385	0.366
849	684.011	48.838	120.107	38.551	0.371
850	690.937	49.198	122.099	38.791	0.357
851	689.937	48.74	121.981	38.752	0.363
852	688.409	49.284	121.975	38.992	0.373
853	693.068	48.839	122.665	38.547	0.359
854	700.584	48.645	125.466	38.642	0.353
855	698.067	49.515	123.484	39.052	0.369
856	692.819	49.53	122.619	39.298	0.368
857	700.315	48.976	123.515	39.086	0.356
858	706.502	49.104	123.784	38.833	0.359
859	686.608	48.945	123.538	38.982	0.357
860	697.803	49.502	124.047	38.997	0.362
861	694.641	49.377	122.414	39.079	0.362
862	686.795	49.404	122.268	38.744	0.37
863	695.607	49.152	124.796	38.981	0.374
864	696.982	47.786	125.161	38.199	0.341
865	704.982	49.95	125.689	39.22	0.371
866	696.873	48.543	124.508	38.713	0.35
867	696.183	48.461	124.475	38.544	0.36
868	687.875	49.414	122.944	39.305	0.367
869	698.808	48.433	123.092	38.6	0.348
870	704.526	49.268	126.253	39.362	0.364
871	706.125	49.335	124.029	39.04	0.355
872	686.008	49.354	122.333	38.76	0.364
873	690.136	48.331	120.791	38.621	0.349
874	688.506	48.547	120.902	38.335	0.349
875	685.483	49.684	119.56	38.979	0.377
876	687.566	48.848	121.707	39.033	0.366
877	695.86	48.02	123.632	38.106	0.342
878	695.861	49.265	123.345	39.055	0.363
879	697.991	49.023	124.234	38.865	0.364
880	700.909	49.575	125.209	39.001	0.365
881	692.507	49.308	122.496	38.974	0.371
882	698.759	48.726	122.528	38.824	0.355
883	693.447	48.544	124.084	38.102	0.348
884	675.044	48.243	117.703	38.397	0.353
885	684.582	49.134	121.164	38.912	0.377
886	696.324	49.357	123.692	38.528	0.373
887	688.788	48.8	121.808	38.792	0.361
888	705.105	49.167	124.431	38.808	0.354
889	697.436	48.859	124.433	38.504	0.357
890	692.836	48.734	121.899	38.79	0.357
891	692.384	48.113	122.306	38.449	0.344
892	698.558	49.701	124.448	39.245	0.374
893	689.745	48.792	121.915	38.749	0.349
894	683.653	48.806	122.415	38.29	0.364
895	698.125	49.322	122.563	38.94	0.361
896	705.471	49.569	124.826	39.071	0.361
897	689.291	49.306	122.56	38.822	0.369
898	700.665	49.202	122.955	38.848	0.364
899	691.714	48.814	120.515	38.321	0.355
900	696.89	48.609	124.4	38.794	0.35
901	699.749	49.772	123.113	38.836	0.363
902	689.552	48.256	121.106	38.738	0.355
903	689.378	49.094	122.546	38.952	0.362
904	689.062	48.081	121.516	38.645	0.352
905	692.945	49.559	122.124	39.25	0.37
906	690.89	48.346	122.021	38.278	0.349
907	699.913	48.727	124.651	38.605	0.348
908	694.375	48.452	121.118	38.574	0.358
909	700.056	49.555	123.148	39.035	0.369
910	681.704	48.536	117.909	38.072	0.368
911	692.872	49.024	122.874	38.723	0.374
912	689.31	48.419	123.052	38.17	0.361
913	697.079	49.45	122.37	38.767	0.366
914	689.698	48.734	121.018	38.776	0.355
915	697.373	49.13	122.027	38.552	0.366
916	709.093	49.083	124.73	38.76	0.367
917	706.117	49.396	124.724	39.01	0.362
918	700.808	49.017	124.406	38.763	0.37
919	683.64	48.319	120.857	38.372	0.354
920	690.091	48.52	121.898	38.542	0.356
921	704.184	49.011	123.838	38.978	0.356
922	704.632	49.368	123.932	39.158	0.366
923	696.188	49.134	122.127	38.798	0.367
924	696.833	49.836	122.243	38.949	0.382
925	702.419	50.181	125.495	39.319	0.368
926	696.941	49.134	124.191	38.949	0.357
927	682.851	47.888	121.439	38.211	0.339
928	704.166	49.008	125.387	38.897	0.355
929	693.856	49.175	121.782	38.171	0.368
930	689.066	49.245	121.494	38.604	0.357
931	703.929	48.806	124.515	39.04	0.364
932	706.975	48.804	125.245	38.944	0.351
933	693.327	48.237	123.487	38.442	0.347
934	691.371	48.999	123.196	38.627	0.364
935	695.669	49.449	123.186	39.032	0.362
936	694.011	48.228	121.264	38.366	0.338
937	696.547	48.856	122.771	38.953	0.368
938	698.694	48.756	124.376	38.944	0.347
939	701.496	49.335	123.365	38.979	0.359
940	695.165	49.224	122.759	38.648	0.37
941	705.415	50.308	124.812	39.116	0.374
942	705.373	49.738	123.746	39.263	0.372
943	690.872	48.535	122.006	38.026	0.356
944	700.501	49.71	123.703	39.308	0.366
945	700.245	49.699	125.399	39.361	0.374
946	701.898	49.129	124.867	38.883	0.374
947	690.991	48.858	121.876	38.57	0.353
948	693.29	48.735	121.803	38.528	0.361
949	704.007	49.003	124.018	38.344	0.368
950	697.35	49.022	123.515	39.107	0.36
951	705.954	49.905	125.657	39.539	0.368
952	700.093	49.556	123.492	38.765	0.369
953	690.143	49.586	123.675	39.067	0.37
954	683.936	49.169	121.199	38.661	0.352
955	696.893	49.145	123.333	38.851	0.361
956	694.617	49.55	123.269	38.981	0.366
957	701.734	49.166	125.663	38.995	0.363
958	699.7	49.018	124.336	38.714	0.365
959	695.453	48.772	122.851	38.934	0.36
960	692.763	50.155	121.016	39.393	0.375
961	701.649	49.1	124.721	38.963	0.357
962	695.631	49.217	123.009	39.175	0.372
963	692.006	49.672	122.255	39.129	0.376
964	686.975	48.164	121.601	38.168	0.356
965	679.358	48.421	121.472	38.114	0.358
966	706.726	49.298	124.591	38.522	0.358
967	691.643	49.298	121.745	39.183	0.365
968	699.27	48.574	126.333	39.119	0.355
969	700.654	49.053	122.598	38.583	0.368
970	693.781	49.738	124.141	39.217	0.369
971	693.742	49.532	123.985	39.144	0.381
972	692.781	49.027	123.429	38.664	0.365
973	701.187	50.02	124.073	39.311	0.373
974	688.608	49.038	122.624	38.859	0.368
975	702.431	48.917	123.35	38.741	0.358
976	689.825	48.4	122.155	38.387	0.359
977	700.857	49.468	123.616	39.222	0.366
978	700.4	48.809	123.105	38.946	0.358
979	696.517	48.999	121.469	38.862	0.358
980	701.054	49.292	122.497	39.091	0.364
981	705.032	49.417	124.425	38.648	0.368
982	685.184	49.153	120.875	38.908	0.365
983	694.749	48.371	123.159	38.886	0.348
984	706.743	49.593	125.006	39.349	0.365
985	692.624	49.658	122.127	39.032	0.362
986	704.501	49.148	124.886	39.028	0.371
987	694.168	48.912	123.252	38.416	0.358
988	709.679	49.506	125.192	38.987	0.36
989	702.315	49.637	122.103	38.958	0.36
990	688.673	49.217	121.408	38.964	0.367
991	693.869	48.491	121.807	38.164	0.35
992	686.573	49.041	121.566	38.851	0.359
993	694.98	49.291	122.613	38.921	0.361
994	687.841	48.554	121.875	38.349	0.36
995	675.755	48.902	120.433	38.756	0.369
996	695.663	49.992	121.274	38.966	0.38
997	687.492	49.072	120.609	38.874	0.363
998	692.728	48.341	123.907	38.529	0.348
999	693.643	49.444	122.621	38.889	0.369
1000	699.099	49.802	123.209	39.237	0.382
