Iteration	L1	L1 %	L2	L2 %	KL Divergence
1	97.549	8.661	27.589	4.199	0.031
2	94.881	8.299	26.071	3.92	0.03
3	93.166	8.366	25.002	3.914	0.031
4	88.237	7.914	23.359	3.612	0.031
5	89.204	7.965	24.473	3.741	0.03
6	86.833	7.747	22.047	3.488	0.03
7	93.397	8.145	24.42	3.678	0.031
8	90.367	8.045	23.857	3.64	0.032
9	94.121	8.356	26.103	3.919	0.03
10	94.967	8.558	26.117	4.226	0.03
11	92.7	8.146	25.397	3.82	0.03
12	91.631	8.242	24.908	3.846	0.031
13	88.122	7.892	23.641	3.587	0.031
14	88.009	7.831	22.642	3.509	0.031
15	92.211	8.092	23.73	3.578	0.031
16	92.889	8.22	25.567	3.83	0.03
17	85.411	7.657	21.483	3.297	0.031
18	90.124	7.982	23.898	3.596	0.03
19	94.633	8.432	26.305	4.006	0.031
20	88.038	7.874	22.304	3.462	0.031
21	89.693	8.017	23.663	3.708	0.03
22	93.46	8.227	25.534	3.829	0.031
23	94.132	8.281	26.021	3.943	0.031
24	94.447	8.392	25.805	3.923	0.031
25	92.273	8.234	24.176	3.704	0.031
26	95.288	8.481	25.337	3.92	0.032
27	92.806	8.254	24.948	3.757	0.033
28	97.846	8.534	27.23	4.057	0.031
29	91.535	7.964	24.181	3.558	0.031
30	87.393	7.758	22.09	3.396	0.031
31	94.921	8.399	27.138	4.15	0.03
32	89.308	7.897	24.169	3.651	0.03
33	87.017	7.797	22.01	3.464	0.031
34	94.319	8.311	26.028	3.933	0.031
35	88.102	7.819	22.645	3.477	0.03
36	93.597	8.307	25.657	3.92	0.031
37	90.919	8.095	23.376	3.629	0.032
38	91.452	8.103	23.826	3.586	0.031
39	90.439	8.187	24.141	3.86	0.031
40	99.01	8.867	28.352	4.304	0.032
41	90.909	8.126	24.062	3.829	0.03
42	91.883	8.2	24.463	3.806	0.031
43	87.734	7.9	22.377	3.567	0.032
44	94.351	8.352	26.031	3.927	0.032
45	92.559	8.311	25.27	3.981	0.031
46	92.079	8.196	24.564	3.82	0.031
47	91.836	8.241	24.425	3.801	0.032
48	102.059	8.978	28.83	4.338	0.033
49	87.794	7.84	23.053	3.536	0.031
50	90.518	8.12	24.134	3.811	0.03
51	88.984	7.839	23.138	3.53	0.03
52	93.603	8.309	25.044	3.862	0.031
53	93.358	8.345	23.354	3.691	0.032
54	93.876	8.219	25.611	3.817	0.031
55	92.337	8.136	24.452	3.639	0.032
56	91.572	8.137	24.871	3.732	0.031
57	89.566	8.023	24.189	3.791	0.03
58	91.485	8.075	24.595	3.721	0.031
59	97.11	8.781	27.418	4.259	0.032
60	87.702	7.705	23.163	3.435	0.031
61	90.822	8.057	23.975	3.654	0.031
62	91.522	8.184	24.254	3.77	0.032
63	95.727	8.422	26.339	3.953	0.032
64	93.143	8.188	25.054	3.769	0.031
65	92.848	8.269	25.568	3.968	0.032
66	94.202	8.489	25.975	4.017	0.032
67	91.738	8.233	25.19	3.959	0.031
68	91.064	8.08	24.796	3.748	0.03
69	94.584	8.42	24.961	3.834	0.032
70	90.012	7.963	23.644	3.591	0.031
71	89.587	7.905	22.8	3.455	0.031
72	92.419	8.276	25.685	3.964	0.029
73	94.009	8.521	25.294	4.019	0.032
74	97.85	8.662	27.725	4.199	0.031
75	86.559	7.733	22.005	3.383	0.032
76	91.353	8.14	25.214	3.844	0.031
77	92.353	8.218	25.149	3.881	0.031
78	93.895	8.365	26.022	3.984	0.031
79	89.985	7.894	23.9	3.566	0.031
80	94.212	8.408	25.86	4.047	0.032
81	90.561	8.145	23.303	3.709	0.031
82	88.618	7.849	23.411	3.524	0.03
83	90.96	7.986	24.009	3.561	0.031
84	97.154	8.624	27.726	4.209	0.031
85	93.805	8.468	25.758	4.077	0.031
86	93.014	8.396	25.31	3.973	0.031
87	95.696	8.671	26.762	4.216	0.032
88	92.895	8.242	24.794	3.771	0.032
89	100.947	8.957	28.189	4.273	0.033
90	89.213	7.901	22.533	3.506	0.03
91	86.871	7.813	21.714	3.405	0.031
92	92.966	8.267	25.788	3.92	0.031
93	98.375	8.688	27.752	4.187	0.03
94	89.737	8.004	23.996	3.73	0.031
95	91.272	8.264	25.113	4.009	0.031
96	91.105	8.147	24.408	3.822	0.031
97	87.345	7.866	22.68	3.532	0.031
98	93.69	8.279	26.058	3.939	0.031
99	92.954	8.304	25.118	3.846	0.033
100	88.995	7.894	22.922	3.518	0.031
101	88.659	7.723	23.505	3.479	0.03
102	90.06	7.95	23.193	3.525	0.031
103	94.18	8.306	26.008	3.91	0.03
104	90.569	8.087	24.763	3.791	0.031
105	90.765	8.001	23.916	3.663	0.031
106	94.491	8.276	26.169	3.914	0.03
107	93.229	8.309	25.325	3.926	0.032
108	88.506	7.887	23.614	3.627	0.03
109	89.779	7.89	23.593	3.574	0.03
110	95.447	8.51	26.137	4.013	0.032
111	92.398	8.21	24.442	3.695	0.032
112	88.91	7.986	22.176	3.465	0.032
113	90.588	7.938	22.818	3.44	0.033
114	98.592	8.752	29.032	4.376	0.031
115	92.328	8.079	24.748	3.713	0.03
116	89.054	8.119	24.011	3.811	0.031
117	94.917	8.402	26.29	3.978	0.031
118	93.187	8.343	24.783	3.824	0.032
119	85.778	7.483	21.779	3.203	0.03
120	92.737	8.261	25.049	3.871	0.032
121	89.634	7.971	23.425	3.651	0.031
122	89.26	8.045	23.955	3.749	0.03
123	90.67	8.042	23.776	3.562	0.031
124	99.183	8.896	28.384	4.436	0.033
125	91.328	8.075	24.536	3.766	0.03
126	87.611	7.75	23.002	3.512	0.03
127	93.804	8.275	25.197	3.801	0.032
128	88.672	7.961	23.082	3.604	0.03
129	94.064	8.29	25.772	3.916	0.031
130	90.694	8.022	25.109	3.788	0.03
131	92.286	8.198	25.261	3.819	0.031
132	91.076	8.1	24.49	3.837	0.031
133	94.798	8.405	25.06	3.869	0.032
134	91.222	8.253	24.24	3.835	0.032
135	86.277	7.747	21.744	3.382	0.031
136	90.906	7.944	24.284	3.633	0.03
137	89.962	7.893	24.392	3.628	0.03
138	90.954	8.029	24.281	3.626	0.031
139	91.815	8.05	23.391	3.503	0.032
140	90.528	7.97	24.051	3.617	0.03
141	90.86	8.064	24.586	3.745	0.03
142	91.521	8.171	25.406	3.806	0.032
143	92.424	8.241	24.445	3.73	0.032
144	90.504	7.984	23.946	3.647	0.032
145	92.211	8.178	24.406	3.73	0.032
146	92.084	8.154	26.426	3.995	0.031
147	91.929	8.171	24.367	3.679	0.031
148	89.884	8.003	23.72	3.703	0.03
149	95.853	8.599	26.431	4.14	0.032
150	90.154	8.107	23.991	3.781	0.03
151	88.047	7.698	23.613	3.467	0.03
152	92.259	8.368	25.319	4.002	0.032
153	95.931	8.513	26.82	4.136	0.032
154	93.889	8.129	25.241	3.666	0.03
155	88.79	7.812	23.161	3.487	0.03
156	88.802	7.906	23.712	3.669	0.031
157	88.025	7.788	22.952	3.505	0.03
158	90.051	7.942	24.158	3.655	0.031
159	98.695	8.802	27.842	4.317	0.032
160	94.873	8.37	25.571	3.894	0.032
161	87.27	7.816	21.639	3.369	0.032
162	89.499	8.001	23.588	3.588	0.031
163	88.595	7.965	23.028	3.536	0.031
164	90.87	8.086	23.898	3.673	0.032
165	91.152	7.941	24.624	3.658	0.03
166	93.445	8.309	24.727	3.79	0.033
167	88.511	7.869	22.909	3.495	0.03
168	91.605	8.142	23.973	3.706	0.031
169	89.396	8.084	23.137	3.662	0.031
170	87.484	7.846	23.54	3.617	0.03
171	98.697	8.855	27.008	4.24	0.033
172	95.951	8.37	26.964	4.031	0.031
173	93.355	8.346	24.98	3.863	0.031
174	93.944	8.345	26.47	4.011	0.031
175	94.314	8.343	25.324	3.811	0.031
176	88.188	7.819	23.185	3.551	0.03
177	92.168	8.124	24.644	3.709	0.031
178	92.077	8.245	25.393	3.948	0.03
179	97.176	8.543	26.617	4.008	0.032
180	97.345	8.887	27.082	4.353	0.033
181	94.602	8.221	26.37	3.894	0.031
182	92.87	8.499	25.172	4.1	0.032
183	91.642	8.156	23.897	3.679	0.031
184	91.925	8.147	24.67	3.707	0.031
185	90.553	8.049	23.908	3.649	0.031
186	90.945	8.003	23.645	3.571	0.031
187	88.63	7.929	22.961	3.592	0.03
188	88.154	7.81	23.157	3.545	0.031
189	89.817	7.966	23.613	3.644	0.03
190	91.752	7.985	24.242	3.61	0.03
191	85.332	7.557	21.156	3.248	0.03
192	89.191	7.89	23.247	3.538	0.031
193	93.939	8.412	25.583	3.944	0.031
194	94.009	8.312	25.093	3.804	0.032
195	92.099	8.186	24.903	3.809	0.03
196	92.82	8.274	23.911	3.733	0.033
197	93.384	8.463	25.067	3.984	0.032
198	93.191	8.348	25.454	3.918	0.031
199	94.544	8.528	24.791	3.951	0.033
200	86.504	7.704	21.517	3.326	0.031
201	93.306	8.445	24.9	3.986	0.033
202	88.095	7.748	22.284	3.362	0.031
203	91.755	7.981	24.917	3.726	0.029
204	90.339	8.124	23.308	3.708	0.031
205	85.537	7.612	21.522	3.311	0.031
206	89.625	7.973	23.456	3.666	0.031
207	93.827	8.249	25.578	3.848	0.03
208	89.302	7.914	23.9	3.704	0.03
209	90.898	8.066	24.382	3.686	0.031
210	91.908	8.277	25.162	3.949	0.031
211	92.114	8.292	24.307	3.802	0.032
212	92.992	8.245	25.277	3.877	0.03
213	86.947	7.798	22.997	3.533	0.031
214	88.02	7.748	22.699	3.409	0.03
215	91.761	8.334	25.441	4.088	0.03
216	96.7	8.51	26.545	4.051	0.031
217	92.523	8.256	25.627	3.94	0.031
218	94.226	8.384	26.424	4.047	0.031
219	97.336	8.499	27.681	4.128	0.03
220	93.908	8.263	25.145	3.857	0.031
221	91.887	8.1	24.544	3.659	0.032
222	88.241	7.896	22.923	3.597	0.03
223	93.042	8.248	25.011	3.818	0.031
224	92.309	8.124	25.309	3.756	0.031
225	97.505	8.577	26.908	4.045	0.031
226	95.167	8.45	26.21	4.007	0.032
227	94.262	8.321	25.732	3.928	0.03
228	89.575	7.957	21.891	3.396	0.032
229	98.707	8.857	28.26	4.475	0.03
230	92.803	8.28	25.3	3.781	0.032
231	97.152	8.499	27.357	4.031	0.031
232	91.781	8.162	24.042	3.685	0.032
233	92.327	8.16	24.783	3.761	0.031
234	90.697	8.075	24.263	3.726	0.03
235	91.776	8.318	25.105	3.953	0.03
236	91.063	8.099	24.692	3.743	0.03
237	95.158	8.284	26.505	3.865	0.03
238	91.191	8.111	24.334	3.71	0.03
239	92.892	8.273	25.725	3.932	0.032
240	96.857	8.503	27.466	4.057	0.032
241	89.867	7.941	23.078	3.534	0.032
242	91.337	8.159	24.488	3.821	0.031
243	93.304	8.238	24.803	3.794	0.031
244	91.193	8.127	23.908	3.696	0.032
245	89.158	7.976	23.819	3.719	0.03
246	89.812	7.945	23.823	3.566	0.032
247	90.42	7.906	23.517	3.478	0.031
248	89.151	7.881	22.963	3.54	0.029
249	90.226	7.935	23.965	3.597	0.03
250	83.713	7.299	20.517	3.122	0.03
251	92.564	8.166	25.241	3.823	0.032
252	92.147	8.225	24.167	3.764	0.032
253	92.655	8.204	24.753	3.774	0.031
254	87.996	7.855	22.346	3.456	0.031
255	90.288	8.053	23.276	3.586	0.032
256	92.428	8.098	24.068	3.613	0.032
257	89.848	7.964	23.848	3.601	0.031
258	95.565	8.54	27.029	4.181	0.031
259	87.65	7.726	22.707	3.451	0.03
260	94.106	8.276	26.169	3.939	0.029
261	99.103	8.824	27.965	4.288	0.033
262	84.128	7.438	21.198	3.174	0.029
263	88.439	7.874	23.384	3.563	0.03
264	92.469	8.261	24.863	3.816	0.032
265	94.543	8.501	26.425	4.127	0.031
266	93.222	8.341	25.752	3.914	0.032
267	92.241	8.046	24.209	3.662	0.031
268	93.788	8.327	26.101	3.971	0.031
269	86.914	7.778	21.769	3.437	0.031
270	93.759	8.497	24.864	3.879	0.032
271	94.973	8.311	25.514	3.78	0.032
272	97.014	8.71	27.182	4.176	0.032
273	97.086	8.661	28.481	4.327	0.031
274	89.724	7.876	23.512	3.535	0.031
275	95.857	8.655	26.474	4.21	0.032
276	92.538	8.19	24.827	3.817	0.03
277	95.144	8.321	26.196	3.889	0.031
278	93.917	8.367	25.181	3.829	0.032
279	95.978	8.379	26.282	3.947	0.032
280	93.927	8.354	26.078	3.983	0.032
281	90.077	7.947	23.752	3.578	0.031
282	89.533	7.934	22.974	3.569	0.03
283	94.071	8.304	26.204	3.986	0.03
284	92.722	8.221	23.702	3.667	0.032
285	85.777	7.61	20.993	3.212	0.032
286	88.736	7.876	21.68	3.347	0.032
287	89.931	8.013	23.871	3.648	0.03
288	94.795	8.48	25.064	3.946	0.031
289	90.006	7.954	23.36	3.5	0.031
290	87.437	7.835	21.704	3.341	0.032
291	88.88	7.899	22.853	3.491	0.031
292	95.334	8.518	25.648	3.904	0.033
293	92.881	8.253	25.23	3.849	0.031
294	93.058	8.35	25.359	3.978	0.031
295	97.023	8.557	27.118	4.05	0.031
296	86.771	7.702	21.51	3.295	0.031
297	94.471	8.339	25.457	3.924	0.032
298	93.387	8.222	24.982	3.794	0.032
299	88.824	7.804	22.205	3.369	0.032
300	93.631	8.304	25.653	3.882	0.032
301	91.32	8.108	24.782	3.75	0.031
302	93.102	8.278	24.554	3.745	0.033
303	94.515	8.369	25.72	3.913	0.032
304	89.529	7.792	23.734	3.486	0.029
305	91.342	8.006	23.828	3.581	0.03
306	92.188	8.279	24.607	3.839	0.031
307	93.213	8.348	25.011	3.82	0.033
308	92.435	8.203	24.468	3.807	0.031
309	91.237	8.091	23.951	3.662	0.031
310	86.555	7.727	22.22	3.47	0.031
311	88.031	7.78	22.62	3.39	0.031
312	87.339	7.839	22.574	3.501	0.031
313	88.072	7.812	22.521	3.523	0.031
314	91.427	8.155	24.758	3.847	0.03
315	94.834	8.422	25.735	3.852	0.031
316	86.576	7.832	22.051	3.5	0.032
317	84.908	7.476	20.536	3.117	0.031
318	95.373	8.648	25.857	4.098	0.034
319	80.011	7.074	19.353	2.962	0.029
320	94.22	8.359	26.327	4.009	0.031
321	89.891	7.897	23.231	3.517	0.03
322	91.724	8.191	24.291	3.772	0.032
323	92.629	8.283	25.149	3.899	0.032
324	92.529	8.322	25.375	4.031	0.03
325	92.248	8.189	24.451	3.801	0.032
326	89.055	7.842	23.456	3.554	0.031
327	92.36	8.25	24.946	3.844	0.03
328	90.698	7.961	24.218	3.619	0.031
329	90.693	8.071	24.23	3.692	0.031
330	91.146	8.185	24.255	3.827	0.03
331	84.064	7.489	21.377	3.307	0.029
332	82.024	7.326	19.367	3.057	0.031
333	91.148	8.071	23.928	3.652	0.032
334	96.958	8.684	26.954	4.217	0.031
335	88.328	7.942	23.63	3.663	0.03
336	88.873	8.049	23.52	3.761	0.03
337	92.276	8.173	24.917	3.825	0.03
338	97.465	8.525	27.43	4.113	0.031
339	96.001	8.665	27.09	4.241	0.031
340	88.974	7.851	24.068	3.647	0.03
341	96.554	8.662	26.291	4.074	0.032
342	96.368	8.707	27.241	4.285	0.032
343	89.466	7.994	22.728	3.54	0.032
344	89.079	7.998	22.889	3.64	0.032
345	84.078	7.515	21.589	3.323	0.03
346	85.656	7.713	21.099	3.332	0.031
347	97.983	8.74	28.177	4.32	0.031
348	86.488	7.702	22.313	3.467	0.031
349	89.743	8.116	23.798	3.77	0.031
350	97.311	8.735	25.642	4.07	0.033
351	94.563	8.442	25.957	3.99	0.03
352	97.174	8.677	28.452	4.391	0.031
353	91.359	8.286	24.031	3.756	0.032
354	81.92	7.33	20.556	3.14	0.03
355	88.944	7.897	23.254	3.605	0.03
356	92.432	8.239	24.308	3.798	0.032
357	90.414	8.086	23.198	3.655	0.032
358	90.747	8.175	23.971	3.769	0.032
359	90.911	8.072	24.802	3.762	0.031
360	96.601	8.61	25.537	3.977	0.032
361	93.087	8.399	25.038	3.944	0.032
362	86.879	7.767	22.588	3.492	0.03
363	93.967	8.263	26.058	3.964	0.03
364	99.359	8.71	27.806	4.113	0.032
365	90.302	8.115	23.775	3.749	0.031
366	95.178	8.355	27.566	4.063	0.031
367	91.451	8.162	24.989	3.813	0.03
368	92.323	8.308	25.08	3.921	0.031
369	87.565	7.818	23.072	3.527	0.031
370	88.994	7.823	23.061	3.376	0.032
371	98.626	8.778	27.481	4.229	0.033
372	93.821	8.461	25.851	4.154	0.031
373	92.39	8.261	25.108	3.826	0.032
374	89.157	7.938	23.204	3.592	0.031
375	96.629	8.593	26.516	4.029	0.032
376	93.325	8.143	26.562	3.913	0.029
377	88.253	7.744	22.315	3.404	0.03
378	97.263	8.808	27.239	4.289	0.031
379	87.616	7.654	22.042	3.337	0.031
380	87.422	7.75	21.491	3.296	0.031
381	90.288	8.048	22.942	3.566	0.032
382	94.695	8.415	26.567	4.032	0.031
383	92.369	8.091	25.376	3.764	0.032
384	93.768	8.375	25.477	3.933	0.031
385	95.326	8.313	26.932	3.98	0.03
386	96.244	8.648	25.97	4.033	0.032
387	94.546	8.548	26.212	4.209	0.032
388	86.605	7.756	21.979	3.496	0.031
389	85.471	7.712	22.08	3.572	0.029
390	91.645	8.166	25.347	3.871	0.031
391	91.357	7.976	24.405	3.617	0.03
392	89.785	7.934	22.785	3.479	0.031
393	89.124	7.895	23.086	3.514	0.031
394	88.276	7.88	22.509	3.53	0.031
395	91.385	8.055	25.234	3.776	0.03
396	93.219	8.368	25.681	3.954	0.031
397	92.071	8.194	24.826	3.785	0.031
398	93.228	8.15	25.343	3.77	0.03
399	95.41	8.395	25.862	3.903	0.032
400	89.962	7.959	23.19	3.589	0.031
401	89.966	7.975	24.127	3.693	0.03
402	93.293	8.28	25.723	3.94	0.031
403	87.263	7.746	21.076	3.26	0.031
404	90.295	8.106	23.444	3.647	0.031
405	89.042	7.729	23.521	3.464	0.03
406	91.727	8.054	24.315	3.683	0.031
407	92.112	8.341	25.947	4.14	0.031
408	86.22	7.617	21.226	3.214	0.032
409	91.621	8.215	24.238	3.75	0.032
410	93.719	8.378	25.857	4.023	0.031
411	87.896	7.651	23.202	3.472	0.03
412	93.77	8.275	25.378	3.849	0.032
413	96.563	8.672	27.383	4.341	0.031
414	96.368	8.288	25.927	3.764	0.032
415	98.572	8.778	27.633	4.284	0.032
416	95.342	8.533	27.23	4.225	0.031
417	94.517	8.391	26.18	4.054	0.03
418	91.839	8.16	23.907	3.688	0.032
419	85.838	7.64	22.015	3.385	0.03
420	88.465	7.981	23.336	3.702	0.031
421	92.324	8.086	24.536	3.715	0.03
422	92.276	8.123	25.771	3.876	0.029
423	91.34	8.223	24.591	3.791	0.032
424	92.464	8.281	24.594	3.833	0.032
425	91.941	8.052	24.156	3.647	0.031
426	95.41	8.438	25.463	3.89	0.032
427	79.456	6.971	18.01	2.736	0.032
428	96.554	8.557	26.702	4.002	0.033
429	88.385	7.886	23.254	3.634	0.03
430	92.688	8.262	24.56	3.846	0.031
431	91.352	7.975	24.486	3.603	0.03
432	87.692	7.841	22.197	3.499	0.031
433	92.473	8.05	24.488	3.586	0.031
434	89.848	7.934	23.377	3.621	0.03
435	91.552	8.098	24.218	3.688	0.031
436	92.572	8.295	24.361	3.737	0.033
437	92.138	8.29	24.318	3.857	0.031
438	94.787	8.508	25.402	3.952	0.032
439	89.74	7.924	23.615	3.557	0.031
440	95.823	8.607	25.817	4.058	0.032
441	89.574	7.925	23.438	3.609	0.03
442	84.728	7.502	20.835	3.166	0.03
443	92.828	8.273	26.272	3.988	0.03
444	85.483	7.641	20.842	3.251	0.03
445	88.503	7.896	22.985	3.566	0.031
446	88.769	7.793	22.457	3.397	0.03
447	98.618	8.781	27.603	4.207	0.031
448	91.694	7.994	24.853	3.69	0.031
449	93.113	8.288	25.405	3.88	0.032
450	92.015	8.272	24.435	3.78	0.031
451	89.214	7.952	23.01	3.582	0.031
452	91.257	8.166	24.04	3.75	0.031
453	92.97	8.313	24.991	3.897	0.03
454	96.348	8.582	26.423	4.097	0.032
455	93.651	8.365	24.837	3.853	0.032
456	88.981	8.042	22.282	3.5	0.032
457	98.189	8.663	26.693	4.062	0.032
458	93.579	8.417	26.293	4.06	0.031
459	93.31	8.334	24.581	3.76	0.033
460	88.231	7.786	23.2	3.484	0.03
461	94.569	8.275	25.491	3.793	0.032
462	91.293	8.036	24.694	3.68	0.03
463	96.238	8.504	26.429	3.974	0.032
464	93.953	8.183	26.081	3.822	0.03
465	92.355	8.3	24.687	3.869	0.031
466	94.411	8.284	25.633	3.856	0.03
467	87.83	7.684	24.039	3.598	0.029
468	98.032	8.692	28.055	4.314	0.032
469	90.248	8.149	23.973	3.776	0.031
470	89.002	7.803	23.314	3.511	0.03
471	97.599	8.494	27.657	4.129	0.032
472	89.821	8.046	24.189	3.791	0.03
473	91.58	8.191	24.813	3.818	0.031
474	91.218	8.28	24.316	3.871	0.031
475	88.003	7.825	22.481	3.488	0.031
476	89.301	7.872	23.97	3.612	0.029
477	90.412	7.855	24.353	3.544	0.03
478	92.914	8.274	24.298	3.749	0.031
479	93.524	8.315	25.615	3.981	0.031
480	88.424	7.805	21.914	3.359	0.031
481	89.727	8.011	23.686	3.659	0.03
482	94.623	8.277	25.861	3.862	0.031
483	94.191	8.443	25.563	3.975	0.032
484	94.824	8.468	25.869	4.026	0.031
485	92.423	8.064	24.383	3.602	0.031
486	88.883	7.845	23.062	3.5	0.031
487	87.596	7.81	22.112	3.501	0.031
488	92.663	8.395	24.288	3.843	0.033
489	94.144	8.342	26.096	3.928	0.031
490	88.694	7.827	24.088	3.684	0.029
491	88.315	7.901	22.8	3.567	0.031
492	86.241	7.67	22.114	3.464	0.03
493	93.86	8.237	24.993	3.744	0.031
494	96.485	8.588	27.042	4.088	0.032
495	93.121	8.065	24.595	3.624	0.03
496	91.619	8.073	24.1	3.58	0.032
497	94.125	8.369	25.58	3.868	0.032
498	92.575	8.209	23.916	3.63	0.032
499	90.285	7.914	24.141	3.571	0.031
500	92.484	8.221	24.644	3.817	0.031
501	92.961	8.353	24.709	3.93	0.031
502	93.744	8.235	26.209	3.88	0.03
503	94.95	8.52	26.337	4.028	0.031
504	92.677	8.213	25.057	3.804	0.031
505	90.303	8.086	23.234	3.685	0.031
506	92.378	8.089	24.744	3.689	0.031
507	93.073	8.328	26.141	4.069	0.03
508	96.422	8.51	27.28	4.093	0.031
509	88.662	7.835	23.543	3.541	0.03
510	88.099	7.697	22.788	3.394	0.03
511	93.901	8.368	24.682	3.808	0.032
512	92.704	8.283	25.513	3.892	0.031
513	90.906	8.138	24.738	3.872	0.03
514	92.465	8.288	24.997	3.891	0.031
515	94.142	8.199	25.27	3.702	0.031
516	88.738	7.856	23.172	3.481	0.031
517	92.583	8.293	24.345	3.816	0.032
518	88.899	7.871	22.715	3.486	0.03
519	91.738	8.222	24.162	3.758	0.032
520	93.458	8.352	26.221	4.017	0.031
521	86.512	7.68	22.403	3.504	0.029
522	93.573	8.403	25.06	3.942	0.032
523	88.889	7.988	22.892	3.618	0.03
524	94.113	8.367	25.315	3.897	0.031
525	92.398	8.09	24.422	3.632	0.032
526	85.781	7.586	21.503	3.294	0.03
527	88.401	7.887	22.662	3.524	0.031
528	91.891	8.229	25.495	3.963	0.03
529	91.353	8.147	24.525	3.819	0.031
530	92.387	8.23	24.193	3.716	0.033
531	91.388	8.135	24.585	3.715	0.031
532	88.703	7.886	22.555	3.497	0.031
533	87.477	7.801	22.761	3.552	0.03
534	88.511	7.972	23.186	3.64	0.031
535	95.367	8.589	26.559	4.271	0.03
536	84.795	7.673	21.387	3.369	0.031
537	88.219	7.8	23.4	3.521	0.031
538	89.378	7.977	23.004	3.606	0.03
539	97.06	8.692	26.801	4.162	0.032
540	95.495	8.453	25.807	3.898	0.033
541	93.216	8.309	25.988	3.91	0.032
542	89.139	8.069	23.087	3.653	0.031
543	93.982	8.284	26.048	3.97	0.03
544	87.721	7.775	23.65	3.574	0.03
545	87.505	7.745	22.283	3.38	0.03
546	95.154	8.471	25.223	3.9	0.031
547	88.318	7.905	23.651	3.717	0.029
548	85.657	7.645	22.791	3.491	0.03
549	87.273	7.797	22.119	3.407	0.032
550	100.872	9.079	27.915	4.405	0.033
551	90.763	7.96	24.153	3.633	0.03
552	91.544	8.145	25.305	3.86	0.031
553	97.735	8.688	26.805	4.081	0.032
554	94.178	8.426	25.496	3.941	0.032
555	88.942	7.815	22.434	3.376	0.03
556	89.296	7.847	22.859	3.455	0.032
557	93.042	8.174	24.628	3.715	0.032
558	90.724	8.071	24.788	3.786	0.03
559	92.68	8.371	25.606	4.077	0.029
560	85.702	7.542	22.438	3.376	0.029
561	90.032	7.989	23.528	3.544	0.031
562	90.867	8.241	23.597	3.761	0.032
563	92.464	8.222	24.443	3.701	0.031
564	95.245	8.581	26.443	4.194	0.031
565	86.747	7.687	21.224	3.306	0.031
566	93.369	8.26	24.821	3.812	0.032
567	96.391	8.705	25.801	4.049	0.032
568	92.815	8.138	24.946	3.762	0.032
569	89.93	8.012	23.564	3.642	0.031
570	94.298	8.274	25.218	3.774	0.032
571	91.855	8.032	23.789	3.564	0.031
572	94.031	8.377	25.45	3.902	0.033
573	87.153	7.663	22.196	3.339	0.029
574	94.705	8.405	25.647	3.91	0.031
575	88.065	7.705	23.184	3.478	0.03
576	90.326	7.988	24.188	3.637	0.031
577	84.782	7.504	20.648	3.145	0.031
578	90.875	7.926	24.479	3.583	0.031
579	87.885	7.744	23.639	3.546	0.029
580	96.357	8.596	26.719	4.098	0.032
581	91.105	8.01	23.779	3.559	0.031
582	96.305	8.356	26.487	3.918	0.031
583	95.401	8.326	26.723	3.942	0.03
584	93.417	8.36	25.132	3.914	0.031
585	96.96	8.569	26.756	4.084	0.032
586	91.32	8.262	25.426	4.024	0.03
587	88.312	7.779	21.796	3.262	0.033
588	91.597	8.292	25.146	4.017	0.031
589	95.49	8.401	26.238	4.017	0.031
590	96.062	8.462	27.244	4.087	0.031
591	91.42	8.21	24.939	3.883	0.03
592	91.774	8.108	24.477	3.724	0.032
593	89.534	7.9	23.601	3.564	0.031
594	93.049	8.13	24.779	3.695	0.031
595	87.636	7.848	22.2	3.462	0.031
596	91.359	8.086	23.69	3.602	0.032
597	89.918	7.995	23.668	3.659	0.031
598	93.748	8.339	25.345	3.844	0.031
599	93.211	8.293	25.403	3.911	0.031
600	92.254	8.211	25.422	3.884	0.031
601	91.196	7.969	24.786	3.678	0.03
602	88.785	7.935	23.613	3.658	0.03
603	89.174	7.892	22.758	3.432	0.032
604	94.034	8.382	26.026	4.038	0.03
605	94.464	8.384	26.24	4.112	0.031
606	93.532	8.304	25.739	3.96	0.031
607	88.994	7.874	23.315	3.583	0.031
608	94.975	8.565	26.397	4.155	0.033
609	90.457	8.039	23.414	3.579	0.032
610	93.084	8.276	24.537	3.769	0.033
611	89.735	7.889	23.389	3.549	0.03
612	95.381	8.485	26.52	4.064	0.032
613	95.402	8.424	25.473	3.908	0.032
614	96.112	8.708	26.598	4.178	0.033
615	96.042	8.552	26.481	3.984	0.031
616	94.433	8.368	25.798	3.936	0.031
617	92.116	8.226	24.283	3.773	0.031
618	90.745	8.323	25.319	4.087	0.03
619	90.13	8.056	23.708	3.682	0.03
620	91.51	8.068	23.856	3.651	0.031
621	89.534	7.986	23.538	3.66	0.031
622	93.367	8.228	25.808	3.837	0.032
623	87.949	7.799	23.351	3.517	0.03
624	93.312	8.356	25.083	3.827	0.032
625	92.244	8.355	24.674	3.839	0.033
626	91.758	8.021	23.656	3.495	0.031
627	90.663	8.091	23.897	3.705	0.032
628	96.054	8.592	26.994	4.219	0.032
629	92.343	8.22	24.896	3.82	0.031
630	83.656	7.438	20.659	3.153	0.03
631	91.706	8.172	24.67	3.871	0.03
632	83.69	7.383	20.858	3.156	0.03
633	93.362	8.204	25.213	3.754	0.031
634	87.826	7.75	23.641	3.545	0.029
635	89.596	7.881	24.052	3.607	0.03
636	94.432	8.386	25.591	3.86	0.032
637	91.278	8.052	24.735	3.729	0.031
638	91.889	8.255	24.149	3.784	0.033
639	92.136	8.297	24.717	3.857	0.032
640	90.717	8.078	24.382	3.728	0.031
641	96.206	8.512	26.642	4.054	0.032
642	87.959	7.721	22.296	3.358	0.031
643	93.429	8.197	25.083	3.769	0.031
644	84.229	7.651	20.546	3.318	0.033
645	91.33	8.102	24.478	3.767	0.031
646	89.365	7.898	23.454	3.563	0.03
647	89.162	7.807	23.807	3.534	0.031
648	84.861	7.582	21.31	3.272	0.031
649	87.691	7.808	23.239	3.59	0.03
650	91.627	8.297	24.911	3.921	0.031
651	90.116	7.951	23.465	3.514	0.032
652	91.051	8.016	24.339	3.64	0.031
653	89.234	8.03	24.104	3.72	0.03
654	90.627	8.179	24.69	3.82	0.032
655	92.999	8.231	25.47	3.829	0.031
656	96.973	8.529	27.685	4.131	0.031
657	96.078	8.703	26.275	4.199	0.033
658	87.876	7.807	22.027	3.407	0.032
659	86.599	7.655	22.047	3.329	0.03
660	90.019	8.104	24.114	3.756	0.031
661	91.155	8.163	24.755	3.78	0.031
662	91.576	8.279	25.293	4.01	0.031
663	88.835	7.844	23.327	3.535	0.031
664	86.633	7.76	22.342	3.482	0.031
665	94.846	8.403	26.293	4.018	0.031
666	84.475	7.543	21.209	3.292	0.03
667	81.07	7.259	20.132	3.173	0.029
668	100.017	8.747	27.602	4.177	0.032
669	92.719	8.253	24.202	3.691	0.032
670	100.008	9.007	28.705	4.493	0.032
671	92.314	8.104	24.539	3.637	0.031
672	91.691	8.18	24.761	3.813	0.031
673	87.884	7.744	23.212	3.537	0.03
674	92.562	8.389	25.632	4.081	0.031
675	94.929	8.35	25.745	3.861	0.032
676	93.977	8.377	25.54	3.912	0.032
677	90.605	8.109	23.587	3.624	0.031
678	87.035	7.958	22.943	3.698	0.03
679	91.547	8.044	24.149	3.609	0.031
680	95.092	8.455	26.108	4.055	0.031
681	92.278	8.16	23.928	3.643	0.032
682	89.433	7.981	23.464	3.615	0.031
683	84.995	7.634	21.22	3.395	0.03
684	89.874	8.011	23.602	3.641	0.031
685	91.599	8.185	25.092	3.835	0.031
686	92.856	8.303	25.636	3.931	0.031
687	88.05	8.004	22.678	3.628	0.031
688	88.971	7.828	24.089	3.596	0.03
689	93.302	8.262	25.8	3.908	0.03
690	91.831	8.222	25.891	4.014	0.03
691	88.985	7.851	23.219	3.486	0.03
692	92.359	8.127	25.237	3.855	0.029
693	95.594	8.426	26.084	3.943	0.032
694	91.253	8.154	24.066	3.736	0.031
695	93.224	8.302	25.5	3.875	0.031
696	92.035	7.949	25.001	3.621	0.03
697	87.583	7.711	22.974	3.433	0.029
698	90.85	8.08	24.142	3.713	0.032
699	87.584	7.793	22.915	3.505	0.031
700	93.086	8.495	26.212	4.061	0.032
701	96.539	8.63	27.455	4.228	0.031
702	87.835	7.962	23.262	3.728	0.03
703	94.176	8.41	25.599	3.906	0.031
704	90.55	7.943	24.302	3.682	0.03
705	89.591	7.962	23.369	3.573	0.032
706	91.222	8.104	24.135	3.729	0.031
707	87.859	7.692	23.532	3.485	0.03
708	84.075	7.452	20.153	3.091	0.032
709	95.12	8.339	26.608	3.959	0.031
710	92.997	8.202	26.2	3.944	0.03
711	96.728	8.618	26.928	4.064	0.032
712	94.397	8.424	26.443	4.093	0.03
713	94.058	8.295	25.051	3.821	0.033
714	91.138	8.056	24.626	3.693	0.031
715	93.508	8.387	25.111	3.883	0.032
716	93.971	8.312	25.637	3.824	0.032
717	89.435	7.931	23.417	3.607	0.031
718	90.316	7.947	23.871	3.566	0.032
719	97.69	8.764	27.38	4.217	0.032
720	92.575	8.27	25.435	3.888	0.03
721	94.773	8.359	24.78	3.768	0.032
722	87.712	7.794	22.371	3.434	0.03
723	90.067	7.977	24.012	3.635	0.031
724	97.792	8.733	27.313	4.243	0.033
725	86.741	7.728	22.396	3.479	0.03
726	91.706	8.175	23.92	3.644	0.032
727	96.047	8.518	25.939	3.986	0.03
728	89.079	7.862	22.737	3.483	0.031
729	88.171	7.964	22.906	3.559	0.032
730	92.36	8.09	24.93	3.707	0.031
731	100.304	8.884	29.046	4.368	0.031
732	94.711	8.393	24.892	3.812	0.031
733	92.26	8.211	25.217	3.868	0.03
734	91.199	8.101	24.145	3.71	0.031
735	92.024	8.328	25.227	3.942	0.031
736	91.894	8.207	24.235	3.772	0.031
737	94.203	8.333	25.845	3.961	0.031
738	92.694	8.273	25.876	3.964	0.03
739	86.602	7.694	21.772	3.361	0.031
740	89.962	7.958	22.824	3.499	0.031
741	87.814	7.85	22.193	3.432	0.032
742	98.454	8.693	26.982	4.112	0.032
743	92.965	8.362	24.814	3.868	0.033
744	94.71	8.526	25.948	4.075	0.031
745	92.767	8.291	25.592	4.021	0.03
746	91.05	8.029	24.162	3.621	0.031
747	92.141	8.2	24.641	3.736	0.032
748	92.918	8.319	25.085	3.863	0.032
749	95.186	8.517	26.218	4.144	0.031
750	87.566	7.858	22.8	3.498	0.031
751	88.498	7.799	22.643	3.478	0.031
752	93.502	8.364	25.128	3.892	0.031
753	89.585	8.012	22.703	3.517	0.033
754	91.853	8.323	24.765	3.923	0.033
755	91.058	8.068	24.322	3.68	0.031
756	92.362	8.075	25.06	3.783	0.031
757	88.395	7.984	23.218	3.669	0.031
758	94.271	8.245	25.369	3.77	0.031
759	86.668	7.792	22.195	3.433	0.031
760	95.578	8.505	25.625	3.976	0.033
761	92.649	8.421	25.741	4.062	0.032
762	92.983	8.177	24.244	3.602	0.033
763	92.363	8.273	25.442	3.952	0.03
764	91.102	8.03	23.804	3.627	0.032
765	90.288	8.05	23.673	3.712	0.031
766	92.19	8.195	24.046	3.71	0.032
767	92.214	8.27	25.002	3.927	0.031
768	90.287	8.127	23.653	3.73	0.031
769	91.039	8.089	24.101	3.715	0.031
770	96.814	8.745	26.021	4.115	0.033
771	85.851	7.633	21.252	3.29	0.031
772	84.256	7.518	20.459	3.139	0.03
773	101.1	9.1	29.323	4.602	0.033
774	88.294	7.89	22.899	3.538	0.031
775	90.122	8.06	23.822	3.705	0.031
776	85.958	7.605	20.598	3.133	0.033
777	89.968	8.159	23.618	3.788	0.032
778	93.772	8.23	25.548	3.803	0.032
779	90.053	8.062	24.239	3.738	0.03
780	90.432	8.149	23.509	3.659	0.033
781	85.232	7.586	21.252	3.258	0.032
782	92.888	8.124	24.38	3.679	0.031
783	91.62	7.965	24.196	3.577	0.031
784	94.653	8.493	25.764	4.08	0.031
785	86.06	7.57	21.819	3.323	0.03
786	92.741	8.196	24.821	3.842	0.03
787	89.162	8.096	23.492	3.836	0.031
788	94.456	8.244	24.743	3.728	0.032
789	82.988	7.429	20.294	3.169	0.03
790	84.096	7.609	21.733	3.435	0.03
791	92.093	8.229	25.457	3.891	0.031
792	92.591	8.288	24.524	3.787	0.032
793	96.831	8.479	26.936	4.029	0.032
794	90.451	8.066	24.057	3.738	0.031
795	93.797	8.312	24.891	3.803	0.031
796	89.011	8.002	23.993	3.782	0.031
797	90.544	8.008	24.463	3.678	0.031
798	94.652	8.483	26.063	4.101	0.031
799	95.146	8.374	26.063	3.862	0.031
800	91.2	8.103	23.474	3.63	0.031
801	89.604	7.903	24.096	3.661	0.03
802	92.042	8.038	25.019	3.747	0.03
803	88.977	7.975	23.618	3.682	0.031
804	96.311	8.574	26.067	4.017	0.032
805	92.444	8.2	23.472	3.6	0.033
806	91.28	8.149	24.475	3.842	0.03
807	87.626	7.7	22.322	3.358	0.03
808	97.592	8.822	28.256	4.402	0.032
809	95.603	8.507	27.231	4.133	0.031
810	98.697	8.65	27.572	4.083	0.031
811	94.824	8.46	25.744	3.939	0.032
812	85.543	7.478	21.024	3.128	0.03
813	89.775	7.964	23.004	3.548	0.031
814	89.885	7.888	23.791	3.523	0.031
815	90.358	7.984	24.127	3.626	0.031
816	91.915	8.297	24.3	3.813	0.032
817	87.98	7.874	22.796	3.551	0.031
818	87.955	7.83	22.119	3.422	0.031
819	89.729	8.063	23.046	3.569	0.032
820	91.27	8.086	24.667	3.738	0.031
821	97.952	8.721	27.138	4.139	0.033
822	93.052	8.234	25.15	3.814	0.031
823	93.707	8.398	24.666	3.871	0.032
824	95.912	8.565	26.466	4.086	0.033
825	89.165	7.961	22.605	3.493	0.032
826	93.626	8.265	25.361	3.817	0.031
827	91.948	8.147	25.643	3.869	0.031
828	97.184	8.637	27.24	4.118	0.032
829	94.856	8.283	25.743	3.872	0.03
830	91.498	8.146	24.739	3.763	0.031
831	94.372	8.417	25.206	3.845	0.032
832	97.297	8.679	26.722	4.121	0.033
833	93.026	8.374	25.436	3.924	0.031
834	94.428	8.388	25.62	3.935	0.032
835	95.062	8.466	26.715	4.102	0.03
836	90.899	8.054	24.269	3.757	0.03
837	93.88	8.322	25.597	3.908	0.03
838	94.646	8.272	24.384	3.633	0.032
839	95.743	8.507	26.684	4.052	0.032
840	93.314	8.339	24.862	3.905	0.031
841	92.444	8.188	24.18	3.68	0.031
842	88.515	7.893	23.078	3.487	0.032
843	94.366	8.406	24.919	3.94	0.032
844	90.951	7.993	24.142	3.597	0.031
845	90.911	8.112	24.263	3.734	0.03
846	91.566	8.23	25.181	3.948	0.031
847	92.255	8.464	26.386	4.295	0.03
848	90.964	8.143	24.605	3.823	0.031
849	90.809	8.236	24.288	3.887	0.031
850	93.471	8.383	25.936	4.041	0.03
851	89.984	7.818	23.659	3.567	0.03
852	90.746	8.041	24.022	3.656	0.03
853	93.024	8.23	23.843	3.636	0.032
854	90.242	8.03	24.189	3.695	0.031
855	98.938	8.855	27.338	4.197	0.034
856	94.573	8.327	26.588	3.94	0.03
857	95.971	8.677	25.879	4.078	0.033
858	92.683	8.128	24.564	3.617	0.031
859	91.147	8.021	23.514	3.584	0.031
860	91.551	8.129	24.122	3.673	0.031
861	97.444	8.564	26.705	3.991	0.032
862	89.0	7.769	23.836	3.521	0.03
863	92.708	8.083	24.264	3.624	0.031
864	87.948	7.845	23.617	3.698	0.03
865	97.944	8.792	27.673	4.39	0.031
866	91.89	8.254	25.155	3.933	0.031
867	94.367	8.386	25.269	3.913	0.031
868	94.256	8.454	25.089	3.938	0.033
869	94.152	8.273	25.885	3.928	0.031
870	93.992	8.294	26.52	3.979	0.031
871	93.009	8.205	25.065	3.875	0.03
872	87.954	7.813	22.53	3.485	0.031
873	90.717	8.09	24.732	3.801	0.03
874	88.442	7.874	23.471	3.626	0.03
875	91.206	8.078	23.91	3.611	0.032
876	87.316	7.791	22.692	3.533	0.03
877	90.788	8.228	23.378	3.774	0.031
878	95.286	8.644	25.635	4.051	0.033
879	95.003	8.376	25.518	3.831	0.032
880	92.697	8.215	25.55	3.846	0.031
881	88.255	7.972	23.548	3.713	0.031
882	97.763	8.745	27.021	4.203	0.033
883	96.257	8.534	27.176	4.038	0.031
884	90.317	7.938	23.426	3.516	0.031
885	90.847	8.069	24.145	3.649	0.032
886	93.827	8.301	25.669	3.964	0.031
887	93.12	8.31	25.421	3.954	0.03
888	93.486	8.305	25.234	3.888	0.032
889	92.24	8.204	25.672	3.916	0.03
890	91.127	8.071	24.23	3.732	0.03
891	82.691	7.371	20.597	3.184	0.029
892	91.377	8.153	23.526	3.702	0.031
893	93.097	8.253	25.143	3.811	0.032
894	92.125	8.285	24.994	3.878	0.032
895	86.244	7.628	21.752	3.377	0.03
896	91.874	8.123	24.564	3.718	0.031
897	100.967	8.978	29.9	4.559	0.031
898	96.159	8.483	27.431	4.155	0.029
899	91.269	8.134	24.382	3.806	0.031
900	93.284	8.121	24.396	3.632	0.032
901	87.921	7.711	23.121	3.477	0.031
902	90.129	7.932	24.019	3.614	0.031
903	86.252	7.711	22.073	3.363	0.03
904	96.677	8.673	26.337	4.195	0.032
905	92.708	8.329	25.302	3.935	0.031
906	93.935	8.45	25.051	3.935	0.032
907	91.214	8.053	24.217	3.677	0.031
908	83.232	7.369	20.699	3.13	0.03
909	93.516	8.348	24.101	3.763	0.034
910	90.446	7.976	23.426	3.566	0.031
911	92.572	8.296	25.265	3.901	0.031
912	95.181	8.361	26.268	3.917	0.031
913	92.567	8.181	25.533	3.873	0.03
914	95.342	8.316	26.243	3.908	0.03
915	85.645	7.643	21.808	3.381	0.03
916	91.97	8.172	24.024	3.729	0.03
917	86.958	7.726	22.307	3.433	0.031
918	92.125	8.342	24.586	3.921	0.031
919	94.863	8.518	26.567	4.076	0.032
920	94.526	8.32	25.753	3.889	0.031
921	90.317	7.98	23.567	3.613	0.032
922	90.691	7.931	24.288	3.648	0.03
923	91.89	8.28	23.942	3.796	0.032
924	94.288	8.408	24.444	3.841	0.032
925	85.437	7.586	21.443	3.314	0.031
926	92.812	8.31	25.307	3.999	0.03
927	87.595	7.787	22.913	3.484	0.03
928	90.287	8.024	23.13	3.581	0.031
929	93.966	8.32	25.68	3.919	0.03
930	98.497	8.709	28.528	4.282	0.031
931	92.715	8.282	25.089	3.859	0.031
932	89.579	7.989	23.584	3.647	0.031
933	87.701	7.756	22.56	3.393	0.031
934	95.133	8.393	26.222	3.981	0.031
935	90.628	7.998	23.417	3.567	0.031
936	91.017	8.004	23.912	3.527	0.033
937	93.342	8.261	24.731	3.769	0.032
938	93.259	8.317	24.819	3.864	0.031
939	90.349	7.942	23.992	3.623	0.031
940	94.642	8.417	26.247	3.933	0.032
941	91.442	8.186	23.533	3.673	0.031
942	95.925	8.464	26.191	3.907	0.032
943	93.346	8.33	24.692	3.868	0.031
944	86.676	7.659	21.967	3.326	0.031
945	99.552	9.106	29.091	4.645	0.033
946	92.753	8.297	24.608	3.803	0.032
947	94.584	8.455	26.386	4.002	0.032
948	91.631	8.07	24.815	3.717	0.03
949	92.067	8.022	24.383	3.614	0.032
950	90.759	8.067	24.28	3.682	0.031
951	93.802	8.377	25.962	3.954	0.03
952	93.596	8.285	25.56	3.813	0.031
953	96.732	8.434	26.421	3.96	0.031
954	95.137	8.582	25.773	4.066	0.032
955	97.97	8.791	27.658	4.241	0.032
956	91.432	8.086	24.187	3.633	0.033
957	90.148	7.935	23.385	3.537	0.031
958	88.485	7.874	22.848	3.498	0.031
959	88.527	7.946	22.465	3.579	0.031
960	90.924	7.972	24.093	3.573	0.031
961	89.928	8.003	24.464	3.732	0.03
962	95.986	8.534	26.549	4.041	0.032
963	86.408	7.72	21.304	3.311	0.032
964	92.025	8.134	24.549	3.776	0.03
965	92.745	8.197	25.228	3.82	0.031
966	95.907	8.46	26.212	3.915	0.032
967	91.825	7.969	24.633	3.59	0.03
968	89.186	7.864	23.074	3.491	0.031
969	93.327	8.321	25.055	3.922	0.031
970	89.407	8.035	23.216	3.625	0.031
971	94.157	8.274	26.288	3.959	0.03
972	96.751	8.526	27.391	4.106	0.032
973	100.322	8.834	28.523	4.334	0.033
974	91.69	8.169	24.284	3.768	0.032
975	91.685	8.099	24.651	3.678	0.031
976	93.843	8.164	25.526	3.75	0.031
977	93.417	8.454	25.946	4.128	0.032
978	88.732	7.826	22.408	3.427	0.031
979	92.072	8.272	24.516	3.831	0.032
980	90.8	8.239	24.729	3.963	0.031
981	94.478	8.375	26.006	3.946	0.031
982	86.738	7.679	21.405	3.254	0.032
983	90.775	8.011	23.885	3.676	0.031
984	97.207	8.653	27.017	4.212	0.031
985	97.161	8.681	26.671	4.079	0.032
986	92.783	8.145	24.668	3.7	0.032
987	92.721	8.146	23.612	3.539	0.033
988	94.41	8.321	25.993	3.875	0.032
989	92.0	8.211	25.019	3.814	0.031
990	89.253	8.064	23.539	3.759	0.031
991	93.063	8.238	25.135	3.806	0.031
992	89.134	7.828	23.732	3.568	0.03
993	96.285	8.432	26.446	3.909	0.031
994	93.147	8.355	24.804	3.825	0.033
995	87.85	7.782	22.723	3.401	0.031
996	91.093	8.202	24.909	3.921	0.03
997	98.697	8.771	27.983	4.246	0.032
998	95.014	8.456	25.821	3.939	0.031
999	92.189	7.983	24.915	3.6	0.031
1000	88.8	8.087	23.422	3.706	0.032
