MutationType	ID83A	ID83B	ID83C	ID83D	ID83E	ID83F	ID83G
1:Del:C:0	6.634536297413913e-08	8.427804469258071e-08	2.3154887890621055e-07	2.5406591395080266e-08	5.2764642962519935e-08	7.983743376210786e-08	1.393345887066485e-07
1:Del:C:1	0.0009772687661760786	0.03889111860656846	0.003014298826734906	0.02141757519550952	0.02905155756939532	0.10220943615331081	0.03364778303754334
1:Del:C:2	0.000442148421591569	0.008298692433586713	0.0006436026953601911	0.007710393347884113	0.006630930730697706	0.021321739201041155	0.018657695638476118
1:Del:C:3	0.0001254907871856492	0.003986115354641226	0.0007675599352518905	0.0028330689625038143	0.002992367752698147	0.011940133512396487	0.006585948852357262
1:Del:C:4	0.00010202874705644435	0.002261476809369235	7.144337586160286e-05	0.0023903835403187713	0.001902433785578389	0.0057183132647372166	0.006295673936585873
1:Del:C:5	0.0012203138367247698	0.0026401815384465184	0.0012062513019834313	0.0019192149251534287	0.002219819813063933	0.003951328602432516	0.0033083545152346565
1:Del:T:0	6.634536297413913e-08	8.427804469258071e-08	2.3154887890621055e-07	2.5406591395080266e-08	5.2764642962519935e-08	7.983743376210786e-08	1.393345887066485e-07
1:Del:T:1	0.0009889673938298013	0.016930892128014515	0.0008261238566128756	0.013009485756527158	0.012300577678728249	0.08284559030352903	0.03483982673328825
1:Del:T:2	0.0005188004287777967	0.011363829708698795	0.0025012745527991697	0.009351938091634657	0.008389070132181344	0.03316653594495158	0.02288289714946761
1:Del:T:3	0.0004460067472221321	0.009477395709175659	0.0002518039863293269	0.008614679755603743	0.007866979080564157	0.029641223838186983	0.019061197279161897
1:Del:T:4	0.0004641619842155326	0.007116105438991035	0.001653324292791497	0.007076897376499744	0.004803900606802678	0.024575032189582763	0.025116407581040633
1:Del:T:5	0.16309695904021076	0.17927802470761356	0.3200084458860349	0.08320539582258363	0.14111618360526818	0.09507030754341765	0.19493228069973526
1:Ins:C:0	0.0007640267300583882	0.00460006683126139	0.0007252499438712148	0.0036558633716959102	0.0037309317890055448	0.010866286174910911	0.0077849336247536914
1:Ins:C:1	0.00014843034836182546	0.002825668430130514	0.000575310453371284	0.0028723770622676977	0.0026414239424377025	0.0050808639261356705	0.00231593367542804
1:Ins:C:2	0.00012521711103058878	0.001974776718692002	6.091557317171545e-05	0.002798569782176418	0.0020499886965113087	0.003125179201379318	0.003973899615945042
1:Ins:C:3	0.00015320229989127047	0.0012325175735481081	0.00010063448752933072	0.0026268294343072753	0.001338302140274919	0.0018075446788045095	0.00338625240364898
1:Ins:C:4	0.00016040547978763998	0.0016587584722523923	8.344475370472889e-05	0.0019391737309951166	0.001365745578110255	0.004670005915461342	0.005508109843399461
1:Ins:C:5	0.0010541049586990897	0.009839570078838376	0.00038081909566954576	0.017000083214967987	0.009630649671429214	0.0194510367555607	0.03196066751671848
1:Ins:T:0	0.0035523783421042314	0.006897921805931953	0.000335058011585984	0.008733508617459243	0.007287025955219527	0.01751389452247738	0.010511787228106083
1:Ins:T:1	0.0009201163823537158	0.011385512426689543	0.0005700324471736338	0.01222010454358501	0.010915013329135262	0.02506587854174063	0.011200089795880943
1:Ins:T:2	0.0009663234516361723	0.0062380181077231495	0.0023520636211846542	0.006218119716066938	0.005708926523124161	0.010229355003966469	0.007801879100998207
1:Ins:T:3	0.0007203021586903355	0.004175209326453327	0.0013731560181864022	0.004986276730692449	0.0033553844890026737	0.01584329029743588	0.011859333975944422
1:Ins:T:4	0.0005805864286036606	0.004873269536394467	0.0006868754039644298	0.005922819901782137	0.004122078239044937	0.012745715067390547	0.009651950956194803
1:Ins:T:5	0.6424256267919664	0.4291084427983616	0.26263668086488756	0.5877220150620045	0.541927397584386	0.11851926341907179	0.06976771442046033
2:Del:R:0	0.13464514079217885	0.10895497226898414	0.34950371751664483	0.04260826533010165	0.07262739941033229	0.0944650604323146	0.15593158245365596
2:Del:R:1	5.519566070773869e-05	0.0011258372135385028	0.00020918619394801763	0.0012727082817805934	0.0008249991493025993	0.003358863407994841	0.0028170379860564918
2:Del:R:2	5.280375377797179e-06	0.0004982607350120776	0.00034973962678246394	0.00022308406365827821	0.0003469219159332322	0.0019031925568294087	0.0007590550081420633
2:Del:R:3	2.3370640955977307e-05	3.6051992820823225e-05	0.0004907776236502973	3.604059458674359e-05	2.5984338270295544e-05	5.067650948392776e-05	0.00012079498117613568
2:Del:R:4	2.3763459409108643e-06	4.98812162464881e-05	2.7146290106855967e-06	5.0179961222458686e-05	3.557310295705241e-05	0.00016288053844868105	0.00016448468025607926
2:Del:R:5	0.0006061297168616708	0.0005285667255840456	9.508925822156536e-05	0.0005760838893535672	0.0005074737812615724	0.0004907077230356263	0.000940322588208716
3:Del:R:0	0.004510959102113316	0.008490806579664287	0.009178490342677573	0.0068348195134944265	0.007174441063387231	0.009658760161021036	0.01788631669866583
3:Del:R:1	0.0002153290773778146	0.0011299070740687285	0.0010432529373790372	0.0014035419105867647	0.0010112980326138982	0.0013337593071965504	0.0031073599162255573
3:Del:R:2	2.932479949343198e-05	0.0002443316269603488	8.093025618511609e-06	0.00032886190793018444	0.0002428284969036613	0.0006191486014827926	0.0005720992341646028
3:Del:R:3	6.634536297413913e-08	8.427804469258071e-08	2.3154887890621055e-07	2.5406591395080266e-08	5.2764642962519935e-08	7.983743376210786e-08	1.393345887066485e-07
3:Del:R:4	3.5021334328240233e-06	5.766733433906442e-05	2.2410867991067987e-06	5.7693385058267984e-05	4.774447741537697e-05	7.105258586604094e-05	0.00016770863759344435
3:Del:R:5	6.634536297413913e-08	8.427804469258071e-08	2.3154887890621055e-07	2.5406591395080266e-08	5.2764642962519935e-08	7.983743376210786e-08	1.393345887066485e-07
4:Del:R:0	0.0007084111875460946	0.004611948912581373	0.0026987558466610773	0.005749907663163697	0.004366359778609643	0.010496006656748725	0.013277904000129155
4:Del:R:1	1.5085017746884973e-05	0.0002824794881234882	0.00011247345864341931	0.00038570446352428856	0.00019932865711331976	0.0005353385478258183	0.0009246077699255546
4:Del:R:2	8.293266655120822e-06	0.00011376386583405331	5.431344105409981e-06	0.00017164304925922964	0.00011374484413108616	8.617449088930398e-05	0.00019461443290798224
4:Del:R:3	6.634536297413913e-08	8.427804469258071e-08	2.3154887890621055e-07	2.5406591395080266e-08	5.2764642962519935e-08	7.983743376210786e-08	1.393345887066485e-07
4:Del:R:4	6.634536297413913e-08	8.427804469258071e-08	2.3154887890621055e-07	2.5406591395080266e-08	5.2764642962519935e-08	7.983743376210786e-08	1.393345887066485e-07
4:Del:R:5	6.634536297413913e-08	8.427804469258071e-08	2.3154887890621055e-07	2.5406591395080266e-08	5.2764642962519935e-08	7.983743376210786e-08	1.393345887066485e-07
5:Del:R:0	0.0008958024793501398	0.015748697679580367	0.001096598654000283	0.014308659799674803	0.013844853746097844	0.03586052728082977	0.03447215453151496
5:Del:R:1	4.455337915920469e-08	2.9293831822102195e-05	1.5718825759224292e-07	2.3468191155516173e-05	2.605683891410865e-05	0.0003304570786778632	8.732027260071443e-05
5:Del:R:2	6.634536297413913e-08	8.427804469258071e-08	2.3154887890621055e-07	2.5406591395080266e-08	5.2764642962519935e-08	7.983743376210786e-08	1.393345887066485e-07
5:Del:R:3	6.634536297413913e-08	8.427804469258071e-08	2.3154887890621055e-07	2.5406591395080266e-08	5.2764642962519935e-08	7.983743376210786e-08	1.393345887066485e-07
5:Del:R:4	6.634536297413913e-08	8.427804469258071e-08	2.3154887890621055e-07	2.5406591395080266e-08	5.2764642962519935e-08	7.983743376210786e-08	1.393345887066485e-07
5:Del:R:5	6.634536297413913e-08	8.427804469258071e-08	2.3154887890621055e-07	2.5406591395080266e-08	5.2764642962519935e-08	7.983743376210786e-08	1.393345887066485e-07
2:Ins:R:0	0.001999930763237513	0.005490577955483192	0.0013007146645974904	0.0056160652195598884	0.004273396295664771	0.01672955695630322	0.01678564805491266
2:Ins:R:1	0.0001424171204584228	0.0029530034152653543	0.00035363972079093626	0.002815485062955847	0.0023611736168493813	0.006584010180316021	0.008525192250312062
2:Ins:R:2	0.00026128256914341	0.001201558142657484	0.0005332819277878091	0.002208050480367688	0.0013312262868745326	0.002636384976611373	0.00284399882190497
2:Ins:R:3	4.7046002521299436e-05	0.0005635515454805462	6.632172946453004e-05	0.0006916395760290243	0.00044554674472666023	0.0018668950804536517	0.00117850240124517
2:Ins:R:4	0.0002475001372578734	0.0011320881045514704	0.0006484291474964948	0.0010471358336284434	0.000863375091030477	0.0019765131969540577	0.0014346340031690032
2:Ins:R:5	0.021017028913180604	0.024335689263395865	0.004623109264765702	0.03984514534656257	0.025287391530906277	0.0490868737812733	0.0723694976092132
3:Ins:R:0	0.0003120454691078423	0.0014923768042225522	0.00011908035794952381	0.0022284443854359427	0.0016879887041598776	0.0016453512878430287	0.0038524241772259593
3:Ins:R:1	0.00020114988838559425	0.0022516427630105227	0.0003145061243350275	0.002855983412565706	0.0023493469800030353	0.003667089016434815	0.00431815042785908
3:Ins:R:2	2.874010828126996e-05	0.00036032524183076563	4.5769060313839164e-05	0.00027461139175006524	0.0003103975770402994	0.0007315903192978703	0.0006407442640758078
3:Ins:R:3	6.634536297413913e-08	8.427804469258071e-08	2.3154887890621055e-07	2.5406591395080266e-08	5.2764642962519935e-08	7.983743376210786e-08	1.393345887066485e-07
3:Ins:R:4	1.8325567309848596e-06	7.294455544884241e-05	6.09139411482152e-06	4.022046567605325e-05	5.1863269949517914e-05	3.8943589796606644e-05	5.979883360431979e-05
3:Ins:R:5	6.594225404361152e-05	0.0005621816943626643	0.00013254410610467738	0.0004159197823095319	0.00048712267901530925	0.0008663585744016213	0.0010417973882774218
4:Ins:R:0	0.00013384850215435152	0.001230247861810365	0.00011189675360685009	0.0015898820123333042	0.0009896506456284673	0.0038477927997060094	0.005081872402399215
4:Ins:R:1	0.00021197236487571086	0.002475978604664857	7.134498768885327e-05	0.004244843260937096	0.002582856639169563	0.0067636349547953575	0.006410859793706381
4:Ins:R:2	1.833121896189872e-05	0.00015352282162320265	1.4102363039730312e-05	0.00018407328354608614	0.0001343070705983022	0.00023717685561684904	0.0004125934148141693
4:Ins:R:3	6.634536297413913e-08	8.427804469258071e-08	2.3154887890621055e-07	2.5406591395080266e-08	5.2764642962519935e-08	7.983743376210786e-08	1.393345887066485e-07
4:Ins:R:4	1.5488885723942986e-05	0.00014661683184277318	2.391765366611727e-05	0.00012859540234349105	0.00011152850447878055	0.00025446578479642034	0.000788566201975012
4:Ins:R:5	1.4764417860034395e-05	0.00038611568893243435	1.3757550174983205e-05	0.00039557019153793724	0.00031755353949929684	0.0012243621031017876	0.0006461969763643472
5:Ins:R:0	0.00019449482758603358	0.0022604471902354143	0.000295071713893338	0.0026083886211109657	0.0019086706095396485	0.009281923257871885	0.006416495446670119
5:Ins:R:1	0.00022280275079450548	0.004225106958614525	0.00028717185908843463	0.0033683179727911046	0.0033168902726623452	0.013860146775888118	0.01396907494822899
5:Ins:R:2	1.329680239726126e-05	0.00011996744668643383	8.153853496635597e-05	7.203638045148253e-05	7.479015886078163e-05	6.942723699608034e-05	0.0002665895484677316
5:Ins:R:3	5.3289120686098265e-06	5.135692729025962e-05	1.4676532535263813e-06	5.343030040381893e-05	4.531025944338888e-05	5.924431053866955e-05	0.00020707632001842424
5:Ins:R:4	7.957835878300017e-07	7.187719081374567e-05	9.669092055694279e-08	3.0241147589486545e-05	5.0436723803078606e-05	0.0005764557891886471	0.0001315324911732753
5:Ins:R:5	3.380762151881555e-06	4.699031959259175e-05	4.882439861185895e-06	7.74968549970331e-05	3.9275597336572315e-05	6.546457625038219e-05	0.00017194855527790474
2:Del:M:1	0.0007428461666738346	0.006086516538024814	0.0004420313479842541	0.004592205305053586	0.004745148677917152	0.016643811243267324	0.012792937196049778
3:Del:M:1	0.007965114548348026	0.010738447470450618	0.01765820957006166	0.00950324357655311	0.0104037805687376	0.007758312041055685	0.012466805009027297
3:Del:M:2	0.0009716339639215547	0.0031379363606344607	0.0038525754562994344	0.003522797691572334	0.0032064541676761135	0.0021353430972545872	0.005159853881697829
4:Del:M:1	0.0005367679892094967	0.0048925525027793655	0.0005975751922320431	0.003695580823673881	0.0042085509126290966	0.0027188110060124603	0.006553246974433254
4:Del:M:2	0.0017439215552105185	0.0019068413097716032	0.0015084107960484597	0.002645322420442402	0.0020283777339522393	0.0035273436574436304	0.005166653920561646
4:Del:M:3	6.745013147704704e-05	0.0006878162742256142	0.00018849937491597157	0.0006375184993893012	0.0006052788859127506	0.0009226517803840466	0.0007864318843167588
5:Del:M:1	0.0006147469205596916	0.009090500133216895	0.0007687202653810423	0.009887938353024065	0.008156238909002305	0.020689073963703265	0.02174757683109939
5:Del:M:2	0.00031683002506611866	0.002937922937748705	0.00011245707828604655	0.004326587258317479	0.0028295420161018494	0.006561614649550658	0.010723889993501906
5:Del:M:3	0.00014468978264401417	0.0013159677633063217	0.00012027921364329025	0.001467208990201639	0.0014065232427962016	0.0015086496688214899	0.0031244950034969242
5:Del:M:4	3.537941416140332e-05	0.0003228836106468833	9.672639469559422e-06	0.0003628922271397812	0.00030867238782660917	0.00041071435934712797	0.0008097332841388163
5:Del:M:5	2.3224217207638343e-05	0.00034132107025554244	6.873511591147927e-05	0.00031136223729199875	0.000338951433946469	0.00027241530551881584	0.0006393895695354579
