MutationType	SBS96A	SBS96B	SBS96C	SBS96D	SBS96E	SBS96F	SBS96G	SBS96H
A[C>A]A	0.0024374187477377873	0.004178943953079464	0.013231888498389783	0.013228779196713333	0.028136175428294975	0.008656092109130327	0.004413156504421764	0.004893226564265259
A[C>A]C	0.0013201868598799007	0.012022862604397748	0.014505196880429278	0.0072679778501443465	0.012309774679738776	0.003081530835704015	0.006887245704349141	0.002076161270501438
A[C>A]G	0.0002808262722492337	0.00017177297640651957	0.0010376063091805756	0.0018415558784960113	0.002360350879450383	0.0004863230613353181	0.0006808627230653895	0.0012931291724578085
A[C>A]T	0.001367319675081362	0.004229634932803073	0.009086899678738504	0.00573919860413347	0.015875516977686528	0.004321091550847471	0.004479126766410892	0.003834592860464992
A[C>G]A	0.002962081698925117	0.0006315992920809063	0.010611027644419284	0.00974940897036026	0.005753039564226129	0.009871362033150725	0.01975514005633807	0.006622076648132961
A[C>G]C	0.0018158211433070952	0.002008479375214831	0.01146638408690545	0.004190986192980234	0.004254191815424975	0.004819219605086382	0.008996961118055235	0.0037517837222380735
A[C>G]G	0.00034311638367625117	0.00011653459947299619	0.0029747638980464116	0.0019201523179730301	0.0012401781779563569	0.000912181570950419	0.0007697832960807264	0.0007500988865385359
A[C>G]T	0.003944586458231802	0.001028019634894794	0.009862264711139563	0.004735894312617279	0.004587047462338671	0.012937295967760607	0.016341311312265024	0.0039825143947027535
A[C>T]A	0.0013267279038253184	0.03774852368346876	0.02980317014228462	0.00901237352543714	0.016711280019126074	0.01805377954704708	0.011201693131912365	0.009471419313353664
A[C>T]C	0.02103922858371989	0.07355885605294428	0.01585188984794131	0.0016321741330343848	0.00014686978636630762	0.004005413421129732	0.006075469709828477	0.0007340635897118868
A[C>T]G	0.0025537854825031926	0.0067247729132044595	0.05730503366117598	0.03971497173697594	0.012707237351579284	0.025540321524208185	0.006826974626961867	0.020789143662110293
A[C>T]T	0.005510126103999504	0.08087229295508237	0.020856690539782344	0.00420036190631883	0.016716848844627145	0.004952736583745805	0.00012311080704874614	0.001927721559634166
A[T>A]A	0.00738310713361485	0.002044634624743407	0.016361743160526084	0.005540824337382842	0.007481463191551586	0.0017418321496138027	0.012406522314808606	0.004333881590810051
A[T>A]C	0.0014783499516211759	0.0031745550467679735	0.010968649588893058	0.004463764531144296	0.005953284522240466	0.004859746985857187	0.0041385387658349785	0.0023981354310435386
A[T>A]G	0.0024978273538727434	0.0017171683781444045	0.008387749817333104	0.007042356500659416	0.01048384595148397	0.0009742093638815194	0.004621263583776027	0.002553069080045397
A[T>A]T	0.0063977003876130555	0.002632391121915225	0.02200113524732533	0.008187586218350182	0.017389305916297466	0.003484385948394371	0.005075685290803806	0.00451072530346394
A[T>C]A	0.007648830030454541	0.003985398031419073	0.02985488568028609	0.015389639492987313	0.01664209627021217	0.012758793395604987	0.012107864992772263	0.007233982111443767
A[T>C]C	0.0012797328496175506	0.0022136841056113583	0.012930339227143758	0.004607859240110471	0.0075765483469218435	0.004354422901758899	0.007059095730912743	0.003746234251757982
A[T>C]G	0.0026136856280414324	0.0016083699663726975	0.014053351354845922	0.0065744495915541976	0.008791599873199512	0.00805845350133913	0.004335381709722915	0.09637256533969603
A[T>C]T	0.007135666594784714	0.0033899001005788156	0.029785364369722078	0.011129053034295868	0.01323971222275164	0.009626331772975328	0.011624127816565756	0.008496227626389342
A[T>G]A	0.004481185720614521	0.0004281520377928256	0.010452660754399247	0.00035919802478059026	9.921357392954092e-05	0.0014080521063060095	0.01477937809893567	0.0014411095239159426
A[T>G]C	0.0013396092911081379	1.9816682464007153e-05	0.0038079308972161496	0.0004457360523659663	0.0013696089242190123	0.0015321592877387757	0.005527372251397097	0.0003583921698336695
A[T>G]G	0.014268126069166899	0.0005231977088402167	0.011744857382502562	0.002952643339440935	0.005755828890370236	0.00020645065221290118	0.0017984534834961682	0.005633168771625486
A[T>G]T	0.001556665822082738	0.000836864968577959	0.007564856506024604	0.0022386100836216867	0.011641574954959169	0.0010127156289633744	0.009565969863226964	0.001722802040164186
C[C>A]A	0.0027178684009801202	0.023094701817631895	0.0010149064836620437	0.25372074896796853	0.004035937651469008	0.009446834024948333	0.023208005856555153	0.0012408706802940048
C[C>A]C	0.001581939391963325	0.008986763993933816	0.0025988249419185605	0.03474156965859717	0.004347702062342549	0.011741979729311137	0.0213648785334966	0.003447070048417652
C[C>A]G	1.0881179362423952e-05	0.0036150395340395374	0.0014659225991867583	0.031379557399407815	0.0008368284167963981	6.681972117007811e-06	0.003963942659461221	0.0010218186633673652
C[C>A]T	0.0015899500617805116	0.02120847238849781	0.000141239777944427	0.11927712252035462	0.002693492839871848	0.006659747782346406	0.04436570205324177	0.002347629805372212
C[C>G]A	0.0007787006877931146	0.0007843908496051948	0.0025152163688429595	0.00445069175658709	0.007424872997960734	0.009887109669801154	0.005924031485102104	0.0021845440084778452
C[C>G]C	0.000501304704057034	0.0011019275268760991	0.0028938443051098562	0.005658575090018819	0.005005388276233298	0.007133267589526082	0.007325925232600839	0.002116281157194667
C[C>G]G	0.0001144825932480093	0.0006762448299256802	0.0017338087370165763	0.0008348569345558432	0.0016843503916948066	0.0016835542512226508	0.0012159185653767561	0.00046850573401434624
C[C>G]T	0.0027219927725601477	0.001355805434032819	0.0033781381754870886	0.004337870154737455	0.006509155859834794	0.018128646024314785	0.008467275839282236	0.0022107831636805804
C[C>T]A	0.05035740575010352	0.03205051313954216	0.011796991990545057	0.00721161290790157	0.026868880908810153	0.02035401617054877	0.014736414504350741	0.009988857973936515
C[C>T]C	0.058986521670782506	0.1725018325393212	1.0136306124849986e-05	0.0012526587587597979	0.008198696144795965	0.00014113083998553165	0.06996837142052183	0.000701827693609417
C[C>T]G	0.008650668391821752	0.0065985441729028696	0.03179418996635144	0.017486765300618275	0.009245254418056806	0.0176583254686256	0.007584738791037443	0.013082487734422015
C[C>T]T	0.04526743422913145	0.09875569962526443	0.0006320877676247598	0.003382387016493484	0.04435257509039789	0.011285160481997365	0.03693917962367093	0.0009334100029945496
C[T>A]A	0.0023617007870085044	0.0063326014691910465	0.0017298516220677013	0.002520146301572865	0.0037806689012692307	0.0006020127756644202	0.01535160331095446	0.003913353672955439
C[T>A]C	0.0006887707920770331	0.004459938717321311	0.004007547693397226	0.004167361156143061	0.007970186293531498	0.0016924614249001484	0.011306433467305518	0.0029300009100518254
C[T>A]G	0.002731659771637304	0.006625464473182076	0.001724441688001155	0.003415905532444195	0.01006419859449855	0.0004301777647009796	0.011478484432409446	0.0028220889139319682
C[T>A]T	0.001488356839930475	0.006484481128087305	0.0030379261572347944	0.004450507060104504	0.011725462448296997	0.00017912699269130003	0.025188962806269553	0.0007674370083936672
C[T>C]A	0.003294201313721236	0.0022485617621408284	0.008718834090732923	0.006139827980589064	0.005465549928305881	0.004647529131025528	0.013080457287451882	0.015299510235062005
C[T>C]C	0.0014972815003598536	0.0030593730739900673	0.00922382038843122	0.0030651598660493646	0.011822929828368177	0.00459024603793085	0.028110138910064128	0.033175208116522345
C[T>C]G	0.0011336643075251377	0.0029186618593700395	0.008153165934596697	0.0074177338170568095	0.008428666902090832	0.0033479642740897224	0.009200560030995092	0.05969139060775638
C[T>C]T	0.004684019094459261	0.003670209131631076	0.006256202958969201	0.004337006034831326	0.028660269485087514	0.0037624319411344183	0.02417023075364786	0.005417892594927979
C[T>G]A	0.0014171204435485545	0.0008899046945922895	0.004411925934004905	0.002098932166794626	0.0024007287165708113	0.0008903042252157574	0.0033310691216995756	0.005392371235231044
C[T>G]C	0.0004050961321296491	0.0006342469538972191	0.0028386257944392856	0.0016574308861139978	0.0057601350131912385	0.0008878590818451704	0.004355453257125029	0.00382697104102509
C[T>G]G	0.00490167533308979	0.001753327569061962	0.004569624088370696	0.003849250450095475	0.015308940492708306	0.003049551753751121	0.004742712190557951	0.005233427795636174
C[T>G]T	0.00021015665191971328	0.0011109825805967865	0.0016640883071680158	0.0005390390574166757	0.04561503273549437	0.0017806482609296873	0.030056059696089484	0.002414822955472064
G[C>A]A	0.0012616907253302613	0.002900244727996622	0.0051229888445618885	0.015417615862852941	0.01802228599401844	0.007928540001763167	0.0030544395255135705	0.0018911987389377222
G[C>A]C	0.001177203935742397	0.007736729612395308	0.004619487017419438	0.007173743139994407	0.00586200190815128	0.00329774396267727	0.012540231897213126	0.0016502028785505833
G[C>A]G	5.414837863457548e-05	3.56971588471048e-05	0.001109971409377275	0.0012574512951705158	0.0020596470828944877	0.0014723943344601975	0.00015017428044339514	0.00020082487449225294
G[C>A]T	0.0005369633495536677	0.003281890478569157	0.00732014237870978	0.008901610724211948	0.01301438211181192	0.007180308068270683	0.0022033665659624163	0.002258128620520282
G[C>G]A	0.0002124030417963062	0.0005705806671445427	0.005254279422436795	0.0046038654481657506	0.004901278199722398	0.0037631922253853925	0.006929782347394697	0.002693982898280707
G[C>G]C	0.0025801175252908016	0.00220707456704501	0.005710524094197581	0.00030766153180549144	0.0017109283275205235	0.00533269718991536	0.01576047000348405	0.002667823654186644
G[C>G]G	0.0003888061148801568	2.529067373034178e-05	0.0005336963363517506	0.001038067046317357	0.0008975628452003135	0.00061384268246292	0.00021888570793427692	0.0005977332933547017
G[C>G]T	0.001098099593656601	0.0013438186777548463	0.003733212942126487	0.00438108629070106	0.00493012681466114	0.010378875966563141	0.005941770793803139	0.0020600391516865067
G[C>T]A	0.0032424562744617865	0.01034292332537817	0.015190207104251518	0.010626435790816317	0.009921300224587756	0.024113976447938668	0.016331284041492856	0.007868711566429515
G[C>T]C	0.016409091323565824	0.011919057352405461	0.02136574022455383	0.006546353209180933	0.003730137744803523	0.014869494101947833	0.014896742016588646	0.003727880416156368
G[C>T]G	0.0038220108602430736	0.004186065321732165	0.05565303587990543	0.030492365552409074	0.007894457472406401	0.015752905701040935	0.009145310799582805	0.01597490820137294
G[C>T]T	0.01404406960010939	0.011592536105525637	0.016815363294536912	0.0091195735514406	0.016142371286140603	0.012157597889138042	0.00756270207930206	0.005951142981782587
G[T>A]A	0.0017219080748614175	0.00037920506669697463	0.003200239421298029	0.00304715172519471	0.0034980890328429465	0.0002980727069940771	0.004118723786359152	0.0015364252543773396
G[T>A]C	0.00044154767679530635	0.0018618597157781713	0.002745097138443515	0.002599031564572595	0.003564937261638283	0.002189349446309468	0.0026575325140968395	0.0006607094483097544
G[T>A]G	0.0017212744727672768	0.0011633489524831093	0.004460409832137994	0.00306104551553635	0.004864381398743937	0.001665724421176816	0.0020883405039418923	0.002295510486527498
G[T>A]T	0.0017653031774146333	0.0010626176729888906	0.0038400222419932117	0.0025910218198260644	0.005783530852528206	0.0016156464229502947	0.004806187734359371	0.002117749054306904
G[T>C]A	0.0035839193161705694	0.002341006104235422	0.021291442562615816	0.005586696520808355	0.006070264035497923	0.008855775317559994	0.011392450062624683	0.005106978340273221
G[T>C]C	0.0012295735735350292	0.0026281575886638333	0.0218781367854649	0.002647970954924172	0.003359332888810769	0.001371145378993231	0.023477851040653433	0.0032036269983564277
G[T>C]G	0.0008379927985539319	0.0022470027477246696	0.012034399565393109	0.0021240774983129086	0.00033139959462111446	7.941527395896504e-05	0.005475169482898882	0.19172227120758675
G[T>C]T	0.031652078828777123	0.003835601359066114	0.03387825593492912	0.008186732246711086	0.0022566493840139425	0.002004491799887425	0.01016980712858757	0.007825292077236336
G[T>G]A	0.0011472004710750268	0.0006694191798110898	0.0028710630524585545	0.0001339945256026048	0.0025621581423321605	0.001194522973008243	0.0023453414375223117	0.001090872133152513
G[T>G]C	0.0005768134306720551	0.0009678330144000597	0.0036812149148975903	0.0010010496260022689	0.000807401772346976	0.0007436579270726188	0.0031657869648757334	0.0009878992420230956
G[T>G]G	0.016658228472326213	0.0007268965062732098	0.012934721656135633	0.0025772028025783907	0.006778714314854372	0.001934673017574704	0.0016869497330676214	0.021049960028559668
G[T>G]T	0.0008379290939493677	0.001209279335079075	0.007115246479187345	0.000330625513633896	0.0147951445641455	0.0015723054192360228	0.011531542310870006	0.0007157123155221706
T[C>A]A	0.0052011828970295795	0.00284342091440248	0.009195204738993807	0.012802843760650067	0.01618165532208286	0.037832671255493805	0.010509006554702712	0.004485237946455232
T[C>A]C	0.0023893349045091055	0.009665936677649131	0.006481799305529005	0.01189642482421131	0.008580084800529898	0.025507170399541253	0.008409212920977382	0.003018847777366339
T[C>A]G	0.0003311424902661284	0.0004616410358951881	0.002764579100773303	0.0018190481283930277	0.0022898614689608973	0.001148753285988993	0.00013918698392602688	0.000907342067203595
T[C>A]T	0.00403409662154098	0.007394205472198046	0.018668552289090232	0.0301264650472374	0.02169506409949401	0.04766495787589461	0.010736188715886637	0.008540329073553272
T[C>G]A	0.004836030513400479	0.001237860031654397	0.0004032163083015381	0.0055887038766064745	0.0034503583576412167	0.07688957890227549	0.010903871676059025	0.0017667029381144784
T[C>G]C	0.003472272472687395	0.0023251634394237507	0.0027874528050574675	0.006210857580883568	0.0013900154371820793	0.029270149748976217	0.010603197299107059	0.002842409536161883
T[C>G]G	0.0004057041252150735	0.00020073278534267527	0.0015767159514586933	5.890276490085136e-05	0.0006131572732182107	0.0023543384261878984	0.0011613443786263674	0.0008558140465575923
T[C>G]T	0.010429403304300002	0.0044489368976834915	0.001014642644892243	0.011289872381700497	0.00026172374180237116	0.11959545550130565	0.021515060169666	0.0017861001591650825
T[C>T]A	0.12875189989745098	0.03715471768292675	0.0009426451059692805	0.009655611007949864	0.0591000068377715	0.09564252733538084	0.006704067703609045	0.004481882465874176
T[C>T]C	0.23303459981464741	0.09726883591084158	0.012964826028796209	0.0011137126878820716	0.02060759877883634	0.02380305970642917	0.004167818401048272	0.0014017799145469492
T[C>T]G	0.057645061663259396	0.004265486790495149	0.022889939554797144	0.012817639012155935	0.007089768931061174	0.008025880471033187	0.002469891475917378	0.010400459986728403
T[C>T]T	0.08437956212730845	0.08519576380512826	0.008797590428732122	0.008080150202125073	0.06089009980246479	0.07250855730530614	0.0005932163482271735	0.004474523807766355
T[T>A]A	0.0050657743924700845	0.0022187619173497327	0.03212718824299263	0.009090579237634898	0.014810504356077217	0.003404265118447953	0.015065511422011799	0.004376827012873764
T[T>A]C	0.00164516749484899	0.001186772007894925	0.007329357754114896	0.002910957819747932	0.007404760831039825	0.0019416772626832533	0.0034126439347078067	0.002236960763128784
T[T>A]G	0.003159848591007396	0.0011072826105021471	0.004108905272379211	0.002450204258754864	0.007560516635405915	0.000183192637957405	0.004214565631822591	0.0014637992021403362
T[T>A]T	0.00960952464608278	0.0021377987457212298	0.010179623331196581	0.005818717289800512	0.022220538006728834	0.003063340456584421	0.010195429092944757	0.00335606165141971
T[T>C]A	0.010131180790041607	0.0014874901663730119	0.01596185998972307	0.00951287883940229	0.01638212535690379	0.0028736024557949294	0.011990769582883167	0.005983653775039229
T[T>C]C	0.00404696162343925	0.0011334220092797825	0.018633277300089953	0.006324075992954054	0.010088804301443658	0.007760896946657128	0.026346778765652168	0.0054243654438260866
T[T>C]G	0.0027320541366980373	0.0007234093004883879	8.426947970867247e-19	0.0019824569163811065	0.002437607421200819	0.0028927920421083744	0.0009307603671757114	0.2515725945273965
T[T>C]T	0.009192824714819196	0.0012293840013155915	0.02132947481017261	0.01092427430658739	0.019380745112292857	0.006603500185119401	0.01250691512318805	0.0062057893674470725
T[T>G]A	0.0034587845981530604	0.0006462471685361824	0.009887701152182625	0.0016139204364148058	0.005544875430227793	0.0023511684426164477	0.013550714142917062	0.0022383687038816692
T[T>G]C	0.0010394694903901307	0.0004038451702431803	0.005703867602595182	0.00021122913842262387	0.004182928726342582	0.0008451185351244141	0.004570583605449799	0.0017989600357630562
T[T>G]G	0.004119652116854684	0.0015447204677939746	0.0061060799733792465	0.0025454749329707643	0.01243610187564698	0.0036485620341262263	0.006517196125206669	0.0017145297452592016
T[T>G]T	0.0028130715166977786	0.0016999140682223018	0.01696889981352018	0.0018442979523723897	0.026214115818719592	0.0061607658193150484	0.020108187331456518	0.0032562895533004353
