MutationType	SBS96A	SBS96B	SBS96C	SBS96D	SBS96E	SBS96F	SBS96G	SBS96H
A[C>A]A	1.51E-04	2.41E-05	7.46E-05	9.02E-05	3.66E-05	9.43E-05	1.01E-04	3.87E-05
A[C>A]C	1.21E-04	3.02E-05	4.13E-05	7.34E-05	2.71E-05	5.59E-05	5.85E-05	1.85E-05
A[C>A]G	2.31E-05	4.11E-06	1.60E-05	1.66E-05	1.24E-05	1.58E-05	1.96E-05	5.01E-06
A[C>A]T	1.01E-04	1.78E-05	4.57E-05	7.26E-05	2.72E-05	4.95E-05	6.07E-05	2.14E-05
A[C>G]A	6.90E-05	1.58E-05	5.47E-05	9.21E-05	3.46E-05	7.27E-05	7.53E-05	2.70E-05
A[C>G]C	4.55E-05	1.23E-05	3.51E-05	5.33E-05	2.48E-05	4.81E-05	5.14E-05	1.97E-05
A[C>G]G	1.71E-05	3.47E-06	1.70E-05	1.63E-05	1.08E-05	2.47E-05	2.35E-05	5.95E-06
A[C>G]T	7.88E-05	1.40E-05	4.22E-05	7.33E-05	2.84E-05	6.96E-05	6.86E-05	3.43E-05
A[C>T]A	1.13E-04	7.57E-05	6.13E-05	6.88E-05	5.21E-05	9.48E-05	9.48E-05	3.61E-05
A[C>T]C	2.22E-05	1.20E-04	4.22E-05	8.72E-05	3.16E-05	8.07E-05	7.95E-05	7.60E-05
A[C>T]G	9.76E-05	4.93E-05	8.55E-05	1.40E-04	7.22E-05	1.34E-04	1.66E-04	7.16E-05
A[C>T]T	1.12E-04	1.41E-04	7.34E-05	1.87E-05	5.22E-05	1.03E-04	1.18E-04	8.01E-05
A[T>A]A	7.25E-05	1.58E-05	3.64E-05	5.76E-05	3.07E-05	4.27E-05	5.61E-05	3.21E-05
A[T>A]C	5.68E-05	1.40E-05	3.12E-05	3.90E-05	2.24E-05	4.74E-05	4.69E-05	1.61E-05
A[T>A]G	4.63E-05	1.39E-05	3.73E-05	4.25E-05	2.27E-05	2.88E-05	4.42E-05	2.16E-05
A[T>A]T	7.64E-05	1.76E-05	4.81E-05	5.42E-05	3.62E-05	5.58E-05	6.94E-05	2.77E-05
A[T>C]A	1.23E-04	2.34E-05	5.70E-05	8.01E-05	4.72E-05	7.69E-05	7.47E-05	4.09E-05
A[T>C]C	8.09E-05	1.34E-05	3.09E-05	5.31E-05	2.71E-05	4.38E-05	4.62E-05	1.98E-05
A[T>C]G	5.61E-05	1.48E-05	4.92E-05	5.98E-05	1.58E-04	5.76E-05	6.12E-05	2.16E-05
A[T>C]T	1.12E-04	1.98E-05	5.23E-05	7.73E-05	4.43E-05	7.01E-05	7.30E-05	4.42E-05
A[T>G]A	1.36E-05	1.11E-05	1.32E-05	1.00E-04	2.20E-05	3.53E-05	7.51E-05	3.29E-05
A[T>G]C	2.90E-05	1.74E-06	1.22E-05	3.92E-05	9.81E-06	2.83E-05	3.43E-05	1.21E-05
A[T>G]G	1.60E-04	2.18E-05	2.97E-05	3.60E-05	3.04E-05	1.72E-05	7.56E-05	4.16E-05
A[T>G]T	1.30E-04	1.01E-05	2.37E-05	8.71E-05	1.97E-05	2.85E-05	4.79E-05	1.32E-05
C[C>A]A	2.26E-04	3.03E-04	4.38E-04	7.46E-04	7.89E-05	1.82E-04	7.82E-05	4.41E-05
C[C>A]C	6.23E-05	4.44E-05	9.65E-05	1.33E-04	3.25E-05	6.93E-05	6.04E-05	2.32E-05
C[C>A]G	3.42E-05	4.02E-05	7.12E-05	1.03E-04	1.87E-05	2.52E-06	3.25E-05	1.45E-06
C[C>A]T	1.26E-04	1.44E-04	2.88E-04	4.92E-04	5.56E-05	9.54E-05	1.98E-05	3.52E-05
C[C>G]A	4.58E-05	9.82E-06	3.44E-05	4.01E-05	2.05E-05	5.37E-05	4.32E-05	1.47E-05
C[C>G]C	4.13E-05	1.14E-05	3.26E-05	3.84E-05	2.00E-05	4.69E-05	4.06E-05	9.88E-06
C[C>G]G	1.95E-05	6.24E-06	1.42E-05	1.75E-05	8.96E-06	2.15E-05	1.97E-05	3.86E-06
C[C>G]T	5.29E-05	1.17E-05	3.75E-05	5.09E-05	2.26E-05	6.76E-05	5.09E-05	2.01E-05
C[C>T]A	3.57E-04	6.74E-05	5.89E-05	8.26E-05	4.75E-05	1.05E-04	8.94E-05	9.21E-05
C[C>T]C	3.19E-04	2.70E-04	6.87E-05	4.67E-04	4.74E-05	2.58E-05	4.83E-06	1.65E-04
C[C>T]G	6.36E-05	2.63E-05	6.13E-05	7.03E-05	4.89E-05	9.59E-05	9.91E-05	4.28E-05
C[C>T]T	3.86E-04	1.41E-04	6.98E-05	1.80E-04	3.71E-05	9.80E-05	4.86E-05	1.90E-04
C[T>A]A	4.86E-05	2.14E-05	3.22E-05	6.69E-05	2.60E-05	2.20E-05	3.51E-05	1.53E-05
C[T>A]C	6.71E-05	1.77E-05	3.01E-05	4.88E-05	2.20E-05	3.37E-05	3.98E-05	1.07E-05
C[T>A]G	5.95E-05	2.18E-05	2.86E-05	5.24E-05	2.22E-05	1.95E-05	3.59E-05	2.03E-05
C[T>A]T	1.28E-04	2.51E-05	3.59E-05	8.15E-05	2.17E-05	1.42E-05	5.27E-05	1.73E-05
C[T>C]A	5.10E-05	1.47E-05	4.01E-05	5.92E-05	4.85E-05	4.52E-05	4.89E-05	1.75E-05
C[T>C]C	1.53E-04	2.08E-05	3.79E-05	1.05E-04	7.46E-05	5.52E-05	7.77E-05	2.62E-05
C[T>C]G	6.56E-05	1.63E-05	4.02E-05	5.31E-05	1.13E-04	4.82E-05	5.05E-05	1.46E-05
C[T>C]T	2.56E-04	2.06E-05	3.99E-05	1.70E-04	3.63E-05	5.40E-05	9.11E-05	2.54E-05
C[T>G]A	2.95E-05	8.29E-06	2.21E-05	2.96E-05	2.64E-05	2.28E-05	2.92E-05	9.86E-06
C[T>G]C	6.09E-05	7.14E-06	2.13E-05	4.35E-05	2.37E-05	2.21E-05	3.13E-05	6.90E-06
C[T>G]G	6.90E-05	1.55E-05	3.69E-05	4.38E-05	2.81E-05	4.49E-05	5.32E-05	4.52E-05
C[T>G]T	7.58E-04	2.27E-05	2.18E-05	6.02E-04	4.31E-05	5.38E-05	1.48E-04	1.13E-05
G[C>A]A	8.84E-05	2.24E-05	5.27E-05	5.93E-05	2.63E-05	8.15E-05	8.11E-05	2.85E-05
G[C>A]C	7.02E-05	2.43E-05	3.75E-05	5.03E-05	2.05E-05	4.70E-05	4.65E-05	1.37E-05
G[C>A]G	1.76E-05	1.72E-06	1.33E-05	7.22E-06	6.00E-06	1.99E-05	1.88E-05	2.64E-06
G[C>A]T	8.14E-05	1.72E-05	4.44E-05	4.64E-05	2.45E-05	6.41E-05	6.52E-05	1.51E-05
G[C>G]A	3.90E-05	9.52E-06	3.15E-05	4.00E-05	2.12E-05	3.88E-05	4.14E-05	7.22E-06
G[C>G]C	4.72E-05	1.43E-05	1.59E-05	7.47E-05	2.32E-05	5.06E-05	5.75E-05	2.31E-05
G[C>G]G	1.47E-05	1.41E-06	1.17E-05	9.50E-06	8.65E-06	1.35E-05	1.23E-05	4.20E-06
G[C>G]T	4.80E-05	1.11E-05	3.26E-05	3.94E-05	1.95E-05	5.23E-05	4.89E-05	1.40E-05
G[C>T]A	6.26E-05	2.89E-05	5.51E-05	7.43E-05	3.82E-05	9.58E-05	8.97E-05	2.67E-05
G[C>T]C	6.32E-05	3.21E-05	5.22E-05	7.89E-05	3.55E-05	8.71E-05	8.98E-05	5.45E-05
G[C>T]G	9.71E-05	3.97E-05	8.47E-05	1.24E-04	6.78E-05	1.15E-04	1.48E-04	8.45E-05
G[C>T]T	7.24E-05	2.85E-05	5.46E-05	5.67E-05	3.64E-05	7.12E-05	7.01E-05	2.70E-05
G[T>A]A	3.22E-05	7.18E-06	2.27E-05	3.05E-05	1.54E-05	1.46E-05	2.72E-05	9.54E-06
G[T>A]C	3.73E-05	1.09E-05	2.27E-05	2.99E-05	1.19E-05	2.97E-05	3.09E-05	6.98E-06
G[T>A]G	3.66E-05	9.19E-06	2.37E-05	2.98E-05	1.86E-05	3.16E-05	3.19E-05	1.04E-05
G[T>A]T	4.52E-05	9.45E-06	2.25E-05	3.97E-05	1.83E-05	2.94E-05	3.47E-05	1.10E-05
G[T>C]A	6.75E-05	1.53E-05	3.81E-05	5.89E-05	3.40E-05	5.67E-05	6.39E-05	3.80E-05
G[T>C]C	8.88E-05	1.90E-05	3.66E-05	9.93E-05	3.55E-05	4.15E-05	8.35E-05	4.70E-05
G[T>C]G	2.58E-05	1.78E-05	6.52E-05	8.29E-05	3.06E-04	1.20E-05	6.40E-05	3.14E-05
G[T>C]T	9.19E-05	4.98E-05	5.92E-05	8.18E-05	4.71E-05	7.55E-05	1.26E-04	1.09E-04
G[T>G]A	2.66E-05	6.74E-06	6.37E-06	2.45E-05	1.28E-05	2.06E-05	2.42E-05	7.95E-06
G[T>G]C	1.97E-05	7.54E-06	1.30E-05	2.90E-05	1.32E-05	1.96E-05	2.57E-05	9.29E-06
G[T>G]G	1.48E-04	2.62E-05	3.05E-05	3.34E-05	5.45E-05	4.53E-05	8.29E-05	3.97E-05
G[T>G]T	1.98E-04	1.17E-05	1.26E-05	1.47E-04	1.77E-05	3.43E-05	6.05E-05	1.24E-05
T[C>A]A	7.90E-05	2.13E-05	6.17E-05	6.95E-05	3.88E-05	1.06E-04	9.72E-05	3.61E-05
T[C>A]C	5.22E-05	2.59E-05	4.91E-05	5.71E-05	2.97E-05	8.61E-05	7.24E-05	2.70E-05
T[C>A]G	2.29E-05	5.70E-06	1.85E-05	8.32E-06	1.18E-05	2.42E-05	2.47E-05	5.90E-06
T[C>A]T	1.28E-04	3.90E-05	8.11E-05	1.10E-04	4.85E-05	1.42E-04	1.48E-04	4.50E-05
T[C>G]A	6.61E-05	2.19E-05	9.61E-05	9.59E-05	4.76E-05	1.65E-04	3.46E-05	7.76E-05
T[C>G]C	3.90E-05	1.61E-05	4.74E-05	5.57E-05	2.77E-05	8.55E-05	5.58E-05	3.86E-05
T[C>G]G	1.51E-05	3.81E-06	5.18E-06	1.42E-05	1.10E-05	2.31E-05	2.07E-05	6.29E-06
T[C>G]T	4.18E-05	3.73E-05	1.43E-04	1.54E-04	6.93E-05	2.47E-04	7.09E-05	1.36E-04
T[C>T]A	1.15E-03	1.84E-04	1.61E-04	1.11E-04	9.28E-05	2.61E-04	8.27E-05	2.80E-04
T[C>T]C	7.79E-04	3.06E-04	7.89E-05	1.61E-04	7.64E-05	3.42E-04	2.61E-04	2.80E-04
T[C>T]G	2.55E-04	9.14E-05	6.25E-05	6.98E-05	4.76E-05	1.11E-04	1.18E-04	8.44E-05
T[C>T]T	8.00E-04	1.25E-04	1.60E-04	4.35E-05	8.41E-05	1.93E-04	1.59E-04	2.62E-04
T[T>A]A	1.52E-04	1.84E-05	4.96E-05	8.25E-05	4.46E-05	6.11E-05	8.28E-05	4.86E-05
T[T>A]C	4.21E-05	9.90E-06	3.02E-05	3.36E-05	2.02E-05	3.40E-05	3.81E-05	1.39E-05
T[T>A]G	3.82E-05	1.07E-05	2.57E-05	3.51E-05	1.70E-05	1.22E-05	3.27E-05	1.93E-05
T[T>A]T	7.94E-05	2.08E-05	4.45E-05	6.79E-05	3.00E-05	5.14E-05	6.59E-05	5.56E-05
T[T>C]A	7.26E-05	2.01E-05	4.37E-05	6.14E-05	3.46E-05	5.76E-05	5.99E-05	2.54E-05
T[T>C]C	1.05E-04	1.75E-05	4.46E-05	1.01E-04	3.68E-05	6.51E-05	9.07E-05	3.62E-05
T[T>C]G	8.01E-05	1.74E-05	7.66E-05	8.12E-05	4.13E-04	6.81E-05	1.83E-21	4.34E-05
T[T>C]T	8.71E-05	1.97E-05	4.79E-05	7.06E-05	3.78E-05	6.10E-05	6.52E-05	2.88E-05
T[T>G]A	6.40E-05	1.09E-05	2.31E-05	7.30E-05	2.26E-05	4.34E-05	6.89E-05	2.22E-05
T[T>G]C	4.20E-05	6.63E-06	8.72E-06	3.38E-05	1.72E-05	2.14E-05	2.98E-05	9.74E-06
T[T>G]G	5.50E-05	1.35E-05	3.30E-05	4.42E-05	2.06E-05	4.34E-05	4.67E-05	3.21E-05
T[T>G]T	2.81E-04	1.71E-05	3.20E-05	1.91E-04	3.46E-05	5.88E-05	9.04E-05	2.19E-05
