Iteration	L1	L1 %	L2	L2 %	KL Divergence
1	162.661	15.803	57.225	10.514	0.054
2	162.669	15.662	58.31	10.522	0.052
3	161.158	15.358	55.497	9.907	0.052
4	169.759	16.255	61.304	11.042	0.053
5	159.53	15.685	56.278	10.523	0.056
6	159.23	15.353	56.434	10.169	0.052
7	160.872	15.44	55.969	10.185	0.052
8	162.559	15.762	57.145	10.484	0.054
9	156.225	15.376	54.216	10.205	0.054
10	168.499	16.098	61.29	10.891	0.053
11	151.59	14.797	52.914	9.63	0.051
12	159.487	15.472	55.399	10.308	0.052
13	157.13	15.202	54.622	10.018	0.054
14	158.3	15.364	55.959	10.239	0.052
15	148.492	14.408	51.202	9.429	0.051
16	163.432	15.774	57.813	10.42	0.053
17	162.869	15.719	56.488	10.356	0.055
18	159.047	15.357	57.068	10.335	0.052
19	159.981	15.497	55.186	10.194	0.053
20	160.969	15.374	55.912	10.044	0.052
21	164.19	15.844	57.609	10.562	0.052
22	154.959	14.925	53.705	9.743	0.051
23	159.683	15.552	55.715	10.331	0.054
24	163.666	15.728	57.763	10.427	0.053
25	162.269	15.826	57.459	10.476	0.053
26	157.375	15.202	55.803	10.217	0.052
27	159.377	15.487	55.592	10.333	0.052
28	158.607	15.397	56.525	10.4	0.053
29	156.821	15.124	53.91	9.763	0.051
30	160.214	15.529	56.084	10.279	0.055
31	157.792	15.274	54.23	10.056	0.055
32	162.311	15.883	57.491	10.722	0.054
33	159.824	15.649	56.107	10.268	0.053
34	152.558	14.984	52.484	9.91	0.052
35	162.422	15.74	57.947	10.631	0.053
36	156.484	15.214	56.031	10.254	0.051
37	162.977	15.751	58.551	10.705	0.053
38	160.816	15.621	57.177	10.39	0.052
39	160.466	15.771	56.028	10.553	0.056
40	158.813	15.311	53.808	9.886	0.052
41	163.74	15.841	58.321	10.717	0.054
42	156.861	15.239	55.705	10.221	0.05
43	158.921	15.423	55.167	10.145	0.052
44	162.7	15.629	57.799	10.362	0.052
45	161.62	15.608	56.233	10.338	0.054
46	160.713	15.661	56.391	10.399	0.054
47	157.696	15.291	55.328	9.981	0.052
48	151.66	14.883	51.755	9.723	0.052
49	155.607	15.15	54.307	10.111	0.051
50	158.525	15.4	55.953	10.128	0.052
51	163.302	15.874	58.797	10.832	0.054
52	156.474	15.443	55.547	10.419	0.053
53	160.677	15.727	57.175	10.657	0.053
54	161.297	15.781	56.443	10.561	0.054
55	156.687	15.082	56.365	10.168	0.051
56	157.713	15.337	55.881	10.363	0.051
57	159.107	15.417	56.034	10.174	0.053
58	159.177	15.233	55.965	9.988	0.053
59	154.728	15.062	53.04	9.761	0.052
60	158.571	15.383	55.403	10.104	0.053
61	153.146	14.898	52.427	9.726	0.051
62	159.43	15.461	56.428	10.45	0.053
63	159.498	15.349	56.821	10.38	0.051
64	153.785	14.918	52.291	9.737	0.052
65	153.117	14.827	54.146	9.938	0.049
66	169.019	16.378	61.538	11.107	0.054
67	155.702	14.92	53.356	9.583	0.052
68	157.835	15.231	54.379	9.814	0.054
69	162.497	15.444	58.348	10.304	0.05
70	166.96	16.111	60.043	10.973	0.053
71	161.899	15.621	57.359	10.341	0.052
72	155.519	15.21	53.997	9.891	0.053
73	157.856	15.456	53.568	10.046	0.054
74	160.934	15.777	56.379	10.482	0.054
75	162.074	15.701	58.563	10.609	0.053
76	160.471	15.473	56.18	10.176	0.052
77	155.56	15.259	53.444	10.039	0.054
78	160.454	15.373	57.421	10.313	0.051
79	160.636	15.444	56.293	10.165	0.051
80	160.653	15.656	57.572	10.526	0.053
81	161.705	15.706	56.943	10.506	0.054
82	158.059	15.432	55.435	10.254	0.053
83	163.473	15.838	58.285	10.731	0.054
84	156.841	15.176	54.54	10.019	0.052
85	159.966	15.317	56.97	10.235	0.051
86	163.739	15.607	58.306	10.395	0.052
87	160.574	15.407	55.661	9.903	0.053
88	162.861	15.736	57.072	10.404	0.053
89	160.511	15.773	57.995	10.694	0.053
90	165.883	15.793	59.678	10.608	0.053
91	160.713	15.378	55.79	9.967	0.054
92	164.103	15.805	59.463	10.769	0.052
93	161.237	15.454	56.815	10.277	0.053
94	157.985	15.443	56.115	10.298	0.053
95	161.931	15.584	56.338	10.273	0.053
96	155.134	15.025	53.282	9.79	0.053
97	154.713	15.051	53.335	10.029	0.053
98	160.25	15.435	56.589	10.049	0.051
99	157.914	15.124	55.431	9.983	0.051
100	167.109	16.122	60.746	10.838	0.053
101	164.915	16.004	58.25	10.784	0.055
102	158.721	15.506	56.293	10.59	0.052
103	157.63	15.202	57.293	10.462	0.05
104	160.789	15.581	55.907	10.227	0.053
105	155.122	14.937	53.597	9.782	0.05
106	161.503	15.533	57.784	10.43	0.052
107	155.924	15.128	54.795	10.062	0.051
108	158.213	15.324	55.783	10.266	0.053
109	154.737	14.972	54.245	9.918	0.05
110	159.897	15.491	56.157	10.262	0.053
111	156.774	15.552	55.55	10.558	0.054
112	155.559	15.143	54.343	9.979	0.053
113	159.99	15.657	55.741	10.311	0.055
114	157.607	15.342	54.478	9.983	0.052
115	160.687	15.491	57.067	10.325	0.051
116	156.401	15.074	53.29	9.724	0.052
117	161.799	15.742	57.829	10.523	0.054
118	159.82	15.482	54.957	10.128	0.053
119	159.134	15.439	56.462	10.43	0.052
120	159.769	15.537	55.785	10.335	0.053
121	156.776	15.096	54.336	9.919	0.053
122	153.149	14.756	53.228	9.697	0.05
123	159.591	15.352	56.668	10.18	0.052
124	160.677	15.595	58.735	10.639	0.052
125	166.033	16.102	59.102	10.896	0.056
126	157.841	15.349	54.41	9.993	0.053
127	153.87	14.865	53.365	9.758	0.051
128	155.283	15.07	53.941	9.95	0.052
129	156.116	15.123	54.682	10.008	0.052
130	164.447	15.902	58.774	10.69	0.053
131	155.692	15.051	54.666	10.063	0.051
132	151.518	14.659	52.139	9.646	0.051
133	157.88	15.534	55.459	10.452	0.053
134	158.478	15.455	54.887	10.085	0.054
135	159.477	15.305	55.194	9.921	0.052
136	159.872	15.411	56.616	10.257	0.052
137	159.667	15.444	55.472	10.18	0.052
138	161.834	15.772	57.365	10.651	0.054
139	162.189	15.528	58.456	10.428	0.052
140	159.901	15.458	56.606	10.218	0.052
141	155.041	15.09	53.847	10.01	0.051
142	160.421	15.597	57.688	10.466	0.052
143	162.183	15.637	57.774	10.486	0.052
144	163.046	15.695	57.984	10.481	0.052
145	159.233	15.568	56.245	10.454	0.052
146	157.244	15.293	54.81	10.125	0.053
147	156.284	15.216	53.73	10.026	0.052
148	156.448	15.239	54.702	10.099	0.052
149	158.56	15.478	55.582	10.262	0.053
150	162.74	15.879	56.141	10.506	0.055
151	160.654	15.398	56.132	10.195	0.052
152	161.588	15.853	56.953	10.618	0.054
153	157.942	15.457	55.147	10.317	0.052
154	163.619	15.866	57.899	10.574	0.054
155	166.872	16.037	60.898	10.957	0.052
156	160.179	15.597	57.234	10.434	0.052
157	158.858	15.488	55.917	10.432	0.053
158	160.069	15.553	55.552	10.261	0.053
159	156.191	15.188	56.134	10.251	0.05
160	156.284	15.311	54.829	10.3	0.053
161	164.072	15.795	59.572	10.64	0.051
162	150.942	14.833	51.37	9.7	0.052
163	165.469	15.973	59.092	10.761	0.053
164	159.719	15.405	56.043	10.108	0.053
165	156.022	14.982	54.984	9.978	0.05
166	157.469	15.262	55.313	10.228	0.052
167	168.709	16.196	60.636	10.981	0.054
168	160.919	15.687	56.067	10.432	0.052
169	155.693	15.272	53.597	9.998	0.053
170	163.666	15.767	59.18	10.613	0.052
171	162.357	15.491	57.792	10.291	0.051
172	159.833	15.515	57.005	10.414	0.053
173	151.69	14.884	52.146	9.739	0.052
174	165.002	16.072	59.075	10.959	0.054
175	163.276	15.905	57.173	10.546	0.054
176	157.846	15.302	55.246	10.175	0.052
177	162.011	15.537	58.089	10.419	0.051
178	159.804	15.315	56.073	10.078	0.051
179	160.006	15.352	57.026	10.219	0.052
180	164.666	16.026	59.432	10.786	0.054
181	159.309	15.445	55.073	10.098	0.053
182	156.636	15.233	55.418	10.17	0.052
183	153.86	15.048	52.027	9.723	0.052
184	162.204	15.864	58.377	10.77	0.054
185	148.495	14.661	50.784	9.597	0.051
186	160.384	15.446	56.913	10.41	0.053
187	161.299	15.644	56.663	10.361	0.054
188	161.999	15.608	57.631	10.504	0.052
189	156.495	15.2	54.423	10.055	0.052
190	156.126	15.242	55.216	10.233	0.052
191	154.067	14.917	53.131	9.774	0.052
192	162.661	15.911	58.166	10.866	0.055
193	155.717	15.182	54.089	10.037	0.051
194	153.063	15.099	53.779	10.369	0.053
195	159.604	15.465	56.199	10.17	0.051
196	160.422	15.521	55.909	10.243	0.052
197	161.928	15.721	57.843	10.499	0.054
198	156.621	15.321	54.118	10.299	0.052
199	162.095	15.679	58.193	10.564	0.052
200	152.476	14.76	52.475	9.589	0.05
201	154.314	15.081	53.65	10.053	0.052
202	172.292	16.342	61.132	10.77	0.056
203	164.714	15.842	57.426	10.499	0.054
204	160.23	15.57	55.028	10.194	0.055
205	157.461	15.083	54.802	9.859	0.051
206	159.214	15.606	56.738	10.597	0.054
207	161.652	15.562	58.221	10.448	0.051
208	159.444	15.347	54.844	9.939	0.054
209	166.931	16.118	58.953	10.745	0.055
210	161.46	15.698	56.438	10.294	0.052
211	161.531	15.541	58.237	10.526	0.052
212	158.193	15.554	55.171	10.361	0.054
213	162.309	15.657	57.276	10.421	0.052
214	160.383	15.649	56.526	10.372	0.054
215	161.262	15.44	56.351	10.088	0.052
216	160.299	15.545	56.827	10.414	0.053
217	157.04	15.188	55.103	10.071	0.052
218	154.141	14.994	52.594	9.764	0.053
219	158.35	15.412	55.593	10.256	0.052
220	157.504	15.326	54.815	10.188	0.053
221	155.018	14.808	53.635	9.571	0.05
222	152.513	14.982	52.664	9.944	0.052
223	162.069	15.798	59.118	10.906	0.054
224	163.293	15.737	57.398	10.421	0.054
225	164.164	15.996	57.423	10.651	0.055
226	160.908	15.596	56.571	10.333	0.052
227	159.762	15.411	55.262	10.137	0.053
228	158.903	15.389	55.621	10.073	0.051
229	152.035	14.915	52.899	9.897	0.052
230	154.958	15.212	53.873	10.164	0.053
231	160.654	15.657	56.086	10.424	0.054
232	160.166	15.568	57.212	10.453	0.053
233	161.584	15.421	57.395	10.233	0.051
234	159.415	15.438	56.041	10.253	0.053
235	155.304	15.048	54.54	10.026	0.051
236	161.984	15.648	56.001	10.244	0.054
237	162.149	15.565	58.064	10.307	0.053
238	153.568	14.801	52.152	9.518	0.051
239	162.843	15.586	58.28	10.583	0.053
240	158.977	15.283	56.111	10.126	0.054
241	156.316	15.005	53.612	9.735	0.05
242	159.44	15.45	56.02	10.22	0.052
243	166.547	16.121	58.755	10.867	0.055
244	157.445	15.313	56.494	10.373	0.051
245	155.643	15.004	53.807	9.913	0.052
246	153.384	14.856	53.152	9.781	0.052
247	157.249	15.254	54.671	10.031	0.052
248	158.123	15.306	55.748	10.152	0.054
249	153.381	14.899	53.67	9.961	0.05
250	161.712	15.571	56.38	10.304	0.054
251	156.611	15.139	54.606	9.961	0.051
252	158.146	15.42	55.858	10.359	0.053
253	159.346	15.396	55.496	10.039	0.052
254	164.733	15.74	58.623	10.44	0.052
255	160.768	15.524	57.252	10.445	0.052
256	159.645	15.354	54.179	9.965	0.053
257	160.506	15.488	57.644	10.498	0.052
258	163.331	15.622	58.685	10.372	0.051
259	157.059	15.221	54.887	10.083	0.052
260	162.97	15.806	57.71	10.564	0.054
261	160.742	15.698	57.872	10.704	0.054
262	160.942	15.661	57.809	10.726	0.051
263	166.524	15.771	59.254	10.413	0.053
264	163.161	15.972	58.294	10.7	0.056
265	155.461	15.096	54.369	9.986	0.052
266	160.643	15.482	56.981	10.356	0.052
267	162.131	15.567	56.034	10.119	0.052
268	163.751	15.729	58.487	10.494	0.053
269	161.816	15.748	56.557	10.424	0.054
270	164.419	15.948	57.08	10.527	0.055
271	157.81	15.359	54.341	10.13	0.053
272	156.493	15.325	55.818	10.306	0.052
273	163.56	15.793	56.684	10.52	0.054
274	156.688	15.115	52.604	9.643	0.052
275	164.719	15.931	59.241	10.714	0.053
276	160.33	15.558	56.624	10.292	0.054
277	156.486	15.327	53.725	10.045	0.054
278	164.256	15.791	59.23	10.574	0.053
279	162.149	15.752	56.547	10.417	0.053
280	158.946	15.259	55.011	10.028	0.054
281	157.95	15.398	55.029	10.175	0.054
282	160.458	15.534	55.603	10.309	0.053
283	155.173	14.941	54.569	9.764	0.051
284	159.852	15.614	55.388	10.315	0.054
285	157.558	15.457	54.547	10.169	0.053
286	160.324	15.419	56.091	10.238	0.051
287	156.588	15.402	54.027	10.115	0.054
288	161.015	15.67	57.425	10.618	0.054
289	159.57	15.527	55.871	10.33	0.053
290	161.962	15.69	56.477	10.438	0.054
291	167.003	16.067	60.082	10.87	0.054
292	152.74	14.886	53.165	9.805	0.05
293	163.058	15.509	57.479	10.117	0.051
294	157.143	15.142	54.894	9.955	0.05
295	162.001	15.904	57.081	10.57	0.054
296	162.063	15.659	57.262	10.666	0.053
297	156.159	15.048	53.729	9.635	0.053
298	151.863	14.789	51.973	9.692	0.052
299	156.335	15.216	53.735	9.894	0.054
300	166.318	15.983	60.012	10.8	0.052
301	150.918	14.691	50.84	9.415	0.051
302	155.993	14.968	54.363	9.839	0.052
303	160.211	15.28	56.747	10.121	0.052
304	159.023	15.212	56.36	9.991	0.051
305	164.111	15.845	58.797	10.665	0.052
306	166.472	16.102	59.621	10.915	0.054
307	166.403	15.981	59.565	10.663	0.052
308	155.059	14.973	53.962	9.833	0.052
309	162.465	15.55	57.327	10.261	0.053
310	160.016	15.325	55.974	10.07	0.053
311	161.326	15.891	57.469	10.881	0.055
312	162.098	15.709	57.51	10.571	0.052
313	156.11	15.074	55.258	9.998	0.051
314	159.56	15.791	56.921	10.698	0.053
315	158.919	15.408	55.511	10.155	0.053
316	166.994	16.152	60.562	10.965	0.054
317	157.696	15.29	55.931	10.332	0.052
318	161.502	15.686	56.654	10.438	0.054
319	161.208	15.562	57.477	10.542	0.053
320	161.487	15.538	56.061	10.181	0.053
321	159.462	15.455	55.462	10.244	0.054
322	159.423	15.531	56.381	10.368	0.053
323	162.89	15.64	58.528	10.432	0.054
324	158.562	15.434	55.422	10.225	0.051
325	164.844	16.059	59.168	10.958	0.054
326	156.696	15.227	53.912	10.039	0.053
327	162.873	15.894	56.946	10.575	0.055
328	157.617	15.312	55.322	10.178	0.053
329	168.532	16.196	60.405	10.863	0.054
330	161.206	15.543	55.619	10.209	0.054
331	160.482	15.378	56.475	10.226	0.053
332	163.337	15.667	57.668	10.334	0.052
333	162.082	15.65	58.457	10.599	0.05
334	161.064	15.689	56.55	10.414	0.054
335	158.68	15.245	55.592	9.816	0.051
336	166.729	15.994	60.151	10.671	0.054
337	158.421	15.218	56.18	10.038	0.05
338	160.306	15.847	56.484	10.698	0.055
339	161.202	15.717	56.571	10.559	0.054
340	158.527	15.418	55.047	10.221	0.053
341	157.768	15.403	54.993	10.281	0.053
342	159.263	15.577	55.789	10.408	0.053
343	155.921	15.187	54.724	10.077	0.053
344	157.591	15.15	54.261	9.768	0.053
345	157.396	15.454	54.618	10.314	0.054
346	161.105	15.667	58.846	10.641	0.051
347	161.948	15.652	56.974	10.441	0.054
348	159.132	15.39	55.18	10.084	0.052
349	158.081	15.169	55.566	10.007	0.05
350	156.131	15.09	54.349	9.914	0.052
351	161.555	15.599	57.906	10.487	0.052
352	162.691	15.575	58.075	10.309	0.053
353	153.984	15.052	53.222	9.869	0.052
354	155.684	15.111	54.997	10.022	0.051
355	160.544	15.375	55.942	10.031	0.052
356	162.099	15.731	56.507	10.448	0.053
357	163.119	15.842	58.318	10.644	0.054
358	154.45	15.165	53.578	10.174	0.053
359	161.569	15.61	56.426	10.449	0.054
360	157.563	15.281	54.863	10.154	0.053
361	157.067	15.145	54.221	9.85	0.052
362	159.387	15.397	56.329	10.145	0.052
363	156.676	15.242	54.226	9.932	0.052
364	155.53	15.12	54.66	10.071	0.052
365	162.357	15.672	58.21	10.524	0.054
366	168.448	16.032	59.985	10.61	0.053
367	158.99	15.456	56.565	10.372	0.053
368	158.339	15.225	56.897	10.271	0.051
369	161.429	15.492	57.086	10.191	0.053
370	159.274	15.431	55.933	10.262	0.052
371	155.856	14.785	54.949	9.635	0.05
372	163.761	16.04	59.502	10.989	0.054
373	157.569	15.291	55.666	10.216	0.053
374	163.457	15.819	57.523	10.498	0.055
375	159.191	15.399	56.551	10.326	0.052
376	161.288	15.198	56.872	9.9	0.05
377	155.896	15.149	55.3	10.019	0.052
378	152.067	14.759	52.835	9.811	0.05
379	159.852	15.644	56.221	10.575	0.053
380	161.155	15.668	57.456	10.472	0.054
381	153.812	14.844	52.951	9.705	0.052
382	158.644	15.495	55.109	10.318	0.053
383	157.311	15.271	54.276	10.141	0.051
384	159.154	15.514	55.225	10.343	0.054
385	151.888	14.642	53.484	9.711	0.048
386	166.769	16.13	58.066	10.789	0.055
387	161.531	15.744	56.622	10.554	0.054
388	153.174	15.023	53.684	10.035	0.053
389	163.056	15.51	58.574	10.305	0.051
390	159.893	15.345	55.57	10.054	0.053
391	158.497	15.246	55.757	10.073	0.053
392	158.142	15.544	54.936	10.279	0.053
393	163.372	15.942	58.78	10.8	0.055
394	157.249	15.221	54.546	9.985	0.052
395	153.371	14.998	53.708	10.006	0.051
396	156.791	15.112	55.307	9.941	0.052
397	159.389	15.286	56.454	10.246	0.05
398	158.815	15.355	55.259	10.015	0.052
399	154.89	15.24	53.992	10.19	0.053
400	158.047	15.444	55.106	10.238	0.053
401	156.36	15.115	54.874	9.944	0.051
402	159.374	15.483	55.992	10.284	0.053
403	166.017	15.963	58.624	10.666	0.052
404	156.07	15.342	54.96	10.286	0.053
405	156.87	15.324	55.381	10.2	0.052
406	153.969	14.911	52.193	9.635	0.053
407	153.512	14.904	52.631	9.715	0.051
408	155.447	15.145	54.629	10.141	0.053
409	158.958	15.48	55.672	10.293	0.052
410	154.233	14.896	53.056	9.665	0.05
411	167.07	16.322	59.946	11.122	0.057
412	150.95	14.816	51.199	9.735	0.051
413	157.854	15.29	55.32	10.271	0.052
414	151.184	14.835	53.114	10.0	0.051
415	159.697	15.476	56.169	10.175	0.052
416	159.25	15.515	57.655	10.623	0.052
417	161.177	15.746	56.288	10.484	0.054
418	160.703	15.43	56.871	10.196	0.052
419	161.824	15.786	57.542	10.618	0.053
420	159.836	15.616	56.66	10.549	0.053
421	159.556	15.543	56.773	10.541	0.053
422	160.187	15.435	56.446	10.265	0.051
423	164.434	15.879	58.896	10.62	0.052
424	161.065	15.592	57.06	10.346	0.052
425	156.209	15.084	54.516	10.016	0.048
426	162.757	15.649	56.951	10.263	0.054
427	160.355	15.45	56.985	10.445	0.054
428	165.366	16.19	59.364	11.11	0.055
429	162.114	15.866	57.313	10.72	0.053
430	163.172	15.784	59.292	10.753	0.052
431	157.519	15.223	54.674	9.935	0.051
432	155.707	15.074	53.453	9.707	0.053
433	162.44	15.566	56.938	10.283	0.052
434	166.358	15.985	59.284	10.727	0.053
435	163.35	15.818	57.146	10.411	0.055
436	170.434	16.446	61.729	11.1	0.056
437	157.231	15.284	55.454	10.226	0.052
438	161.74	15.802	57.443	10.67	0.054
439	156.988	15.403	54.632	10.334	0.054
440	170.864	16.385	61.095	10.973	0.055
441	162.033	15.519	56.958	10.204	0.052
442	159.569	15.675	56.172	10.658	0.054
443	165.076	15.91	60.115	10.757	0.052
444	159.991	15.314	56.732	10.137	0.051
445	166.317	15.957	59.481	10.752	0.054
446	159.391	15.41	56.639	10.226	0.052
447	156.768	15.191	55.258	10.082	0.05
448	159.465	15.393	55.53	10.038	0.053
449	160.096	15.523	55.761	10.093	0.053
450	159.716	15.546	56.973	10.49	0.053
451	164.942	15.924	60.951	10.989	0.052
452	165.403	15.928	59.215	10.791	0.053
453	162.92	15.656	58.613	10.514	0.051
454	160.458	15.62	56.971	10.449	0.052
455	156.809	15.176	55.724	10.087	0.051
456	148.956	14.534	50.638	9.385	0.05
457	156.731	15.143	54.23	9.88	0.052
458	161.783	15.498	55.85	10.246	0.053
459	159.592	15.594	55.957	10.339	0.054
460	158.239	15.375	55.347	10.185	0.052
461	160.344	15.402	56.616	10.233	0.052
462	163.164	15.728	56.812	10.36	0.054
463	161.292	15.653	55.777	10.33	0.054
464	157.194	15.195	54.151	9.855	0.052
465	159.319	15.414	56.07	10.273	0.053
466	155.944	15.191	53.499	9.866	0.052
467	151.977	14.692	53.707	9.747	0.049
468	155.229	14.861	52.307	9.436	0.051
469	155.331	14.972	54.137	9.949	0.052
470	156.16	15.391	55.529	10.455	0.052
471	156.534	15.224	54.175	10.098	0.052
472	157.789	15.341	55.471	10.191	0.052
473	166.649	15.791	58.677	10.249	0.052
474	161.414	15.596	57.414	10.299	0.052
475	157.131	15.453	54.146	10.178	0.053
476	158.093	15.214	53.827	9.717	0.052
477	162.511	15.467	57.18	10.17	0.052
478	159.789	15.522	55.699	10.209	0.053
479	157.343	15.352	56.309	10.412	0.052
480	154.83	14.828	53.725	9.733	0.052
481	164.167	16.043	58.147	10.834	0.054
482	157.071	15.289	53.983	9.941	0.054
483	160.975	15.688	56.697	10.443	0.053
484	160.003	15.512	57.088	10.471	0.052
485	163.924	15.76	58.857	10.533	0.053
486	165.191	15.889	59.434	10.628	0.053
487	163.399	15.535	58.852	10.399	0.051
488	159.244	15.235	55.538	9.948	0.053
489	161.571	15.518	57.013	10.219	0.054
490	157.421	15.289	55.283	10.121	0.052
491	161.918	15.787	56.73	10.532	0.055
492	156.579	15.384	54.963	10.346	0.052
493	152.249	14.792	53.122	9.753	0.051
494	158.25	15.438	55.591	10.247	0.053
495	159.247	15.453	55.103	10.126	0.053
496	163.911	15.911	57.911	10.481	0.055
497	155.383	15.085	54.296	9.933	0.051
498	164.729	16.083	59.475	11.066	0.055
499	157.439	15.175	54.019	9.778	0.052
500	158.285	15.387	56.14	10.206	0.052
501	160.254	15.469	56.335	10.293	0.052
502	160.391	15.437	55.543	10.041	0.053
503	162.92	15.924	57.928	10.81	0.054
504	155.877	15.317	54.19	10.286	0.052
505	156.406	15.166	55.687	10.073	0.051
506	159.523	15.379	56.548	10.241	0.051
507	165.263	15.854	59.199	10.578	0.053
508	155.176	14.976	54.371	9.862	0.052
509	158.033	15.494	54.682	10.163	0.055
510	160.316	15.554	56.333	10.339	0.053
511	164.42	16.013	58.169	10.775	0.055
512	160.799	15.31	56.493	9.954	0.052
513	165.375	15.663	59.2	10.376	0.052
514	157.796	15.182	55.759	10.088	0.05
515	159.893	15.403	56.733	10.259	0.052
516	161.742	15.629	57.642	10.38	0.052
517	156.955	15.211	54.325	10.07	0.053
518	163.554	15.903	58.737	10.85	0.054
519	167.863	16.052	60.129	10.682	0.053
520	159.11	15.504	55.484	10.278	0.054
521	158.003	15.254	54.214	9.988	0.052
522	163.734	15.976	57.668	10.677	0.055
523	157.238	15.306	54.674	10.066	0.052
524	161.119	15.519	56.114	10.193	0.054
525	161.772	15.553	57.139	10.423	0.052
526	165.471	15.932	57.978	10.56	0.054
527	164.876	15.883	58.986	10.769	0.053
528	157.032	15.369	55.479	10.315	0.053
529	154.948	14.997	53.099	9.782	0.051
530	152.995	14.949	53.766	10.031	0.051
531	159.003	15.464	56.719	10.502	0.052
532	153.288	15.047	52.771	9.86	0.053
533	159.09	15.501	56.675	10.465	0.052
534	157.664	15.44	54.44	10.188	0.053
535	159.61	15.491	56.017	10.342	0.054
536	160.511	15.465	57.542	10.27	0.051
537	157.259	15.171	55.265	10.028	0.05
538	158.059	15.385	55.876	10.257	0.053
539	161.124	15.597	57.19	10.355	0.054
540	164.142	15.917	57.621	10.559	0.054
541	158.639	15.47	55.167	10.139	0.052
542	161.395	15.554	56.407	10.275	0.053
543	157.042	14.958	53.888	9.727	0.051
544	156.672	15.371	54.681	10.315	0.053
545	157.28	15.071	56.525	10.099	0.05
546	160.683	15.503	56.571	10.328	0.052
547	166.765	16.351	60.133	11.109	0.056
548	152.9	15.13	53.029	10.118	0.052
549	157.281	15.327	54.937	10.211	0.052
550	161.914	15.921	57.781	10.881	0.053
551	156.267	15.178	54.457	9.866	0.051
552	159.273	15.389	55.941	10.14	0.051
553	153.68	14.658	53.008	9.623	0.049
554	156.956	15.243	55.067	10.217	0.052
555	158.134	15.219	56.238	10.112	0.052
556	161.634	15.634	56.814	10.385	0.054
557	163.69	15.969	59.229	10.882	0.054
558	161.946	15.818	57.194	10.606	0.054
559	155.327	14.879	53.965	9.75	0.051
560	161.63	15.542	58.054	10.529	0.05
561	163.221	15.64	58.159	10.428	0.053
562	161.396	15.506	57.234	10.271	0.053
563	159.046	15.485	55.291	10.2	0.053
564	160.872	15.434	57.426	10.409	0.052
565	161.051	15.563	57.238	10.476	0.053
566	159.082	15.557	56.041	10.354	0.053
567	157.16	15.243	55.413	10.177	0.053
568	156.507	15.106	55.04	10.006	0.052
569	160.065	15.257	56.481	10.157	0.052
570	166.961	16.019	60.494	10.856	0.053
571	159.932	15.377	55.464	10.003	0.053
572	157.048	15.284	54.851	10.041	0.053
573	155.157	14.668	53.177	9.412	0.051
574	153.601	14.928	52.776	9.776	0.051
575	159.169	15.291	56.038	10.178	0.052
576	159.197	15.63	56.574	10.595	0.052
577	159.467	15.299	57.361	10.358	0.052
578	167.546	16.074	60.719	10.837	0.054
579	157.326	15.193	55.374	10.021	0.051
580	155.486	15.029	53.131	9.81	0.052
581	160.169	15.806	55.739	10.484	0.054
582	158.443	15.548	57.188	10.687	0.052
583	159.318	15.464	56.744	10.333	0.051
584	162.124	15.736	56.825	10.527	0.055
585	154.917	15.095	53.83	9.934	0.051
586	161.588	15.577	56.239	10.167	0.053
587	161.282	15.449	59.175	10.446	0.05
588	161.378	15.49	57.218	10.483	0.052
589	162.718	15.599	57.257	10.251	0.054
590	161.594	15.687	57.171	10.437	0.053
591	154.013	14.838	54.357	9.881	0.051
592	163.706	15.54	58.086	10.356	0.052
593	156.964	15.283	55.69	10.185	0.051
594	165.879	16.011	59.516	10.792	0.055
595	162.899	15.641	57.796	10.494	0.053
596	164.399	15.969	61.222	11.164	0.052
597	164.49	15.871	58.785	10.67	0.053
598	168.847	16.291	60.828	10.938	0.054
599	159.689	15.584	55.94	10.459	0.054
600	162.484	15.553	57.87	10.346	0.052
601	158.915	15.429	55.807	10.264	0.053
602	162.566	15.925	58.054	10.723	0.053
603	158.078	15.037	57.037	10.103	0.05
604	159.354	15.489	56.477	10.324	0.053
605	164.747	15.977	59.322	10.886	0.052
606	163.622	15.716	57.018	10.496	0.054
607	151.41	14.731	52.016	9.702	0.052
608	159.337	15.31	56.851	10.254	0.051
609	163.794	15.634	58.003	10.344	0.051
610	163.215	15.802	58.002	10.741	0.054
611	157.613	15.308	54.398	10.05	0.053
612	158.563	15.398	56.749	10.491	0.053
613	160.183	15.268	56.092	9.944	0.051
614	159.577	15.469	57.051	10.429	0.051
615	158.409	15.403	55.425	10.298	0.053
616	158.119	15.226	55.038	10.078	0.051
617	167.792	16.091	60.18	10.814	0.055
618	160.172	15.506	55.254	10.213	0.054
619	155.752	15.136	53.383	9.923	0.051
620	162.441	15.993	58.453	10.936	0.054
621	159.058	15.259	56.341	10.016	0.052
622	159.522	15.326	55.749	10.039	0.052
623	158.368	15.446	55.357	10.254	0.052
624	156.931	15.03	55.526	9.987	0.05
625	163.814	15.923	58.445	10.771	0.053
626	156.275	15.219	54.632	10.157	0.054
627	160.353	15.646	56.82	10.543	0.053
628	161.425	15.687	57.309	10.508	0.053
629	160.424	15.68	56.688	10.456	0.053
630	161.646	15.754	57.671	10.668	0.053
631	156.429	15.267	55.797	10.272	0.05
632	164.396	15.764	58.889	10.472	0.052
633	163.604	16.126	59.157	11.015	0.054
634	161.674	15.554	55.713	10.081	0.053
635	157.199	15.22	53.581	9.987	0.053
636	157.516	15.114	55.273	9.869	0.051
637	158.245	15.319	56.622	10.404	0.05
638	160.286	15.501	55.92	10.259	0.052
639	152.497	14.664	51.321	9.338	0.051
640	162.835	15.916	57.491	10.74	0.054
641	160.471	15.529	56.477	10.079	0.055
642	163.223	15.792	57.496	10.497	0.054
643	163.575	15.938	57.93	10.82	0.055
644	160.293	15.688	56.508	10.589	0.053
645	159.183	15.509	56.76	10.47	0.052
646	163.873	15.803	58.451	10.628	0.053
647	160.178	15.532	57.143	10.502	0.052
648	163.686	16.026	58.437	10.787	0.054
649	165.547	15.914	59.039	10.599	0.053
650	160.739	15.607	56.941	10.434	0.053
651	156.407	15.131	54.472	9.92	0.052
652	165.336	15.781	58.515	10.434	0.054
653	161.981	15.677	56.961	10.424	0.054
654	164.194	15.81	57.604	10.504	0.053
655	165.076	15.871	59.042	10.703	0.053
656	156.619	15.009	54.99	9.947	0.051
657	159.882	15.67	56.311	10.531	0.054
658	155.474	15.066	53.82	9.843	0.051
659	163.885	15.91	58.501	10.802	0.053
660	158.731	15.206	56.316	10.081	0.05
661	156.566	15.195	53.699	9.982	0.052
662	163.257	15.867	59.501	10.817	0.053
663	167.284	16.157	59.062	10.828	0.054
664	160.757	15.431	57.041	10.26	0.052
665	160.389	15.611	56.267	10.354	0.053
666	162.873	15.702	57.904	10.443	0.053
667	161.629	15.849	57.084	10.678	0.055
668	158.284	15.145	55.578	10.009	0.052
669	156.174	15.132	52.952	9.886	0.053
670	162.6	15.65	57.005	10.35	0.052
671	158.659	15.481	55.933	10.354	0.052
672	164.098	15.992	57.635	10.622	0.054
673	155.381	15.22	54.812	10.294	0.052
674	155.589	15.197	52.668	9.81	0.053
675	165.218	15.993	59.348	10.745	0.053
676	163.571	15.695	58.594	10.546	0.053
677	157.712	15.106	55.769	10.112	0.051
678	156.961	15.337	55.639	10.279	0.052
679	156.037	15.14	55.588	10.173	0.051
680	160.729	15.579	56.914	10.412	0.053
681	158.117	14.983	55.262	9.712	0.05
682	158.804	15.165	55.123	9.815	0.052
683	162.727	15.766	57.787	10.696	0.053
684	155.591	15.198	53.681	10.074	0.052
685	162.81	15.753	57.407	10.43	0.053
686	165.818	15.941	57.925	10.533	0.054
687	164.322	15.917	58.927	10.734	0.054
688	161.057	15.474	56.243	10.309	0.052
689	163.457	15.773	56.788	10.437	0.054
690	160.412	15.426	56.674	10.275	0.051
691	161.166	15.462	57.358	10.295	0.051
692	159.933	15.474	57.038	10.411	0.053
693	159.041	15.419	55.363	10.129	0.055
694	159.852	15.489	55.425	10.22	0.053
695	159.008	15.369	54.826	9.989	0.054
696	160.04	15.607	56.539	10.43	0.053
697	159.592	15.546	55.429	10.357	0.054
698	159.565	15.718	56.382	10.652	0.054
699	160.134	15.542	56.307	10.354	0.054
700	161.652	15.725	56.129	10.472	0.054
701	155.347	15.272	54.508	10.267	0.053
702	167.379	16.408	60.957	11.263	0.055
703	161.289	15.288	57.367	10.103	0.051
704	157.325	15.342	54.681	10.16	0.052
705	161.968	15.522	57.708	10.266	0.05
706	157.196	15.03	54.291	9.891	0.051
707	160.836	15.618	57.666	10.524	0.053
708	152.894	14.957	54.2	9.899	0.051
709	164.408	15.993	58.093	10.682	0.055
710	155.99	15.002	54.285	9.837	0.052
711	161.782	15.605	57.696	10.491	0.052
712	163.804	15.667	58.374	10.492	0.052
713	162.211	15.714	57.737	10.581	0.054
714	155.386	15.187	54.759	10.202	0.051
715	155.788	15.223	53.956	10.02	0.053
716	158.729	15.391	56.267	10.242	0.053
717	161.411	15.452	56.951	10.156	0.053
718	160.829	15.48	57.511	10.4	0.051
719	159.898	15.645	56.269	10.453	0.053
720	157.609	15.135	55.926	10.085	0.051
721	154.995	15.209	54.42	10.105	0.052
722	157.427	15.113	55.128	9.903	0.051
723	160.423	15.507	57.035	10.395	0.051
724	161.437	15.546	58.293	10.597	0.051
725	160.252	15.457	55.694	10.073	0.053
726	157.32	15.316	53.581	10.059	0.053
727	161.714	15.601	57.603	10.508	0.052
728	156.726	15.303	55.295	10.251	0.053
729	156.743	15.128	56.165	10.178	0.05
730	156.427	15.153	54.713	10.005	0.051
731	159.042	15.55	56.486	10.415	0.053
732	157.704	15.036	54.635	9.685	0.05
733	159.141	15.518	56.854	10.335	0.052
734	160.93	15.734	57.278	10.646	0.055
735	161.955	15.869	58.248	10.683	0.055
736	168.618	16.164	59.994	10.765	0.054
737	157.363	15.328	55.147	10.402	0.052
738	159.003	15.453	56.22	10.306	0.053
739	163.628	15.915	57.251	10.499	0.055
740	161.263	15.587	57.522	10.448	0.052
741	167.071	16.025	60.097	10.792	0.052
742	171.15	16.648	62.152	11.456	0.056
743	155.828	14.979	54.173	9.804	0.051
744	158.355	15.235	56.185	10.13	0.051
745	162.906	15.656	58.166	10.353	0.052
746	165.01	16.09	59.168	10.954	0.053
747	153.723	14.933	52.385	9.747	0.052
748	157.973	15.256	55.812	10.165	0.051
749	161.524	15.697	57.854	10.657	0.053
750	162.979	15.606	57.461	10.284	0.052
751	156.909	15.242	54.456	10.006	0.053
752	163.215	15.735	56.461	10.248	0.053
753	164.098	15.793	58.713	10.613	0.054
754	157.986	15.421	56.081	10.357	0.052
755	161.089	15.812	57.402	10.834	0.054
756	166.146	15.944	59.158	10.595	0.054
757	159.259	15.577	56.342	10.531	0.053
758	164.678	15.795	58.808	10.651	0.053
759	158.485	15.309	55.441	10.099	0.053
760	160.909	15.498	57.907	10.429	0.05
761	158.759	15.683	56.754	10.716	0.054
762	156.132	15.141	53.269	9.792	0.052
763	154.91	15.206	53.638	10.188	0.052
764	157.798	15.373	54.793	10.121	0.053
765	163.688	15.977	56.782	10.461	0.055
766	160.639	15.634	55.149	10.167	0.054
767	157.889	15.244	55.396	10.059	0.051
768	155.429	15.005	54.496	9.841	0.051
769	158.749	15.348	55.557	10.087	0.052
770	159.057	15.388	56.011	10.331	0.052
771	159.395	15.608	57.061	10.658	0.054
772	159.243	15.292	56.017	10.07	0.051
773	160.471	15.598	56.124	10.257	0.054
774	165.236	16.052	60.356	10.886	0.054
775	161.364	15.796	57.612	10.771	0.055
776	164.802	15.828	58.113	10.489	0.055
777	161.84	15.653	57.423	10.576	0.052
778	163.756	15.707	57.76	10.275	0.052
779	156.663	15.264	54.214	10.109	0.052
780	164.222	16.086	58.467	10.97	0.055
781	161.653	15.921	57.135	10.705	0.055
782	164.885	16.019	58.907	10.842	0.054
783	157.689	15.334	55.36	10.096	0.053
784	159.634	15.534	56.65	10.413	0.053
785	159.935	15.396	56.292	10.068	0.052
786	161.361	15.581	56.243	10.304	0.053
787	156.978	15.379	54.272	10.048	0.053
788	165.86	15.844	59.554	10.584	0.052
789	162.51	15.625	58.236	10.472	0.053
790	154.959	14.828	54.474	9.763	0.049
791	151.714	14.779	51.405	9.542	0.052
792	160.745	15.685	55.737	10.325	0.055
793	163.607	15.713	57.712	10.386	0.053
794	170.575	16.385	61.929	11.143	0.054
795	157.446	15.153	54.173	9.797	0.052
796	166.308	15.8	58.785	10.467	0.053
797	161.203	15.554	57.0	10.376	0.053
798	164.099	15.871	57.667	10.54	0.054
799	163.959	15.671	57.928	10.335	0.052
800	162.077	15.68	57.613	10.476	0.054
801	162.84	15.739	58.528	10.626	0.052
802	164.325	15.933	57.227	10.542	0.055
803	159.305	15.206	56.065	9.954	0.05
804	160.322	15.374	55.198	9.902	0.054
805	158.269	15.27	54.276	9.907	0.053
806	159.656	15.351	56.894	10.292	0.052
807	159.923	15.253	56.936	10.094	0.051
808	155.303	15.215	54.777	10.177	0.053
809	157.52	15.228	54.374	9.911	0.052
810	160.752	15.52	56.343	10.305	0.052
811	159.836	15.418	56.085	10.173	0.052
812	156.146	14.921	53.856	9.624	0.051
813	158.786	15.462	57.293	10.476	0.051
814	161.548	15.799	58.199	10.719	0.053
815	157.736	15.242	55.322	10.082	0.052
816	154.49	15.101	53.196	10.032	0.052
817	165.013	16.025	59.172	10.868	0.054
818	159.249	15.734	55.258	10.384	0.055
819	153.027	14.997	52.619	9.833	0.052
820	157.829	15.405	56.071	10.427	0.052
821	157.113	15.287	54.943	10.259	0.053
822	155.263	14.983	53.136	9.857	0.052
823	156.346	15.268	53.856	10.006	0.052
824	164.459	16.18	59.115	11.119	0.054
825	159.75	15.435	57.605	10.435	0.051
826	162.374	15.731	56.901	10.36	0.054
827	160.178	15.532	57.164	10.416	0.052
828	154.708	14.903	53.059	9.747	0.051
829	162.262	15.846	58.473	10.692	0.053
830	162.184	15.735	57.409	10.575	0.052
831	162.578	15.684	56.359	10.283	0.053
832	165.006	16.045	60.364	11.054	0.053
833	155.899	15.033	54.436	9.923	0.052
834	153.74	14.951	52.866	9.708	0.052
835	157.416	15.174	54.956	10.017	0.053
836	166.298	16.304	60.227	11.131	0.054
837	157.27	15.3	54.828	10.098	0.052
838	160.551	15.363	55.681	10.04	0.053
839	161.041	15.593	56.516	10.292	0.054
840	162.207	15.589	57.131	10.187	0.054
841	155.754	15.172	54.404	10.044	0.051
842	158.322	15.079	56.096	9.993	0.05
843	160.747	15.496	56.577	10.342	0.053
844	162.271	15.557	57.542	10.354	0.054
845	161.834	15.493	56.18	10.169	0.052
846	161.038	15.558	57.523	10.507	0.052
847	164.18	15.957	59.139	10.855	0.054
848	159.089	15.424	55.163	10.147	0.052
849	160.192	15.49	57.002	10.402	0.052
850	160.42	15.528	54.899	10.208	0.054
851	160.024	15.741	57.985	10.744	0.054
852	157.681	15.327	55.008	10.125	0.054
853	164.972	15.919	59.051	10.726	0.054
854	162.494	15.712	57.757	10.502	0.052
855	161.63	15.601	57.555	10.424	0.053
856	158.271	15.402	55.246	10.23	0.053
857	157.218	15.134	54.689	10.08	0.052
858	163.935	15.831	58.387	10.631	0.053
859	158.375	15.388	55.439	10.275	0.052
860	162.05	15.649	58.944	10.649	0.052
861	162.759	15.874	56.694	10.524	0.055
862	157.892	15.384	56.074	10.374	0.053
863	166.693	16.097	60.597	11.013	0.053
864	160.685	15.501	56.939	10.348	0.053
865	160.792	15.583	56.037	10.285	0.053
866	163.126	15.718	57.335	10.461	0.053
867	157.622	15.287	54.98	10.159	0.053
868	154.898	14.929	53.097	9.73	0.051
869	152.14	14.887	52.658	9.9	0.052
870	160.508	15.552	55.774	10.216	0.055
871	159.824	15.326	55.633	10.043	0.053
872	164.825	15.988	58.381	10.649	0.055
873	158.544	15.517	56.551	10.542	0.052
874	166.278	16.305	59.655	11.165	0.056
875	163.847	15.735	57.573	10.386	0.053
876	162.67	15.707	58.364	10.528	0.053
877	154.165	15.115	54.934	10.236	0.05
878	156.548	15.167	55.868	10.258	0.051
879	155.361	14.922	55.025	9.727	0.05
880	165.54	16.061	57.856	10.744	0.054
881	156.152	15.135	54.453	9.94	0.051
882	159.958	15.414	55.555	10.159	0.054
883	156.866	15.097	55.46	10.032	0.05
884	160.072	15.764	56.881	10.749	0.054
885	156.294	15.065	54.314	9.837	0.051
886	158.079	15.43	56.416	10.337	0.052
887	153.077	14.939	52.521	9.81	0.052
888	163.812	15.646	58.749	10.475	0.051
889	161.157	15.638	56.56	10.378	0.053
890	156.261	15.315	53.052	10.002	0.054
891	160.934	15.705	56.128	10.517	0.054
892	162.957	15.775	57.477	10.533	0.053
893	161.038	15.61	55.756	10.236	0.053
894	154.219	15.123	54.306	10.162	0.051
895	157.84	15.215	54.566	9.847	0.052
896	158.03	15.294	55.724	10.166	0.051
897	160.889	15.587	56.575	10.337	0.053
898	162.452	15.738	57.45	10.366	0.053
899	158.675	15.671	55.105	10.501	0.055
900	154.666	15.13	53.267	10.062	0.053
901	162.121	15.645	57.261	10.392	0.052
902	153.464	14.817	53.33	9.693	0.05
903	155.273	15.136	53.021	9.837	0.054
904	159.421	15.561	57.693	10.582	0.053
905	157.856	15.132	55.366	9.932	0.052
906	155.257	14.895	54.546	9.773	0.049
907	167.098	16.325	58.706	11.011	0.056
908	162.846	15.791	57.566	10.693	0.054
909	160.836	15.433	56.671	10.24	0.053
910	160.282	15.483	57.082	10.375	0.052
911	156.241	15.251	54.437	10.152	0.052
912	158.733	15.259	53.356	9.862	0.054
913	160.976	15.599	56.346	10.421	0.052
914	156.42	15.028	54.125	9.828	0.051
915	166.694	16.127	59.1	10.812	0.055
916	163.847	15.84	58.345	10.663	0.053
917	161.301	15.393	57.183	10.115	0.052
918	155.092	15.036	52.749	9.859	0.051
919	162.438	15.771	56.857	10.352	0.055
920	153.462	14.778	51.551	9.399	0.052
921	159.286	15.404	55.181	10.065	0.054
922	151.512	14.421	51.658	9.231	0.049
923	154.135	14.775	53.75	9.57	0.05
924	159.651	15.393	56.457	10.307	0.052
925	157.736	15.2	55.559	10.131	0.052
926	156.503	15.118	55.726	10.184	0.051
927	161.068	15.519	57.272	10.277	0.052
928	165.575	15.992	59.086	10.664	0.053
929	158.52	15.366	54.836	10.038	0.053
930	164.143	15.824	58.491	10.529	0.053
931	161.217	15.613	56.454	10.255	0.052
932	156.968	15.282	55.627	10.21	0.052
933	160.588	15.649	57.901	10.593	0.052
934	158.682	15.474	55.435	10.325	0.053
935	159.826	15.41	55.488	10.138	0.053
936	160.52	15.577	56.428	10.268	0.054
937	159.397	15.521	55.096	10.161	0.054
938	158.17	15.32	54.977	10.141	0.052
939	163.32	15.606	57.712	10.426	0.054
940	161.904	15.634	55.832	10.199	0.054
941	160.029	15.43	56.335	10.231	0.054
942	157.557	15.352	54.416	9.975	0.054
943	160.715	15.575	56.242	10.347	0.053
944	155.942	15.073	54.483	10.007	0.052
945	161.288	15.599	57.272	10.36	0.052
946	155.542	15.084	54.155	10.053	0.052
947	156.396	15.032	55.921	10.108	0.051
948	165.779	15.978	59.643	10.788	0.053
949	162.632	15.736	58.609	10.627	0.053
950	156.393	15.136	55.274	10.055	0.051
951	161.026	15.568	57.228	10.463	0.053
952	160.453	15.445	56.246	10.157	0.053
953	160.477	15.607	56.733	10.52	0.054
954	159.689	15.327	56.435	10.082	0.051
955	159.405	15.415	56.73	10.177	0.053
956	160.027	15.485	56.372	10.407	0.052
957	160.594	15.479	56.618	10.235	0.052
958	162.907	15.826	57.838	10.619	0.053
959	155.549	15.236	54.44	10.141	0.052
960	158.246	15.322	54.946	10.0	0.052
961	161.811	15.524	56.936	10.331	0.052
962	163.68	15.93	58.392	10.817	0.055
963	158.455	15.396	55.86	9.989	0.052
964	151.7	14.735	52.367	9.568	0.05
965	153.706	14.991	52.629	9.896	0.052
966	156.865	15.093	55.084	9.98	0.051
967	155.863	15.078	54.289	9.992	0.051
968	163.415	15.737	57.587	10.366	0.053
969	155.66	15.111	54.808	9.974	0.052
970	157.743	15.326	55.1	10.065	0.053
971	158.869	15.614	56.37	10.573	0.052
972	160.109	15.454	57.129	10.328	0.052
973	157.622	15.067	55.165	9.853	0.052
974	157.385	15.372	55.851	10.382	0.052
975	162.749	15.793	57.795	10.552	0.054
976	165.225	15.948	58.913	10.66	0.054
977	166.859	16.066	60.274	10.834	0.053
978	162.74	15.602	57.628	10.206	0.052
979	165.608	15.768	59.962	10.64	0.052
980	161.754	15.732	56.7	10.584	0.055
981	158.311	15.269	55.539	10.065	0.052
982	161.045	15.665	56.193	10.49	0.054
983	163.873	15.755	58.962	10.607	0.052
984	166.007	15.984	59.217	10.65	0.054
985	156.989	15.133	54.83	10.047	0.053
986	162.943	15.701	58.495	10.592	0.053
987	157.653	15.335	54.539	10.091	0.053
988	157.986	15.372	54.69	10.151	0.054
989	156.875	15.152	54.32	9.942	0.052
990	164.031	15.588	57.609	10.219	0.053
991	157.278	15.334	54.257	10.109	0.054
992	155.331	15.174	54.12	10.04	0.052
993	154.429	14.985	53.897	9.902	0.051
994	159.919	15.516	56.152	10.318	0.052
995	161.07	15.531	56.675	10.208	0.054
996	153.879	15.083	52.993	9.843	0.052
997	155.584	15.122	54.789	10.021	0.051
998	160.95	15.614	55.985	10.333	0.055
999	162.604	15.828	58.467	10.847	0.055
1000	154.208	14.89	53.571	9.868	0.051
