MutationType	DBS78A	DBS78B	DBS78C	DBS78D	DBS78E	DBS78F	DBS78G	DBS78H	DBS78I	DBS78J	DBS78K	DBS78L
AC>CA	5.91E-04	6.51E-04	5.88E-04	5.98E-04	7.71E-04	1.13E-03	1.29E-03	6.21E-04	5.01E-09	4.49E-05	7.40E-04	1.63E-08
AC>CG	4.61E-04	1.50E-04	1.56E-04	1.08E-04	3.52E-04	1.79E-04	1.04E-04	2.97E-04	3.17E-09	7.53E-05	2.30E-04	3.41E-05
AC>CT	6.20E-04	1.15E-03	5.61E-04	9.28E-04	8.43E-04	9.52E-04	5.35E-04	7.03E-04	5.40E-09	1.00E-04	1.05E-03	1.52E-04
AC>GA	1.14E-03	9.07E-04	8.50E-04	1.01E-03	1.25E-03	9.82E-04	5.44E-04	1.44E-03	5.54E-09	6.96E-05	1.31E-03	1.67E-04
AC>GG	4.40E-04	1.67E-04	1.82E-04	1.34E-04	4.08E-04	2.11E-04	1.56E-04	2.60E-04	3.36E-09	6.61E-05	2.34E-04	1.94E-08
AC>GT	3.42E-04	3.74E-04	7.89E-04	3.00E-04	3.16E-04	4.35E-04	5.04E-04	3.46E-04	1.37E-04	1.06E-04	6.27E-04	1.42E-04
AC>TA	5.29E-04	6.11E-04	6.68E-04	4.79E-04	6.34E-04	5.12E-04	3.73E-04	3.18E-04	1.36E-04	1.24E-04	8.45E-04	1.40E-04
AC>TG	1.03E-07	1.24E-07	1.33E-07	1.36E-07	1.64E-07	1.49E-07	9.40E-08	1.01E-07	1.46E-09	2.11E-08	1.52E-07	2.03E-08
AC>TT	1.11E-03	8.28E-04	1.92E-03	1.20E-03	1.12E-03	1.57E-03	7.66E-04	9.54E-04	5.36E-09	1.57E-04	1.05E-03	1.22E-08
AT>CA	2.53E-04	2.61E-04	1.64E-04	3.78E-04	4.07E-04	4.46E-04	1.96E-04	3.58E-04	2.89E-09	3.32E-05	4.61E-04	3.97E-05
AT>CC	3.83E-05	1.56E-04	9.10E-05	1.20E-04	8.69E-05	1.06E-04	3.38E-05	6.25E-05	1.70E-09	3.71E-05	1.09E-04	1.93E-08
AT>CG	1.03E-07	1.24E-07	1.33E-07	1.36E-07	1.64E-07	1.49E-07	9.40E-08	1.01E-07	1.46E-09	2.11E-08	1.52E-07	2.03E-08
AT>GA	6.04E-04	6.79E-04	6.56E-04	9.08E-04	6.69E-04	1.07E-03	3.13E-04	7.05E-04	4.79E-09	2.12E-05	8.23E-04	1.93E-05
AT>GC	2.51E-04	2.97E-04	3.06E-04	2.70E-04	3.46E-04	5.51E-04	2.09E-04	2.74E-04	1.41E-04	4.25E-05	3.28E-04	4.29E-05
AT>TA	9.05E-04	7.33E-04	4.38E-04	9.24E-04	1.30E-03	1.04E-03	4.28E-04	9.26E-04	5.64E-09	7.71E-05	1.51E-03	1.77E-04
CC>AA	1.41E-03	1.40E-03	1.77E-03	1.25E-03	9.30E-04	1.72E-03	1.63E-03	4.88E-03	5.95E-04	1.74E-04	1.87E-03	9.35E-04
CC>AG	6.04E-04	1.05E-03	4.22E-04	1.02E-03	1.23E-03	1.06E-03	4.82E-04	1.03E-03	2.64E-04	1.23E-04	1.46E-03	3.38E-04
CC>AT	2.11E-03	4.63E-03	8.00E-04	1.29E-03	1.12E-03	1.43E-03	2.12E-03	1.80E-03	2.06E-04	1.06E-04	2.44E-03	5.11E-04
CC>GA	3.46E-04	6.65E-04	6.55E-04	6.47E-04	7.07E-04	1.07E-03	6.09E-04	1.33E-03	4.99E-09	1.91E-05	8.77E-04	1.70E-04
CC>GG	1.01E-03	4.15E-04	4.91E-04	4.42E-04	9.92E-04	6.16E-04	2.61E-04	7.45E-04	5.14E-09	1.18E-04	5.10E-04	1.68E-04
CC>GT	1.06E-03	1.64E-03	5.87E-04	9.44E-04	1.12E-03	2.13E-03	1.38E-03	1.06E-03	5.22E-09	1.82E-04	1.38E-03	1.44E-04
CC>TA	5.95E-03	1.16E-03	1.02E-03	5.95E-04	1.16E-03	1.70E-03	5.35E-04	1.16E-03	1.37E-04	3.30E-04	9.88E-04	4.58E-04
CC>TG	1.66E-03	1.15E-03	1.60E-03	1.52E-03	2.21E-03	2.85E-03	8.38E-04	6.93E-04	1.39E-04	5.24E-05	1.51E-03	1.54E-04
CC>TT	3.31E-03	3.22E-03	1.29E-03	2.23E-03	7.79E-03	2.45E-03	1.74E-03	2.53E-03	1.42E-04	1.50E-03	3.02E-03	1.62E-03
CG>AT	2.64E-04	2.70E-04	1.27E-04	3.51E-04	2.88E-04	3.31E-04	2.04E-04	2.90E-04	1.39E-04	1.57E-08	3.12E-04	1.71E-08
CG>GC	1.03E-07	1.24E-07	1.33E-07	1.36E-07	1.64E-07	1.49E-07	9.40E-08	1.01E-07	1.46E-09	2.11E-08	1.52E-07	2.03E-08
CG>GT	1.12E-07	1.29E-07	1.39E-07	1.33E-07	1.60E-07	1.49E-07	9.62E-08	1.06E-07	1.28E-04	2.62E-08	1.64E-07	2.09E-08
CG>TA	1.03E-07	1.24E-07	1.33E-07	1.36E-07	1.64E-07	1.49E-07	9.40E-08	1.01E-07	1.46E-09	2.11E-08	1.52E-07	2.03E-08
CG>TC	5.81E-04	3.47E-04	2.58E-04	4.36E-04	6.97E-04	3.85E-04	2.68E-04	5.08E-04	1.42E-04	6.06E-05	6.05E-04	6.83E-06
CG>TT	1.02E-07	1.59E-05	1.58E-05	2.25E-04	1.12E-04	1.59E-07	9.39E-08	3.35E-05	1.76E-09	2.35E-08	1.58E-07	1.91E-08
CT>AA	9.35E-05	5.42E-04	4.83E-04	4.87E-04	3.68E-04	4.68E-04	2.20E-04	6.29E-04	2.86E-04	1.38E-05	9.86E-04	8.57E-04
CT>AC	2.67E-04	2.82E-04	1.99E-04	3.17E-04	3.88E-04	2.05E-04	1.95E-04	2.97E-04	1.06E-03	5.00E-05	5.69E-04	1.29E-03
CT>AG	2.04E-04	3.83E-04	1.45E-04	4.15E-04	3.08E-04	3.62E-04	2.62E-04	3.67E-04	5.12E-09	2.69E-05	6.69E-04	4.12E-04
CT>GA	8.51E-05	2.49E-04	1.91E-05	1.70E-04	2.05E-04	3.77E-04	3.67E-04	2.15E-04	3.41E-09	1.24E-08	1.51E-04	2.91E-04
CT>GC	2.67E-05	1.53E-04	8.03E-05	1.13E-04	9.73E-05	9.63E-05	4.32E-05	5.54E-05	2.01E-09	3.46E-05	9.40E-05	1.42E-04
CT>GG	9.62E-04	7.93E-04	3.70E-04	1.19E-03	8.93E-04	9.36E-04	4.86E-04	9.48E-04	4.77E-09	2.21E-05	1.07E-03	1.19E-04
CT>TA	8.61E-04	7.86E-04	5.22E-04	1.17E-03	9.09E-04	1.00E-03	1.04E-03	1.42E-03	5.06E-09	7.62E-09	7.98E-04	2.72E-04
CT>TC	1.16E-03	1.50E-03	1.10E-03	1.53E-03	1.34E-03	1.70E-03	1.07E-03	1.01E-03	5.38E-09	4.26E-05	1.39E-03	2.63E-04
CT>TG	2.12E-04	3.18E-04	4.66E-04	4.67E-04	3.39E-04	3.85E-04	8.93E-05	4.10E-04	3.68E-09	6.54E-05	2.51E-04	2.06E-04
GC>AA	1.07E-03	6.81E-04	5.39E-03	8.55E-04	8.90E-04	1.17E-03	1.24E-03	1.44E-03	1.46E-04	2.29E-04	1.34E-03	3.59E-04
GC>AG	1.45E-03	1.42E-03	2.11E-03	1.14E-03	1.77E-03	1.99E-03	1.33E-03	1.13E-03	2.61E-04	4.72E-05	1.82E-03	2.25E-04
GC>AT	4.20E-04	5.68E-04	1.59E-03	7.07E-04	6.64E-04	1.40E-03	1.59E-03	8.12E-04	5.33E-09	1.74E-05	6.73E-04	2.19E-04
GC>CA	6.94E-04	4.86E-04	6.72E-04	7.37E-04	9.60E-04	9.54E-04	8.54E-04	9.22E-04	2.03E-04	2.70E-05	8.48E-04	2.51E-04
GC>CG	1.03E-07	1.24E-07	1.33E-07	1.36E-07	1.64E-07	1.49E-07	9.40E-08	1.01E-07	1.46E-09	2.11E-08	1.52E-07	2.03E-08
GC>TA	4.83E-04	2.57E-04	1.04E-03	4.25E-04	6.11E-04	7.42E-04	3.62E-04	7.78E-04	1.46E-04	6.95E-09	4.90E-04	1.48E-04
TA>AT	7.88E-04	7.69E-04	8.22E-04	6.26E-04	7.34E-04	1.09E-03	1.09E-03	6.87E-04	1.39E-04	3.36E-05	8.88E-04	1.34E-08
TA>CG	1.02E-07	1.02E-05	1.34E-07	2.20E-04	1.26E-04	7.15E-06	9.60E-08	3.32E-05	1.68E-09	2.45E-08	1.53E-07	1.96E-08
TA>CT	5.28E-04	6.48E-04	1.26E-03	5.26E-04	5.04E-04	1.11E-03	6.97E-04	1.10E-03	1.39E-04	6.93E-05	6.09E-04	1.72E-05
TA>GC	1.03E-07	1.24E-07	1.33E-07	1.36E-07	1.64E-07	1.49E-07	9.40E-08	1.01E-07	1.46E-09	2.11E-08	1.52E-07	2.03E-08
TA>GG	1.03E-07	1.24E-07	1.33E-07	1.36E-07	1.64E-07	1.49E-07	9.40E-08	1.01E-07	1.46E-09	2.11E-08	1.52E-07	2.03E-08
TA>GT	4.86E-05	2.63E-04	1.47E-04	2.69E-04	1.90E-04	1.78E-04	5.31E-05	1.19E-04	2.54E-09	6.48E-05	1.34E-04	1.78E-08
TC>AA	8.38E-04	1.50E-03	1.02E-03	9.21E-04	8.42E-04	1.39E-03	4.00E-03	1.13E-03	2.95E-04	1.26E-05	1.18E-03	8.71E-04
TC>AG	1.59E-03	1.30E-03	1.41E-03	1.39E-03	1.88E-03	2.91E-03	1.78E-03	1.40E-03	5.00E-09	2.51E-05	2.00E-03	3.51E-04
TC>AT	2.86E-03	1.01E-03	1.47E-03	1.19E-03	8.05E-04	5.44E-03	1.34E-03	1.86E-03	3.54E-09	8.91E-05	1.11E-03	5.08E-04
TC>CA	8.53E-04	1.12E-03	8.12E-04	1.18E-03	1.10E-03	1.05E-03	6.89E-04	1.68E-03	5.08E-09	3.24E-05	1.21E-03	1.73E-04
TC>CG	3.93E-04	3.57E-04	2.18E-04	2.67E-04	3.64E-04	3.18E-04	2.78E-04	1.70E-04	1.38E-04	2.09E-08	4.56E-04	2.16E-08
TC>CT	1.06E-03	1.02E-03	1.37E-03	1.42E-03	1.64E-03	1.83E-03	1.88E-03	1.30E-03	1.37E-04	8.08E-05	1.69E-03	2.89E-04
TC>GA	4.81E-04	5.75E-04	3.23E-04	6.28E-04	5.88E-04	7.30E-04	2.65E-04	8.61E-04	1.41E-04	2.00E-05	7.06E-04	2.14E-04
TC>GG	4.61E-04	1.85E-04	6.09E-04	2.40E-04	2.02E-04	2.63E-04	8.75E-05	2.66E-04	4.23E-09	2.70E-05	3.65E-04	2.09E-08
TC>GT	1.02E-03	8.11E-04	4.28E-04	7.81E-04	7.99E-04	1.30E-03	1.03E-03	1.21E-03	1.51E-04	1.37E-04	9.36E-04	1.71E-04
TG>AA	1.51E-04	4.54E-04	1.86E-04	4.31E-04	3.32E-04	5.29E-04	4.02E-04	2.66E-04	1.38E-04	8.82E-05	2.64E-04	3.42E-04
TG>AC	4.03E-04	2.12E-04	3.03E-04	4.00E-04	4.22E-04	3.23E-04	1.24E-04	5.97E-04	4.35E-09	1.08E-04	2.74E-04	1.77E-05
TG>AT	1.09E-03	1.08E-03	7.55E-04	2.04E-03	1.32E-03	8.64E-04	1.11E-03	1.58E-03	3.85E-04	1.94E-04	1.16E-03	2.80E-04
TG>CA	5.65E-04	5.20E-04	3.62E-04	5.21E-04	3.83E-04	5.18E-04	1.53E-04	2.97E-04	4.42E-09	1.16E-04	4.29E-04	1.54E-08
TG>CC	2.52E-04	2.92E-04	3.30E-04	3.80E-04	3.61E-04	5.66E-04	3.15E-04	2.53E-04	1.92E-04	3.02E-05	3.59E-04	1.19E-04
TG>CT	8.56E-04	2.79E-03	1.36E-03	2.78E-03	1.84E-03	1.77E-03	2.68E-03	2.82E-03	1.97E-04	6.89E-05	2.90E-03	5.34E-04
TG>GA	2.71E-04	4.06E-04	1.49E-04	5.11E-04	3.36E-04	3.29E-04	2.39E-04	2.59E-04	3.20E-09	3.54E-05	3.35E-04	1.72E-05
TG>GC	1.04E-07	1.80E-05	1.33E-07	2.29E-04	1.25E-04	1.55E-07	9.29E-08	4.15E-05	1.70E-09	2.43E-08	1.59E-07	1.85E-08
TG>GT	1.38E-03	1.87E-03	2.13E-03	7.36E-04	7.22E-04	8.46E-04	6.27E-04	1.26E-03	6.83E-04	1.66E-05	5.17E-03	7.10E-04
TT>AA	1.67E-03	8.48E-04	1.08E-03	1.00E-03	1.22E-03	1.11E-03	4.53E-04	6.95E-04	1.35E-04	1.70E-04	1.30E-03	2.29E-04
TT>AC	2.96E-04	5.39E-04	7.79E-04	4.35E-04	6.45E-04	9.56E-04	3.33E-04	5.45E-04	4.24E-09	3.53E-05	5.68E-04	4.27E-05
TT>AG	2.45E-04	3.65E-04	3.27E-04	4.46E-04	4.68E-04	5.45E-04	3.45E-04	3.06E-04	3.49E-09	1.27E-08	5.46E-04	1.61E-04
TT>CA	4.20E-04	9.86E-04	7.60E-04	7.58E-04	6.47E-04	9.82E-04	9.33E-04	5.86E-04	5.19E-09	8.15E-05	9.17E-04	1.05E-04
TT>CC	3.05E-04	7.97E-04	6.81E-04	7.39E-04	7.23E-04	8.45E-04	3.64E-04	5.08E-04	5.20E-09	8.68E-05	8.80E-04	7.14E-05
TT>CG	3.55E-05	1.60E-04	9.81E-05	3.76E-04	1.92E-04	1.15E-04	2.85E-05	7.38E-05	2.32E-09	3.97E-05	7.48E-05	1.75E-08
TT>GA	2.08E-04	3.23E-04	9.15E-04	6.39E-04	4.72E-04	6.67E-04	5.11E-04	2.99E-04	1.35E-04	3.20E-05	5.19E-04	5.23E-06
TT>GC	1.01E-07	1.33E-07	1.33E-07	2.31E-04	1.22E-04	7.15E-06	9.47E-08	2.15E-05	1.71E-09	2.57E-08	1.60E-07	1.80E-08
TT>GG	4.39E-04	2.00E-04	2.28E-04	2.08E-04	2.38E-04	5.81E-04	1.31E-04	2.27E-04	2.78E-09	1.71E-08	2.98E-04	2.05E-04
