MutationType	DBS78A	DBS78B	DBS78C	DBS78D	DBS78E	DBS78F	DBS78G	DBS78H	DBS78I	DBS78J	DBS78K	DBS78L
AC>CA	0.0003360876166692895	2.570005912991364e-07	2.5665631485906795e-07	0.008902007220150169	0.008627548859146267	0.009538311939252891	0.03627815122867425	0.004634827006798785	0.015185096565931592	0.004901540420126882	0.004245479697091549	0.008113488847255513
AC>CG	0.0009866657118236238	4.057533837116474e-07	3.44775050880223e-05	0.0002733009964210993	0.0003714821656672207	0.002464318648809541	0.0002386020939313127	0.0015437097869713846	0.0006272089311034513	0.0005178774348921584	0.005512564231423022	0.0010135975266654129
AC>CT	0.0009160484465598908	2.859456070224496e-07	0.0002052607799089369	0.010118726076323144	0.028236843256316937	0.009543410260498413	0.003670043595721039	0.007066906594719327	0.012824474442430974	0.0049286223974705	0.005214957176009354	0.01506230923439468
AC>GA	0.0007612181795790406	2.2669465698017382e-07	0.0002209520592923003	0.009507942066732276	0.0106299738457421	0.012247728834829746	0.00423127910740543	0.03005536619668783	0.010966045195302102	0.006263537721830185	0.016942230954120518	0.016366070953212096
AC>GG	0.0009152389845089827	4.04635293090222e-07	3.6075287440167117e-07	0.0003501160469484946	0.0004252397502043185	0.002931750300320302	0.0004028706630077197	0.0013940841013573872	0.0006515604223864485	0.0006801894290717933	0.005286691647207786	0.0010898094609808932
AC>GT	0.001357395008402138	0.0046121704194356655	0.004168496845736431	0.002696549299998006	0.005598165248877258	0.0032184634692045315	0.008264662924226436	0.00288323793754098	0.004805416544366481	0.013486399467291146	0.002412349687114345	0.007529831390748512
AC>TA	0.001653764830812748	0.0043165867592208805	0.004229299872473659	0.007988324239292714	0.01135340908410527	0.008338188464064573	0.002874701723177297	0.002373162842943759	0.005478085193032075	0.009847618738688762	0.005695139218648418	0.013103146421752155
AC>TG	1.3206740345211467e-06	4.435260064776992e-07	5.007378944003949e-07	3.5429105650709272e-06	5.586185164913059e-06	4.075016507152672e-06	7.417918811707051e-06	6.500691871386605e-06	9.684297227340526e-06	1.2031894693827802e-05	8.981277235349274e-06	8.67587913548832e-06
AC>TT	0.0018043653977899852	1.5216189806718193e-07	2.0546571833697107e-07	0.019884094537084337	0.012491498119531735	0.016957191733790764	0.00965338243803824	0.0084729886160566	0.02204400021758553	0.0540493870591311	0.01021486696645922	0.012210830395353771
AT>CA	0.0002755815759665615	3.9092364711999445e-07	4.0051031628278786e-05	0.004011660175264032	0.00335280290732757	0.0037895529013668556	0.0011181225651586977	0.0037786994395759706	0.003828185091803495	0.0009665972467837475	0.001357080880152763	0.005037840774363809
AT>CC	0.00037774755440680963	4.30832591735335e-07	4.27004380964517e-07	0.0008888656717369541	0.0018445935243652195	0.0007228825006349266	8.734116410530468e-05	0.0002891022273764038	0.0007217812315664121	0.0004812731734736554	0.00013420208172322502	0.0006613230191524285
AT>CG	1.3206740345211467e-06	4.435260064776992e-07	5.007378944003949e-07	3.5429105650709272e-06	5.586185164913059e-06	4.075016507152672e-06	7.417918811707051e-06	6.500691871386605e-06	9.684297227340526e-06	1.2031894693827802e-05	8.981277235349274e-06	8.67587913548832e-06
AT>GA	0.00011119432966224833	3.083183004250179e-07	3.1514789088190016e-05	0.023301717516725308	0.009761326326400968	0.012073387969274294	0.001962814834357908	0.005872442475111045	0.01742087854928788	0.010883717588124633	0.007096018236721524	0.012791591025503245
AT>GC	0.0003830194324007038	0.004361201942763745	4.7277075958355296e-05	0.0020154914974820715	0.0036513360047574295	0.0032146709889430943	0.0008634085816473238	0.0019308252040015285	0.00603049478734832	0.0021943843032334316	0.0018855981289775678	0.0028250334372835672
AT>TA	0.0010925616567173503	2.240749996482447e-07	0.005025537860394838	0.022308657491491142	0.010156686324032178	0.017658755299167845	0.0024021703904273583	0.011681212609387866	0.011814193215988877	0.0019496068238884564	0.01301049404377009	0.031229923747399434
CC>AA	0.003917344001254341	0.07917060865105778	0.11923067085390184	0.040856949247759795	0.02413535565330365	0.02132424389883948	0.034518254862979714	0.24495045546709687	0.02706154678531983	0.026623451262045645	0.01794247949775015	0.04146316189306833
CC>AG	0.002487073309828388	0.014465323919644443	0.018577959515141327	0.012944279657923573	0.021354766204306378	0.01491001131607903	0.003215855651761777	0.01342809790487544	0.01290882177076641	0.0023932007554686363	0.00629035937221712	0.030138955358322884
CC>AT	0.0005085106836659972	0.009048560321431177	0.045820235327390914	0.05400660591958207	0.24204971216085994	0.03194341697821528	0.056842398516767256	0.050350823106913516	0.027167163251408662	0.006781673633181393	0.046062001282168454	0.07175024288560444
CC>GA	9.682387206615992e-05	2.6731679308142157e-07	0.004628154635251164	0.005423807469204406	0.010139059902233913	0.005046555088577176	0.008030900317647405	0.02972050868218611	0.01681213456261996	0.009188902011478447	0.002602594018303822	0.010921697545040434
CC>GG	0.0019476240298957346	3.1120507774061154e-07	0.004324098656352671	0.002318835219533023	0.002127820316192147	0.009935971521119054	0.001299260810966631	0.006048176176615886	0.005267692999713229	0.002861808201553777	0.015370130171281285	0.0037560663048603563
CC>GT	0.004912485483310339	1.4691758795969696e-07	0.004268007675595453	0.016232429441247587	0.0394820680861056	0.015609935014525149	0.027935338722516485	0.013446397543571563	0.04478013041414605	0.004221611026166522	0.018227099150277107	0.021662103501681674
CC>TA	0.007212644894082849	0.004389589483494497	0.026642690379393492	0.006772590374776637	0.011976067309289113	0.013402228930653287	0.002865053879850917	0.012379576620328356	0.021247565026871966	0.008497763080512245	0.4014150865665717	0.00931321025290593
CC>TG	0.0002835806063537821	0.004440434960583123	0.0002635661300816303	0.02754175862291411	0.02190804497462058	0.03208786723503853	0.004788240438602734	0.005740747579003557	0.056065548420197286	0.02167293594729659	0.025419735513244043	0.020924335403120498
CC>TT	0.9326776674469656	0.004143881861347869	0.054227652175513695	0.021855283294877927	0.03048490684331436	0.2919048551656916	0.008342910372566542	0.021334291505488504	0.02214675389613799	0.0046743481547275745	0.03468079486842291	0.02317186328386025
CG>AT	2.2265308977939698e-07	0.004216522859125966	3.0757659439817763e-07	0.006128145138104411	0.0027414377325558977	0.003871835304976373	0.0012009135895460013	0.002506672661558825	0.0027098277621510833	0.0004023820218385205	0.0017093605929765626	0.002655235707184964
CG>GC	1.3206740345211467e-06	4.435260064776992e-07	5.007378944003949e-07	3.5429105650709272e-06	5.586185164913059e-06	4.075016507152672e-06	7.417918811707051e-06	6.500691871386605e-06	9.684297227340526e-06	1.2031894693827802e-05	8.981277235349274e-06	8.67587913548832e-06
CG>GT	7.709846100964174e-07	0.004114211986530679	4.020867841663152e-07	3.5359598355491787e-06	5.236750730699607e-06	3.8827726747157235e-06	7.529430242399833e-06	6.4185472955415604e-06	9.311346297884975e-06	1.2298396229722193e-05	8.303672897016971e-06	8.275769842026427e-06
CG>TA	1.3206740345211467e-06	4.435260064776992e-07	5.007378944003949e-07	3.5429105650709272e-06	5.586185164913059e-06	4.075016507152672e-06	7.417918811707051e-06	6.500691871386605e-06	9.684297227340526e-06	1.2031894693827802e-05	8.981277235349274e-06	8.67587913548832e-06
CG>TC	0.0008139626924239931	0.0042961215048812505	7.0584684374438554e-06	0.0034855219051457497	0.0029718519326234604	0.005684645203250088	0.0019393209826052814	0.004382073877777474	0.0017557307871997959	0.0013829766420872277	0.006835386716353092	0.0074432211929695066
CG>TT	6.942471307702194e-07	4.3334125166303624e-07	4.526584834152425e-07	0.004311829455500253	2.073330357578623e-05	0.0019791183041660888	6.8099007944489265e-06	6.683517325061665e-05	9.31494627306907e-06	2.7306433881323152e-05	8.675057223058198e-06	8.165255216169506e-06
CT>AA	4.537920262079853e-05	0.018356794800168573	0.1291145302885904	0.004070451941314751	0.005827966268885544	0.0020914928570352894	0.0006315215213193642	0.005659627225608587	0.003796897947884574	0.005446549170800657	0.00027215911861928823	0.0145145644502164
CT>AC	0.0002414679887933557	0.5926566838713412	0.0969218978353126	0.0018393525651167373	0.0022751355314049536	0.0031121643637354785	0.0003775195460200761	0.0012670788803946923	0.0010322711162579021	0.00041548556891014366	0.0008911260692208337	0.004112144336007487
CT>AG	0.00021155873844598034	2.923545604296299e-07	0.032869612745361716	0.004406255117195962	0.005846073441324256	0.0024937462056814907	0.001754565803167531	0.0034495257905638654	0.0027868021437716397	0.0008017720401971935	0.000965330570823623	0.010928988889528654
CT>GA	2.4452447582204717e-07	3.654779561004789e-07	0.018037385479633742	0.0006963331749132685	0.0018805381724552365	0.0008939511091608741	0.005751013128213852	0.0013392381507431024	0.004307615486211823	3.526904314640181e-05	0.00028577213687168255	0.0005961228555875569
CT>GC	0.0003596256543455705	4.1766721814066377e-07	0.0044525000330212896	0.0008460482878865017	0.0017602894536817367	0.000831044519893286	0.0001330690358305333	0.00023196124221102357	0.0006067052122544104	0.000491870888069124	9.408780476995139e-05	0.0006286420507285137
CT>GG	0.00015519665532402293	2.993800848825083e-07	0.00012608078578825853	0.01339382329317771	0.00890105760772392	0.008823490255891858	0.0040804464201045386	0.009266324120668525	0.009426401390802546	0.002340043500563591	0.004343012207470311	0.01462986957285344
CT>TA	1.249806858830087e-07	1.4742854584974523e-07	0.013103010505984922	0.03712128053061069	0.007632486170518147	0.017734787403692037	0.019800657123587265	0.027101616215157356	0.01433188859614193	0.0035031686750460742	0.01286367426104256	0.0075234294817634545
CT>TC	0.0002622127343764726	2.2585018258812782e-07	0.009739981205125236	0.0348922208890624	0.02677584323741487	0.02049828411925952	0.010003005259863413	0.008124077979249378	0.022840804791250297	0.008572121883283525	0.011457043442313856	0.01628808589507217
CT>TG	0.0008060201494264741	3.372304130204641e-07	0.00897417259152169	0.011843179355453246	0.003929935432281439	0.006481413656133965	0.00032596773822402426	0.0057912180152967785	0.0037973159807593833	0.0054481039073697776	0.000922356663300077	0.0017774790031637143
GC>AA	0.00556045652107673	0.0043972155488043695	0.020858096112838155	0.016244392061344728	0.008009294431972933	0.014676825891419743	0.01766975503337963	0.0224262371947645	0.01274110091809461	0.3925527955406214	0.00953337942981127	0.013502213913860878
GC>AG	0.0002779819228074429	0.013648206819548309	0.008694047742310897	0.014523835476790668	0.015984290111664374	0.01989961813124419	0.018786736147770575	0.009973524571075799	0.027154147451428124	0.04060987140377341	0.022687872965988513	0.02926690336821345
GC>AT	8.339380307920953e-05	1.739054722163739e-07	0.008805374306180763	0.005306125048431305	0.006775118593064285	0.004883169435536539	0.045661944609754215	0.008864236479826869	0.019405517921688157	0.03327992024501983	0.0017965298454709368	0.004290187625207054
GC>CA	9.206355464167496e-05	0.009527371773697953	0.004707379632956489	0.011812794412399963	0.00429935006876034	0.010088325476126904	0.012075109058910898	0.014286626592506348	0.012888208080424261	0.005563338881522464	0.0063825501068324976	0.010579007271341883
GC>CG	1.3206740345211467e-06	4.435260064776992e-07	5.007378944003949e-07	3.5429105650709272e-06	5.586185164913059e-06	4.075016507152672e-06	7.417918811707051e-06	6.500691871386605e-06	9.684297227340526e-06	1.2031894693827802e-05	8.981277235349274e-06	8.67587913548832e-06
GC>TA	8.152666362661869e-08	0.004474125927197142	0.004605958497510628	0.006831990584110553	0.0015709407705242566	0.006783560628301706	0.0014405438430353905	0.012380217010939401	0.007538402158549736	0.02406136979762797	0.0023688393538521383	0.0033638004243349232
TA>AT	0.0002324769583338081	0.004310491388167538	1.7248033865349931e-07	0.00839605855529836	0.010830049490955276	0.008153473966650861	0.024180849068785575	0.005028472394217871	0.01495838259656942	0.00951698875676782	0.010556794290446415	0.009549417120256403
TA>CG	7.374907862974202e-07	4.339834731122659e-07	4.583203703665838e-07	0.0040575384018524275	1.5209955655987755e-05	0.0019954528362579123	6.861371292482329e-06	8.057273418584007e-05	1.6491795514387632e-05	1.1496111263213027e-05	8.646386056387906e-06	8.188119398749915e-06
TA>CT	0.0006380878301907822	0.004344263513373406	1.7320355465283293e-05	0.009143405562958708	0.008694719051616557	0.006528604581941458	0.013571583594135692	0.021661680701814554	0.01789703794994052	0.02790238609181085	0.0058492778130293036	0.005932072940373724
TA>GC	1.3206740345211467e-06	4.435260064776992e-07	5.007378944003949e-07	3.5429105650709272e-06	5.586185164913059e-06	4.075016507152672e-06	7.417918811707051e-06	6.500691871386605e-06	9.684297227340526e-06	1.2031894693827802e-05	8.981277235349274e-06	8.67587913548832e-06
TA>GG	1.3206740345211467e-06	4.435260064776992e-07	5.007378944003949e-07	3.5429105650709272e-06	5.586185164913059e-06	4.075016507152672e-06	7.417918811707051e-06	6.500691871386605e-06	9.684297227340526e-06	1.2031894693827802e-05	8.981277235349274e-06	8.67587913548832e-06
TA>GT	0.0008877152717886294	4.06105003799098e-07	3.4518817270538286e-07	0.005723081583523106	0.0037359087640288307	0.0036972841537013306	0.00016603636812958201	0.0005688212637278758	0.0013680270352479566	0.0009252979878215419	0.00015175389940227124	0.0009526694824944525
TC>AA	2.8176003520381336e-05	0.01798377819576099	0.09356593891951041	0.010993808077296056	0.026675529861369313	0.008131229286831397	0.2939321984483417	0.014939646579431023	0.01879135324226995	0.007636014347699246	0.007032989702543944	0.019553866725836876
TC>AG	8.534666844175497e-05	1.1608144560127465e-07	0.02307907609423567	0.011796147787567072	0.02148158632488215	0.019812948021597592	0.04161936856932377	0.019583498312490632	0.05317691229004001	0.019916114168475555	0.023509438662732234	0.027317554151185825
TC>AT	0.0005915677389674282	4.403574259368008e-08	0.04073935610047837	0.03999821852826716	0.016898968715491083	0.02170275772820795	0.023699950648764484	0.04045068488506336	0.18383317376057698	0.021482783839809436	0.07367217929705888	0.014040562596982952
TC>CA	0.00018070025969039953	1.5917511303626345e-07	0.004762246312556906	0.03148135031327935	0.025257465918917296	0.017443869429475675	0.0068966940672958365	0.04491793198264316	0.015019870282339788	0.012228757202418323	0.008886156169733497	0.018925939577405855
TC>CG	3.695759162259441e-07	0.004369247600523845	3.1039195892709204e-07	0.0010143944773130403	0.0038435589849379276	0.002283695731648524	0.002489357146499956	0.00074404770121797	0.0015733122879140434	0.0010146888660864445	0.0030520417449381556	0.0048692041971677615
TC>CT	0.0007571007743400051	0.004184854216249983	0.00872472652471641	0.027998901241246925	0.016407876174512333	0.024317454295274005	0.045133447068797745	0.013758272907802219	0.026123143852025545	0.023538883833284355	0.007850323960891085	0.022506068787328696
TC>GA	0.00013691132849898317	0.004536446497735271	0.008806731935700583	0.007333705614123914	0.009056628214355891	0.005479713188372918	0.001895786442462797	0.01678884295965623	0.008634280068645743	0.002198278841657134	0.003749646924281946	0.008323704217508176
TC>GG	0.00021347999506198646	3.6166461094830793e-07	3.673151955265862e-07	0.0012445701780133707	0.0018757129809086072	0.0012673426612564685	0.0002800791828520755	0.001864901432995493	0.0016942540415225778	0.010414919905675649	0.006074293381161885	0.0032963867836606946
TC>GT	0.0031388237332625668	0.004583395504282415	0.004740082676146755	0.013743524382720371	0.014764370098631525	0.011961525586554325	0.026648637584909356	0.030403408886568905	0.024246816600618025	0.0029476697596162015	0.016266393796871236	0.014221220550302508
TG>AA	0.0011056895926099919	0.004229279973018578	0.022196809759652446	0.011579215521320798	0.007404119870902282	0.00708225255590273	0.0061613414242217765	0.002245513388869723	0.0069616159435694535	0.0013721244295472855	0.0006390666591136227	0.002015512757341176
TG>AC	0.002649149148500583	3.3631524570555546e-07	2.1815536253959244e-05	0.009023762511099	0.002280461807386428	0.006786655221159592	0.00036440989279444764	0.011052878094932835	0.0026177382855437363	0.001640635286253294	0.004052308005793609	0.001589410993981727
TG>AT	0.005016726751191353	0.033246529025695894	0.00872856915823047	0.0905704814086548	0.02318067815869585	0.043958501105156485	0.019201983281426173	0.02880277438559078	0.011687774703969535	0.007332897834122207	0.015892930247043708	0.022783085035236666
TG>CA	0.0015522929288178235	3.340015557802221e-07	2.817469874194596e-07	0.012812762723572114	0.008593498149435087	0.007872586520342015	0.0005167611071939159	0.0021879180621753682	0.005461398464628061	0.002857251273780924	0.008126613554614335	0.004114708350299557
TG>CC	0.000271530012565756	0.008665238953686514	0.00011911485740491108	0.006893389007204522	0.003333731944926158	0.005834763265342134	0.002454689057586064	0.001494821347306475	0.005382360602152497	0.0026352662086272303	0.0013462699407196074	0.0031970811721638045
TG>CT	0.00035869891894019614	0.008857183545453215	0.04401265319581533	0.09068169060705497	0.06571536291438065	0.038309012322185726	0.08789627974161937	0.07940224623903355	0.020911566629418232	0.015028593488731062	0.0056754077043914995	0.057945706285801056
TG>GA	0.00033003986102407226	3.8307989653336697e-07	1.7503979909182058e-05	0.012320397201134195	0.005712493487494465	0.006275967222185376	0.0015232133077536251	0.0020109797948316957	0.0032345891081763363	0.0008727486180149136	0.0016740373078495047	0.00314568234989827
TG>GC	7.009222889499622e-07	4.342787592286525e-07	4.5008934515173333e-07	0.004338910368369063	4.001487540114577e-05	0.0020759324782844914	6.801227477553995e-06	9.192985763824686e-05	9.19831891162719e-06	1.1528096652730416e-05	8.68733741187986e-06	8.195083771502071e-06
TG>GT	4.945011010168685e-05	0.10702600085133553	0.0641983250697193	0.015136580082277817	0.037969493743661646	0.010132339979935654	0.004238862163619934	0.015049946752406758	0.007034327052451878	0.037244086404688785	0.01639817135181426	0.1823355141192593
TT>AA	0.0053116683961164915	0.004584533101002505	0.009072079007327457	0.02332392970452711	0.007126994774881744	0.01875253066059905	0.002963991198438267	0.005131661287726293	0.01154252063049461	0.011803457769314	0.03433841052427306	0.0156652642364749
TT>AC	0.0002632791932800931	3.482023342737926e-07	6.829560489836094e-05	0.004655967853269335	0.008594585599783273	0.00611374092586071	0.0017339160231229149	0.0071983660221461776	0.016772203335111584	0.013254231224553503	0.0017012894642648624	0.008869795560917566
TT>AG	2.3324495377368467e-07	3.889832298463816e-07	0.004799074068085398	0.008181160398958526	0.003953582555171493	0.005618249084092276	0.002688677415906944	0.002593056979167078	0.005975319570544994	0.002182615102969199	0.0012135466209634942	0.007600093173603928
TT>CA	0.0007831436812941277	2.3897627518833987e-07	0.00017278749576659063	0.012616874555608412	0.02444391782969765	0.009965187942110872	0.019544065057996364	0.006125941244846878	0.014855583223228937	0.008353160517354512	0.00226126376634144	0.015771886758667256
TT>CC	0.0007845120422952221	2.768319081986011e-07	0.00010040759590848231	0.018777396168254582	0.019486342728454557	0.013521203435037776	0.002184441425263584	0.006285581985579157	0.011517662930956688	0.012028738679812995	0.002233552705298883	0.01704291204492948
TT>CG	0.00045033545440472474	4.1119757493768566e-07	3.601410739570455e-07	0.009333203613760986	0.0019000582946636655	0.0046853401537688055	8.032669693223332e-05	0.0003492990886549179	0.0008293834523911482	0.0005254427408866935	0.00010611119177163597	0.0004171684210451996
TT>GA	0.00024468442688393223	0.004428033916909542	5.469830515778921e-06	0.013330366464969526	0.00266623455221315	0.007405539990597717	0.005903593743039617	0.001610053334792513	0.006280289022904537	0.01899661893277078	0.0010952458553910218	0.0036694707602829614
TT>GC	7.237029202408979e-07	4.350484980318615e-07	4.530246375711027e-07	0.004437045844082434	4.9078798434880925e-06	0.0019635532156057366	6.802267800407075e-06	5.395298026586531e-05	1.6397367852211e-05	1.1489657482409843e-05	8.715872396804906e-06	8.232917386898143e-06
TT>GG	3.016780301158034e-07	3.932477052318622e-07	0.009039510458444956	0.0010802536086033123	0.0006505471227280645	0.0011477132414360275	0.0004248769186267157	0.0009776422156237195	0.008516183921121492	0.0010175208427694125	0.006062153515259121	0.002009923849465264
