Iteration	L1	L1 %	L2	L2 %	KL Divergence
1	9.58	72.932	2.929	46.664	0.662
2	9.674	74.513	2.999	48.828	0.687
3	11.692	77.802	3.699	49.347	0.705
4	9.699	72.045	3.103	48.529	0.655
5	9.024	70.525	2.774	47.574	0.641
6	9.872	73.02	3.033	48.15	0.643
7	10.341	69.069	2.986	44.973	0.604
8	10.052	79.075	3.171	52.541	0.725
9	10.104	75.082	3.111	49.289	0.708
10	10.469	72.447	3.172	48.35	0.626
11	9.216	74.428	2.874	50.093	0.675
12	10.692	83.942	3.362	54.265	0.772
13	9.716	75.3	3.063	50.771	0.69
14	9.281	72.46	2.881	47.061	0.624
15	10.67	76.533	3.278	49.289	0.667
16	10.526	73.98	3.243	49.812	0.671
17	9.841	74.472	2.977	47.952	0.702
18	10.153	78.407	3.156	51.03	0.707
19	9.681	68.295	2.899	45.987	0.618
20	11.181	75.917	3.26	49.653	0.65
21	9.36	73.203	3.009	48.74	0.647
22	10.888	76.399	3.315	48.699	0.666
23	10.71	74.957	3.438	49.76	0.663
24	9.327	73.916	2.855	48.699	0.681
25	9.559	71.333	2.904	47.364	0.637
26	9.598	72.989	2.875	47.192	0.658
27	10.277	76.858	3.071	51.246	0.693
28	11.008	73.939	3.263	48.879	0.635
29	11.751	76.146	3.574	49.606	0.667
30	9.72	74.359	3.09	51.006	0.666
31	8.844	75.577	2.786	49.862	0.715
32	9.787	75.453	3.198	49.654	0.73
33	11.609	74.694	3.441	50.493	0.637
34	9.459	70.359	3.02	46.051	0.625
35	10.396	79.673	3.06	51.139	0.706
36	8.367	70.546	2.711	46.203	0.659
37	11.263	79.054	3.304	50.906	0.695
38	10.966	77.81	3.37	50.668	0.696
39	9.777	75.18	2.992	49.999	0.686
40	10.013	69.935	3.102	46.16	0.618
41	9.109	72.461	2.916	47.194	0.695
42	9.313	72.057	2.951	48.972	0.657
43	9.619	69.159	2.904	45.527	0.637
44	11.166	77.965	3.55	50.933	0.702
45	10.608	67.63	3.308	46.186	0.569
46	10.318	74.418	3.067	47.957	0.683
47	10.959	77.525	3.437	52.098	0.686
48	9.761	67.101	3.026	43.844	0.586
49	9.583	67.61	2.886	44.373	0.607
50	11.257	75.697	3.49	49.884	0.658
51	9.655	70.301	2.964	46.434	0.657
52	8.671	74.229	2.821	48.401	0.692
53	9.722	71.025	2.983	46.919	0.64
54	9.845	74.628	3.197	48.932	0.661
55	9.39	75.128	2.834	49.306	0.706
56	9.213	74.116	2.901	49.263	0.693
57	9.754	69.709	2.889	46.331	0.628
58	10.039	73.339	3.073	50.343	0.663
59	8.875	66.735	2.686	44.495	0.597
60	10.889	79.818	3.431	51.771	0.703
61	9.896	74.805	2.866	49.412	0.678
62	10.263	79.931	3.392	53.298	0.686
63	9.156	71.076	2.885	47.554	0.638
64	9.387	67.371	2.893	45.069	0.588
65	8.788	72.703	2.795	47.934	0.646
66	10.173	73.814	3.13	50.179	0.633
67	9.896	73.267	3.122	49.571	0.655
68	10.094	74.525	3.09	51.124	0.607
69	8.715	71.775	2.761	47.672	0.613
70	9.432	68.123	2.879	45.771	0.613
71	9.962	72.96	2.91	49.488	0.666
72	8.936	72.797	2.961	49.582	0.64
73	9.146	69.049	2.807	46.074	0.637
74	10.813	74.353	3.381	48.47	0.628
75	10.919	76.664	3.324	50.234	0.693
76	9.691	71.354	3.003	47.118	0.631
77	10.279	72.872	3.042	49.311	0.669
78	9.085	73.894	2.927	50.055	0.648
79	10.534	73.119	3.335	47.801	0.618
80	9.188	71.458	2.88	46.357	0.64
81	9.454	75.155	2.938	49.563	0.699
82	9.231	70.246	3.038	47.365	0.653
83	10.638	73.522	3.367	49.718	0.583
84	9.824	77.523	3.131	51.674	0.703
85	10.101	70.127	3.088	46.776	0.596
86	9.847	76.447	3.056	50.106	0.68
87	10.109	74.752	3.008	49.004	0.698
88	11.278	75.15	3.456	49.905	0.648
89	10.652	73.459	3.083	48.092	0.644
90	9.624	76.102	3.003	51.087	0.669
91	9.985	68.363	2.985	46.477	0.61
92	9.259	75.412	3.003	50.065	0.677
93	10.855	80.139	3.345	51.923	0.717
94	11.107	78.622	3.421	50.958	0.716
95	9.396	72.316	2.912	46.661	0.659
96	10.805	76.282	3.24	49.585	0.649
97	10.074	70.852	2.968	46.76	0.624
98	10.698	71.349	3.386	48.515	0.584
99	9.924	71.395	3.147	48.081	0.609
100	9.982	71.985	2.99	48.632	0.634
101	10.296	76.916	3.14	50.868	0.707
102	10.532	72.524	3.015	48.169	0.622
103	9.814	68.791	2.922	43.732	0.61
104	9.77	70.103	2.969	44.574	0.595
105	10.886	74.287	3.412	49.062	0.649
106	9.9	72.186	2.965	47.198	0.672
107	10.855	71.3	3.323	46.415	0.605
108	9.546	68.803	2.99	47.422	0.586
109	11.296	75.381	3.268	48.581	0.651
110	10.276	72.625	3.19	49.044	0.618
111	10.971	77.683	3.279	51.977	0.685
112	10.718	75.606	3.263	49.047	0.671
113	11.876	76.96	3.673	50.56	0.67
114	10.692	74.255	3.343	47.049	0.662
115	9.636	68.776	2.919	46.64	0.609
116	10.98	77.651	3.175	51.709	0.674
117	11.203	76.548	3.255	50.418	0.668
118	9.574	67.199	2.915	44.332	0.585
119	11.581	78.634	3.502	52.257	0.686
120	10.371	74.193	3.232	48.116	0.627
121	10.116	73.468	3.027	48.501	0.676
122	10.013	74.128	2.987	50.04	0.668
123	10.114	73.794	3.034	48.96	0.683
124	9.97	69.148	2.973	45.625	0.595
125	10.39	73.118	3.214	48.848	0.653
126	9.011	73.175	2.89	49.713	0.666
127	9.059	70.891	2.809	46.664	0.63
128	8.812	74.979	2.811	49.859	0.671
129	10.051	75.67	3.154	50.4	0.719
130	10.179	77.828	3.229	53.067	0.706
131	11.02	72.405	3.282	47.547	0.625
132	8.712	73.481	2.708	48.022	0.655
133	11.184	75.231	3.419	48.57	0.651
134	11.632	73.683	3.642	49.042	0.626
135	9.508	70.984	2.975	47.298	0.635
136	9.74	72.666	2.95	49.467	0.65
137	11.751	73.382	3.702	49.069	0.621
138	10.79	68.845	3.012	44.787	0.584
139	9.477	73.987	3.054	48.815	0.677
140	10.508	76.844	3.178	49.699	0.689
141	9.659	78.394	3.042	51.238	0.725
142	10.294	80.221	3.176	51.68	0.717
143	9.524	73.191	2.909	49.26	0.649
144	8.788	67.074	2.757	44.192	0.628
145	9.339	75.455	2.824	49.218	0.707
146	10.11	74.466	3.178	49.081	0.693
147	10.352	73.302	3.147	48.578	0.633
148	11.409	80.948	3.596	52.961	0.698
149	10.345	73.43	3.004	49.377	0.651
150	10.76	76.475	3.237	49.835	0.691
151	9.829	76.102	3.111	51.428	0.669
152	9.279	70.557	2.833	46.625	0.628
153	10.378	74.303	3.116	49.388	0.635
154	9.655	74.167	2.958	50.172	0.661
155	10.772	72.254	3.313	46.587	0.612
156	10.079	76.303	3.104	51.328	0.676
157	10.282	72.037	3.071	49.039	0.66
158	9.064	71.959	2.758	48.118	0.676
159	9.32	69.283	2.878	45.47	0.635
160	9.496	73.487	2.913	47.463	0.657
161	10.368	81.453	3.099	52.348	0.75
162	9.368	62.73	2.751	42.195	0.534
163	9.348	76.825	2.939	50.34	0.703
164	9.914	75.74	3.111	50.139	0.676
165	9.099	71.342	2.857	46.33	0.61
166	9.569	68.86	2.83	45.879	0.633
167	9.421	80.052	2.968	52.528	0.721
168	10.118	76.85	3.006	49.783	0.704
169	10.314	77.571	3.247	51.451	0.726
170	8.979	73.651	2.718	47.398	0.658
171	10.359	76.459	3.179	50.316	0.67
172	11.074	77.218	3.391	50.304	0.653
173	10.517	77.986	3.15	51.056	0.735
174	9.511	71.114	2.956	48.228	0.627
175	11.486	79.739	3.559	52.117	0.696
176	11.049	75.751	3.261	47.965	0.656
177	9.73	73.3	2.983	48.726	0.687
178	10.322	72.373	3.053	46.13	0.65
179	9.11	70.096	2.809	45.969	0.64
180	9.764	71.996	3.082	48.644	0.656
181	9.809	71.93	2.961	48.192	0.639
182	9.477	70.937	2.891	46.734	0.652
183	10.182	80.161	3.278	52.518	0.709
184	9.862	69.806	3.093	47.75	0.627
185	10.824	71.241	3.191	47.238	0.616
186	9.079	70.914	2.86	47.885	0.623
187	10.841	80.241	3.219	52.518	0.744
188	10.24	74.55	3.077	48.567	0.658
189	9.665	73.609	2.97	48.193	0.664
190	10.928	74.3	3.21	49.032	0.653
191	9.748	74.329	3.124	48.568	0.688
192	10.241	75.172	3.092	49.674	0.693
193	9.008	68.49	2.813	46.551	0.601
194	10.372	77.775	3.137	51.395	0.722
195	9.338	73.817	2.97	48.053	0.669
196	10.347	77.394	3.206	51.327	0.706
197	12.188	81.495	3.665	52.202	0.679
198	10.554	75.879	3.224	49.014	0.65
199	9.168	69.668	2.951	46.964	0.62
200	10.755	75.307	3.417	50.68	0.658
201	11.505	75.423	3.584	49.267	0.628
202	10.378	72.224	3.018	47.767	0.645
203	9.827	73.898	3.061	48.857	0.684
204	10.028	76.042	3.228	50.658	0.68
205	11.424	81.244	3.625	51.764	0.699
206	9.708	79.196	3.071	51.642	0.734
207	11.239	73.334	3.327	49.066	0.643
208	10.94	75.48	3.257	49.698	0.693
209	10.646	73.159	3.162	48.759	0.658
210	9.834	68.731	2.997	45.132	0.621
211	10.009	71.448	3.116	49.238	0.655
212	9.99	79.629	3.291	52.459	0.702
213	9.476	76.573	2.949	50.348	0.727
214	10.148	77.055	3.187	51.147	0.69
215	8.326	71.442	2.621	46.261	0.656
216	11.464	75.378	3.483	49.113	0.689
217	9.616	72.549	2.949	48.45	0.653
218	10.143	75.507	3.174	50.449	0.661
219	9.895	69.586	3.047	47.157	0.622
220	11.441	73.909	3.529	48.674	0.608
221	9.364	73.554	2.955	47.949	0.665
222	11.017	70.727	3.278	47.524	0.566
223	10.212	72.264	3.075	47.152	0.66
224	10.987	76.172	3.47	48.635	0.66
225	10.789	74.399	3.4	49.729	0.652
226	9.49	73.527	2.947	47.441	0.667
227	10.405	71.864	3.155	48.013	0.644
228	9.972	71.941	3.098	47.474	0.613
229	10.174	74.932	3.199	50.832	0.675
230	9.679	72.579	2.981	46.677	0.674
231	10.74	82.836	3.203	54.132	0.78
232	10.117	79.576	3.117	51.484	0.732
233	9.885	73.611	3.125	48.972	0.658
234	10.6	77.115	3.218	50.694	0.68
235	9.075	69.011	2.852	47.56	0.635
236	9.37	73.059	2.917	47.691	0.653
237	10.472	75.021	3.241	48.828	0.668
238	11.073	77.823	3.454	50.593	0.659
239	11.133	76.038	3.252	50.163	0.664
240	9.047	67.871	2.906	47.106	0.614
241	9.635	78.666	2.976	51.793	0.709
242	11.076	78.156	3.389	51.155	0.685
243	9.313	74.688	2.831	49.108	0.685
244	10.929	72.457	3.516	47.722	0.589
245	9.076	73.916	2.895	49.426	0.654
246	9.609	70.467	2.968	46.88	0.627
247	8.904	71.938	2.849	47.534	0.637
248	11.154	80.278	3.247	53.207	0.697
249	9.888	69.494	3.047	48.491	0.601
250	10.236	77.675	3.144	50.94	0.712
251	10.491	76.05	3.088	49.79	0.696
252	10.168	75.225	3.133	48.983	0.688
253	9.788	71.689	3.1	48.657	0.655
254	9.576	76.183	3.014	50.648	0.705
255	9.059	75.414	2.875	49.178	0.718
256	10.588	76.147	3.182	51.472	0.662
257	10.736	71.995	3.126	47.354	0.606
258	9.651	70.725	2.969	47.051	0.637
259	10.736	73.006	3.216	47.527	0.628
260	10.677	75.646	3.471	48.48	0.636
261	10.436	72.953	3.143	49.977	0.686
262	9.86	78.759	3.122	52.434	0.714
263	10.773	70.923	3.204	47.8	0.601
264	10.401	78.103	3.156	51.43	0.72
265	9.711	72.092	2.908	47.526	0.648
266	10.42	72.296	3.037	48.057	0.65
267	10.766	74.708	3.287	48.526	0.659
268	10.552	74.715	3.271	49.089	0.663
269	9.112	69.075	2.925	46.085	0.594
270	10.457	71.805	3.113	46.923	0.624
271	9.338	72.297	2.873	46.746	0.677
272	10.044	79.912	3.179	51.786	0.718
273	9.812	68.375	3.061	47.668	0.601
274	10.502	73.385	3.227	46.942	0.653
275	9.239	66.821	2.916	44.255	0.592
276	10.0	72.656	3.088	49.829	0.658
277	9.658	72.892	3.051	47.923	0.66
278	11.159	79.342	3.511	52.19	0.705
279	12.034	79.623	3.65	51.568	0.688
280	10.517	78.054	3.112	51.13	0.712
281	10.822	72.052	3.119	47.867	0.596
282	8.571	68.147	2.621	45.261	0.629
283	9.689	73.94	3.106	48.127	0.645
284	9.943	76.239	2.952	50.552	0.674
285	8.696	66.297	2.782	45.184	0.578
286	9.437	72.278	2.934	48.469	0.649
287	9.063	70.005	2.74	45.95	0.639
288	12.095	75.76	3.588	50.893	0.655
289	9.614	77.913	3.021	50.883	0.713
290	11.482	68.404	3.496	45.783	0.573
291	9.987	74.838	3.085	49.333	0.675
292	9.368	71.331	3.042	47.908	0.596
293	9.786	75.352	3.002	50.629	0.681
294	11.736	77.203	3.749	49.414	0.653
295	10.023	71.032	2.918	48.641	0.642
296	10.729	77.45	3.14	50.975	0.719
297	11.052	79.649	3.519	53.045	0.672
298	10.192	70.909	3.003	47.599	0.622
299	10.416	75.275	3.22	50.063	0.67
300	8.834	73.552	2.803	48.962	0.63
301	10.009	71.507	3.117	47.541	0.638
302	10.406	74.005	3.305	48.136	0.668
303	9.273	65.215	2.942	45.181	0.567
304	9.95	71.389	3.013	47.596	0.619
305	9.751	71.621	2.888	47.621	0.644
306	9.285	76.532	3.055	51.248	0.703
307	9.738	69.133	3.004	46.168	0.623
308	10.883	81.815	3.176	52.8	0.741
309	11.575	81.526	3.464	54.79	0.721
310	12.408	82.649	4.117	53.843	0.705
311	10.089	74.963	3.113	49.522	0.705
312	10.384	76.928	3.129	51.334	0.679
313	10.612	78.46	3.168	50.673	0.738
314	10.147	67.646	3.063	44.94	0.586
315	10.572	73.636	3.111	49.815	0.621
316	10.011	75.43	3.253	50.202	0.659
317	11.081	75.427	3.338	48.929	0.669
318	9.642	72.427	3.037	48.508	0.699
319	10.464	71.148	3.155	48.171	0.608
320	9.34	70.479	2.938	46.312	0.64
321	10.263	69.77	3.126	46.902	0.636
322	9.648	75.922	3.14	50.571	0.694
323	9.509	77.107	3.034	50.523	0.72
324	9.461	70.258	2.848	46.35	0.601
325	9.151	70.482	2.784	45.784	0.64
326	10.408	72.555	3.208	49.929	0.643
327	9.48	72.628	2.871	47.137	0.636
328	9.699	73.504	3.258	49.657	0.647
329	8.981	70.927	2.939	47.992	0.623
330	8.928	76.258	2.843	49.365	0.731
331	10.145	79.306	3.194	51.244	0.742
332	12.159	78.986	3.631	50.223	0.68
333	9.373	72.307	2.907	48.611	0.626
334	10.922	71.187	3.188	45.688	0.61
335	9.889	75.691	3.098	48.016	0.67
336	8.792	72.917	2.832	48.771	0.653
337	10.867	78.192	3.206	49.774	0.679
338	12.405	77.75	3.921	50.56	0.683
339	9.578	72.476	3.061	49.051	0.668
340	10.572	77.85	3.246	52.9	0.742
341	10.655	77.057	3.334	51.372	0.71
342	9.962	74.162	3.022	48.667	0.667
343	10.238	79.578	3.361	51.844	0.725
344	10.156	80.761	3.229	52.507	0.773
345	9.944	70.777	3.019	48.668	0.646
346	10.157	76.509	3.169	50.479	0.707
347	9.908	76.067	3.129	51.131	0.664
348	9.699	72.002	2.916	46.937	0.646
349	10.77	74.345	3.332	49.996	0.62
350	10.865	74.454	3.135	49.563	0.663
351	8.817	68.359	2.682	46.883	0.632
352	9.373	70.129	2.86	46.163	0.647
353	10.229	77.123	3.255	49.78	0.698
354	9.639	75.047	3.123	50.403	0.68
355	11.628	69.979	3.457	48.144	0.566
356	9.413	69.667	2.907	47.405	0.613
357	9.782	73.092	3.048	47.515	0.643
358	9.445	74.673	2.876	48.426	0.67
359	10.475	66.546	2.988	44.047	0.591
360	11.009	69.673	3.447	46.415	0.572
361	10.481	77.739	3.262	51.261	0.732
362	10.779	74.349	3.3	47.587	0.647
363	10.462	76.249	3.317	50.175	0.691
364	10.182	75.267	3.095	49.823	0.662
365	11.253	73.98	3.294	48.433	0.638
366	11.955	79.396	3.627	53.098	0.681
367	10.5	72.31	3.173	48.97	0.593
368	10.783	76.947	3.278	50.363	0.667
369	10.561	75.174	3.252	49.921	0.634
370	9.971	65.328	3.087	42.309	0.588
371	10.936	74.969	3.464	49.9	0.633
372	10.675	73.409	3.189	49.115	0.628
373	9.216	75.069	2.955	50.601	0.669
374	9.775	79.244	3.029	52.146	0.724
375	10.047	76.39	3.034	49.861	0.69
376	10.277	67.981	3.095	44.972	0.609
377	9.981	77.899	3.133	51.636	0.716
378	10.29	77.577	3.233	52.313	0.75
379	9.566	72.561	2.878	49.207	0.621
380	11.679	72.585	3.582	48.79	0.63
381	11.236	79.527	3.456	51.6	0.659
382	10.434	77.308	3.337	51.356	0.703
383	10.924	78.125	3.408	50.146	0.674
384	9.9	72.792	3.089	48.46	0.649
385	9.561	67.198	2.874	44.01	0.637
386	9.601	75.655	3.017	49.995	0.679
387	9.347	67.514	2.868	45.623	0.607
388	9.694	67.904	2.924	43.217	0.603
389	10.293	75.609	3.112	50.763	0.68
390	11.331	74.086	3.461	49.217	0.601
391	9.01	67.782	2.872	44.08	0.603
392	11.045	76.325	3.301	51.389	0.643
393	10.36	72.144	3.149	48.224	0.658
394	10.541	74.719	3.144	47.415	0.657
395	10.476	73.395	3.152	48.073	0.655
396	10.061	74.281	3.244	49.283	0.672
397	9.527	73.886	2.939	48.534	0.668
398	11.264	72.484	3.387	49.081	0.611
399	9.761	70.711	2.919	48.093	0.636
400	9.896	70.917	3.032	46.026	0.667
401	9.656	73.069	2.961	49.15	0.691
402	10.491	75.083	3.242	48.765	0.67
403	11.234	78.133	3.516	50.66	0.687
404	10.116	80.169	3.124	52.096	0.727
405	10.001	75.521	3.178	50.282	0.675
406	11.47	74.025	3.474	50.127	0.607
407	10.002	77.504	3.222	52.057	0.702
408	10.662	75.602	3.119	49.932	0.671
409	9.208	71.29	2.988	47.823	0.639
410	10.553	73.526	3.413	47.293	0.614
411	10.568	77.731	3.243	50.565	0.713
412	9.272	77.785	2.974	50.927	0.73
413	9.875	73.721	3.163	50.881	0.661
414	10.367	72.526	3.291	49.19	0.613
415	9.59	71.892	2.855	46.975	0.636
416	9.757	74.833	2.941	49.721	0.667
417	9.301	72.784	2.967	47.576	0.647
418	9.616	72.163	2.862	47.235	0.666
419	9.189	71.465	2.912	46.29	0.654
420	10.366	75.206	3.101	48.627	0.665
421	10.907	77.349	3.489	50.872	0.671
422	10.749	75.438	3.164	49.511	0.678
423	9.332	73.193	2.843	47.307	0.646
424	9.86	72.097	3.023	48.172	0.649
425	11.063	79.093	3.401	51.578	0.703
426	10.823	77.316	3.45	52.155	0.68
427	11.173	81.582	3.448	52.299	0.742
428	9.364	72.263	2.924	47.72	0.63
429	10.943	75.281	3.335	49.184	0.649
430	10.29	71.965	3.148	48.331	0.635
431	10.164	70.995	3.142	47.453	0.614
432	10.629	75.264	3.475	50.075	0.659
433	9.734	75.666	3.038	49.784	0.659
434	10.225	72.846	3.152	48.626	0.656
435	10.45	78.551	3.146	50.844	0.708
436	9.795	76.52	3.025	49.426	0.681
437	9.435	74.339	2.95	47.854	0.673
438	9.639	71.288	2.9	46.729	0.624
439	9.833	73.719	3.068	49.047	0.682
440	8.831	69.434	2.776	45.145	0.618
441	9.733	76.383	3.14	52.051	0.695
442	9.617	77.73	3.119	51.622	0.739
443	9.98	68.988	3.067	44.627	0.623
444	9.969	70.9	2.98	46.739	0.632
445	10.126	71.966	3.097	47.96	0.629
446	11.259	73.171	3.449	47.615	0.651
447	9.957	69.492	2.963	46.087	0.644
448	11.132	74.974	3.648	47.703	0.675
449	10.152	74.801	3.14	49.943	0.69
450	11.242	79.013	3.467	51.924	0.685
451	9.831	67.53	2.981	45.648	0.565
452	9.779	70.943	2.95	46.983	0.625
453	9.679	72.767	3.117	50.661	0.646
454	9.929	73.734	3.048	48.255	0.651
455	10.386	69.441	3.067	45.62	0.607
456	10.856	78.513	3.32	51.995	0.701
457	9.829	74.065	2.99	50.901	0.665
458	10.047	74.974	3.235	49.822	0.647
459	9.378	68.119	2.908	45.924	0.609
460	9.17	73.85	2.911	50.596	0.661
461	9.72	74.36	3.125	49.815	0.673
462	10.251	78.849	3.175	51.908	0.727
463	10.663	77.733	3.317	49.673	0.67
464	9.253	71.039	2.834	47.155	0.651
465	10.444	77.204	3.279	52.019	0.693
466	10.469	75.591	3.144	50.864	0.676
467	9.302	76.254	3.026	51.071	0.713
468	9.718	77.391	2.985	51.237	0.698
469	9.439	71.782	2.944	47.374	0.651
470	9.619	74.293	2.877	49.46	0.683
471	9.246	71.852	2.98	48.63	0.633
472	9.491	72.736	2.897	49.247	0.659
473	10.697	73.878	3.199	48.19	0.64
474	9.766	70.194	3.014	46.938	0.632
475	11.24	72.462	3.136	48.306	0.606
476	10.431	77.475	3.259	51.471	0.695
477	9.728	73.662	3.132	48.905	0.696
478	11.357	76.16	3.215	49.447	0.659
479	10.055	72.252	2.931	47.771	0.641
480	11.161	78.908	3.434	52.042	0.706
481	10.001	75.378	2.948	49.245	0.665
482	10.563	79.555	3.158	51.607	0.703
483	9.793	79.646	3.089	52.791	0.713
484	10.502	70.125	3.218	48.326	0.633
485	10.548	74.502	3.181	48.864	0.667
486	10.798	85.246	3.367	53.167	0.79
487	10.188	69.876	3.055	47.859	0.622
488	9.595	77.88	2.898	51.174	0.745
489	9.336	73.645	2.861	47.611	0.648
490	9.635	71.135	3.048	48.847	0.631
491	10.705	79.377	3.256	52.31	0.721
492	9.529	75.572	3.007	50.857	0.707
493	9.634	68.828	2.977	47.78	0.623
494	9.649	74.633	3.02	50.606	0.689
495	10.184	66.766	3.005	44.571	0.59
496	11.94	78.64	3.677	51.28	0.679
497	9.805	77.286	2.934	51.073	0.699
498	9.035	68.45	2.826	47.034	0.627
499	9.169	71.426	2.875	47.36	0.597
500	10.356	75.344	3.104	48.338	0.666
501	10.101	70.941	3.045	47.597	0.626
502	10.412	77.488	3.33	51.449	0.68
503	11.05	70.349	3.36	45.416	0.615
504	9.286	73.981	2.888	50.079	0.663
505	10.91	71.999	3.274	46.356	0.628
506	10.499	79.582	3.294	53.863	0.733
507	10.176	73.828	3.111	48.451	0.668
508	9.238	74.033	2.901	48.22	0.696
509	10.305	76.262	3.191	49.935	0.675
510	9.828	74.769	3.111	48.449	0.672
511	10.341	72.301	3.409	49.683	0.633
512	9.606	77.183	3.08	50.969	0.712
513	9.791	79.472	3.119	52.377	0.745
514	10.541	73.128	3.323	48.734	0.644
515	10.924	77.244	3.457	50.114	0.706
516	9.506	71.834	2.974	48.725	0.656
517	10.559	75.271	3.231	49.755	0.707
518	9.128	71.532	2.919	47.867	0.666
519	10.094	77.788	3.276	51.661	0.72
520	10.389	71.768	3.228	48.927	0.647
521	11.452	75.386	3.343	47.63	0.668
522	10.785	74.717	3.137	48.939	0.677
523	10.072	71.524	3.077	47.557	0.64
524	10.22	73.26	3.107	47.74	0.663
525	9.562	81.077	2.924	52.389	0.797
526	10.003	74.685	3.101	48.563	0.682
527	10.446	71.376	3.436	48.682	0.624
528	9.915	70.273	2.927	46.844	0.624
529	10.149	70.494	3.076	46.198	0.637
530	10.478	78.525	3.127	51.789	0.694
531	10.939	82.417	3.184	51.09	0.779
532	10.114	66.171	2.835	44.887	0.541
533	9.565	72.396	3.064	49.032	0.62
534	9.821	74.754	2.992	49.201	0.685
535	10.024	75.562	3.115	50.387	0.64
536	10.717	75.097	3.135	49.152	0.656
537	10.021	78.384	3.247	52.563	0.716
538	10.467	80.228	3.099	53.423	0.745
539	9.804	75.072	2.988	48.954	0.667
540	9.525	71.628	3.043	48.358	0.611
541	9.113	70.553	2.838	47.215	0.627
542	10.628	73.721	3.111	49.382	0.622
543	11.484	78.913	3.394	52.021	0.675
544	12.29	77.588	3.752	51.273	0.678
545	10.152	72.409	3.255	48.888	0.641
546	10.125	66.481	3.075	45.094	0.581
547	9.978	73.454	3.08	50.348	0.659
548	10.406	77.328	3.203	51.319	0.673
549	11.646	85.399	3.649	55.912	0.754
550	10.115	73.596	3.101	50.611	0.672
551	10.525	75.915	3.187	49.583	0.682
552	10.145	75.767	2.975	49.413	0.684
553	9.777	74.033	2.928	48.516	0.697
554	9.621	74.539	3.162	48.712	0.644
555	10.67	77.608	3.209	52.167	0.708
556	9.809	72.472	2.982	47.362	0.627
557	10.742	76.899	3.169	50.607	0.706
558	9.622	77.295	2.991	50.101	0.699
559	9.919	74.824	3.091	49.402	0.695
560	8.689	68.638	2.792	45.26	0.623
561	9.377	66.286	2.714	43.081	0.583
562	9.877	77.189	3.149	49.515	0.701
563	10.053	72.433	3.052	48.772	0.606
564	9.942	69.457	3.05	45.648	0.601
565	9.887	69.545	3.027	47.371	0.595
566	9.904	72.182	3.089	48.31	0.623
567	9.536	76.263	3.039	50.219	0.72
568	11.008	75.429	3.433	48.959	0.634
569	9.736	75.436	3.072	50.037	0.671
570	10.314	81.386	3.092	52.925	0.754
571	10.429	78.403	3.393	51.214	0.708
572	10.016	75.025	3.118	49.911	0.708
573	10.445	70.795	3.261	46.996	0.604
574	9.556	75.324	2.955	49.324	0.69
575	10.635	71.548	3.206	46.571	0.624
576	9.652	77.666	2.952	49.502	0.721
577	10.439	76.549	3.186	50.815	0.701
578	9.634	70.953	3.138	46.325	0.623
579	8.829	70.829	2.821	46.327	0.611
580	10.028	72.343	3.097	48.514	0.651
581	10.984	74.843	3.579	48.325	0.636
582	9.476	73.419	2.948	47.986	0.651
583	8.884	69.874	2.727	46.493	0.647
584	10.633	70.494	3.216	46.365	0.579
585	9.914	71.964	3.043	49.751	0.643
586	8.913	76.407	3.056	52.092	0.723
587	10.938	79.199	3.355	51.85	0.721
588	9.904	74.447	2.982	48.436	0.694
589	9.931	73.848	3.114	47.962	0.663
590	10.599	76.11	3.154	49.995	0.704
591	10.812	75.431	3.24	49.638	0.657
592	10.63	76.644	3.282	49.784	0.679
593	9.82	71.997	2.948	48.217	0.625
594	9.069	70.103	2.729	48.569	0.653
595	11.269	74.868	3.287	50.002	0.655
596	8.952	72.664	2.846	47.791	0.65
597	9.896	75.672	3.054	49.927	0.679
598	10.914	74.178	3.257	49.694	0.648
599	11.086	74.395	3.456	47.721	0.66
600	10.165	74.566	3.083	47.602	0.696
601	10.432	75.097	3.246	49.522	0.655
602	9.772	70.144	3.07	47.698	0.597
603	10.672	78.013	3.274	49.895	0.698
604	9.859	76.763	3.136	49.311	0.699
605	11.304	76.552	3.534	51.068	0.66
606	10.38	72.911	3.153	48.309	0.677
607	9.281	65.277	2.821	43.602	0.614
608	9.775	75.655	3.126	50.556	0.65
609	10.153	68.821	3.015	45.499	0.588
610	9.875	76.98	2.951	49.595	0.736
611	9.248	73.94	3.032	49.191	0.645
612	9.827	75.588	2.964	49.725	0.703
613	10.064	70.174	3.046	46.657	0.639
614	10.281	76.488	3.141	50.206	0.691
615	9.206	70.374	2.84	47.326	0.618
616	9.354	72.607	2.922	46.416	0.669
617	9.91	81.468	3.053	52.822	0.71
618	9.984	73.387	3.133	50.629	0.667
619	9.145	74.741	2.853	49.19	0.629
620	9.667	74.095	2.955	48.099	0.685
621	8.781	75.565	2.765	48.955	0.698
622	9.211	71.173	2.984	47.328	0.606
623	9.779	73.483	3.141	48.561	0.624
624	9.5	69.361	2.824	44.893	0.649
625	9.139	68.608	2.894	46.784	0.631
626	11.798	78.629	3.522	50.888	0.675
627	9.553	72.382	2.921	48.061	0.632
628	10.545	80.328	3.255	52.428	0.753
629	9.411	70.142	2.962	48.216	0.639
630	10.428	70.389	3.063	46.827	0.635
631	10.428	73.726	3.027	48.909	0.67
632	9.528	69.418	3.036	47.958	0.615
633	9.654	73.481	2.968	48.751	0.668
634	9.98	71.207	3.157	47.904	0.656
635	10.736	73.486	3.434	49.963	0.605
636	9.45	67.461	2.892	45.237	0.564
637	10.177	71.04	3.019	48.513	0.604
638	9.681	72.177	3.128	47.788	0.661
639	9.218	72.466	2.928	46.548	0.635
640	9.91	74.57	2.997	48.301	0.687
641	10.712	74.105	3.345	49.221	0.624
642	10.533	75.428	3.153	48.898	0.648
643	8.836	72.414	2.797	47.83	0.622
644	10.011	75.57	3.075	48.67	0.653
645	9.503	71.654	2.928	46.329	0.666
646	10.712	77.002	3.233	50.841	0.679
647	9.424	74.555	2.997	50.666	0.681
648	9.495	70.437	2.885	47.11	0.619
649	10.542	77.005	3.3	50.002	0.677
650	10.258	80.493	3.216	52.607	0.749
651	9.28	78.478	2.95	52.132	0.685
652	9.283	68.866	2.93	46.651	0.6
653	9.518	74.061	2.925	48.43	0.667
654	10.489	70.495	3.142	46.545	0.627
655	10.999	76.548	3.332	49.566	0.663
656	10.942	72.049	3.517	47.525	0.618
657	8.778	73.873	2.829	49.308	0.649
658	10.457	73.093	3.185	48.536	0.673
659	10.096	76.917	3.274	50.243	0.706
660	11.405	74.373	3.226	49.925	0.656
661	10.523	72.168	3.132	49.12	0.653
662	10.858	76.645	3.367	48.561	0.65
663	10.894	74.721	3.393	50.37	0.614
664	9.572	71.581	2.913	48.834	0.629
665	9.716	76.899	3.189	50.855	0.695
666	10.079	76.012	3.197	50.967	0.664
667	9.611	73.403	2.985	47.535	0.645
668	10.237	77.974	3.117	50.904	0.73
669	10.188	76.787	3.074	49.983	0.689
670	9.782	70.297	3.011	47.845	0.604
671	9.181	69.788	2.906	44.799	0.613
672	10.391	74.805	3.069	48.564	0.66
673	9.293	77.575	2.933	50.957	0.735
674	9.972	69.397	2.899	44.414	0.608
675	9.695	69.959	2.896	48.215	0.612
676	10.455	76.34	3.19	50.899	0.673
677	9.208	71.779	2.9	49.187	0.654
678	9.711	71.159	2.898	48.157	0.633
679	10.03	72.004	3.021	47.386	0.639
680	9.868	80.584	3.055	51.641	0.726
681	10.62	76.625	3.142	49.894	0.719
682	10.054	73.974	3.108	49.8	0.669
683	9.299	69.563	2.981	48.963	0.648
684	9.769	74.292	3.003	48.963	0.69
685	10.589	76.672	3.158	50.509	0.692
686	10.461	76.612	3.174	50.182	0.711
687	9.248	70.433	2.843	47.016	0.625
688	9.636	74.358	3.045	50.674	0.657
689	9.547	75.075	3.058	50.537	0.662
690	10.425	77.966	3.236	52.323	0.702
691	10.031	74.645	3.069	49.796	0.685
692	9.582	75.59	3.067	50.473	0.702
693	9.03	68.159	2.724	46.104	0.586
694	9.251	73.092	2.88	47.249	0.672
695	10.135	72.049	3.023	48.381	0.637
696	9.754	71.408	3.11	48.501	0.639
697	10.168	71.116	3.002	47.543	0.624
698	9.36	70.45	2.962	47.025	0.629
699	8.69	69.951	2.852	46.711	0.616
700	10.818	77.149	3.322	51.3	0.7
701	10.968	75.575	3.273	49.738	0.699
702	10.574	73.039	3.347	46.46	0.657
703	9.533	75.639	3.061	48.747	0.706
704	10.365	72.42	3.275	47.84	0.621
705	10.315	76.507	3.19	50.344	0.672
706	10.269	70.403	3.024	45.43	0.608
707	9.409	70.035	2.958	48.016	0.61
708	10.234	73.627	3.057	48.119	0.663
709	11.276	80.997	3.509	52.739	0.73
710	9.661	72.1	2.944	46.728	0.647
711	10.054	72.402	3.136	48.514	0.675
712	9.571	71.947	3.049	48.632	0.638
713	11.365	76.522	3.591	50.242	0.67
714	11.174	81.581	3.427	52.968	0.764
715	10.973	74.842	3.482	48.85	0.648
716	9.351	75.14	2.865	49.495	0.697
717	11.082	77.889	3.517	51.824	0.66
718	10.953	69.017	3.348	46.173	0.563
719	9.222	71.733	2.939	47.652	0.659
720	9.482	75.163	2.959	49.297	0.652
721	10.301	71.262	3.197	46.47	0.618
722	10.639	78.203	3.082	51.447	0.701
723	9.396	77.454	2.966	48.202	0.686
724	9.633	69.751	3.007	46.778	0.634
725	9.941	69.437	3.001	47.807	0.595
726	11.106	74.677	3.539	49.831	0.643
727	10.536	74.837	3.141	48.213	0.672
728	9.835	76.013	2.982	49.94	0.686
729	9.423	74.897	3.016	49.344	0.669
730	9.904	76.066	3.111	49.423	0.7
731	10.329	78.914	3.168	51.312	0.701
732	9.127	72.399	2.943	47.85	0.675
733	10.292	71.798	3.149	48.235	0.646
734	9.513	72.871	2.92	48.476	0.677
735	9.766	71.906	2.974	47.13	0.641
736	10.78	74.683	3.313	48.484	0.656
737	10.413	73.409	3.166	47.476	0.645
738	9.488	73.22	2.915	48.165	0.669
739	10.143	67.624	3.049	46.198	0.614
740	9.525	73.823	3.152	48.976	0.678
741	9.911	72.492	3.147	48.473	0.666
742	9.387	72.619	2.834	47.264	0.65
743	9.86	78.58	2.932	50.463	0.712
744	10.181	77.216	3.164	49.672	0.701
745	9.937	76.818	3.304	51.055	0.699
746	8.402	70.917	2.782	46.493	0.617
747	9.34	70.335	2.817	47.106	0.629
748	9.86	73.148	3.097	48.859	0.646
749	9.755	73.262	2.998	48.822	0.659
750	10.192	73.378	3.039	48.55	0.617
751	9.684	72.441	2.956	48.383	0.622
752	9.429	76.883	2.95	49.714	0.73
753	11.07	78.401	3.397	50.375	0.718
754	9.013	75.328	2.887	50.154	0.701
755	12.051	82.742	3.726	54.61	0.748
756	9.896	81.623	3.183	53.954	0.74
757	9.19	72.227	2.867	46.871	0.695
758	10.36	70.663	3.089	46.576	0.56
759	10.417	71.938	3.103	47.206	0.603
760	8.957	71.006	2.732	45.781	0.638
761	9.599	77.481	3.045	50.461	0.732
762	9.664	69.904	2.966	46.485	0.595
763	10.631	76.083	3.126	50.598	0.67
764	10.615	72.416	3.059	47.81	0.619
765	9.072	68.172	2.81	47.13	0.608
766	9.669	73.432	2.996	48.504	0.676
767	11.07	83.742	3.331	54.25	0.754
768	8.875	71.53	2.794	47.093	0.615
769	10.843	73.67	3.199	49.246	0.639
770	10.543	76.418	3.107	50.256	0.683
771	10.736	81.262	3.37	52.998	0.745
772	10.125	73.634	3.078	49.699	0.648
773	9.781	73.285	3.078	48.244	0.615
774	9.732	74.582	2.95	49.325	0.683
775	9.808	74.584	3.069	49.827	0.65
776	10.852	73.568	3.321	48.599	0.642
777	10.968	78.181	3.538	50.375	0.707
778	10.431	76.627	3.43	50.827	0.642
779	10.008	78.061	3.239	51.007	0.731
780	9.72	73.505	3.133	49.441	0.648
781	9.593	73.124	2.897	50.189	0.673
782	10.516	75.962	3.108	49.948	0.68
783	10.839	77.673	3.328	49.91	0.642
784	11.144	74.691	3.327	49.373	0.625
785	10.192	80.239	3.077	52.524	0.757
786	9.917	70.499	3.026	47.195	0.624
787	9.842	71.369	3.046	47.243	0.605
788	10.639	77.457	3.165	50.311	0.706
789	11.415	75.096	3.845	49.209	0.653
790	10.97	74.18	3.368	49.537	0.665
791	10.732	78.062	3.288	50.554	0.667
792	9.652	78.115	3.06	50.555	0.711
793	9.968	74.619	3.101	48.325	0.654
794	11.047	71.967	3.259	47.342	0.602
795	9.724	70.21	3.021	46.907	0.619
796	10.192	72.015	3.123	47.729	0.642
797	9.405	78.631	3.065	52.371	0.716
798	9.698	70.289	3.083	47.894	0.619
799	10.248	76.386	3.055	49.896	0.697
800	10.215	76.654	3.08	50.266	0.683
801	10.637	69.345	3.177	47.815	0.611
802	9.859	76.224	3.034	49.936	0.702
803	9.867	74.163	2.999	48.621	0.702
804	10.654	67.728	3.377	45.542	0.58
805	9.933	75.966	3.054	51.192	0.704
806	11.037	77.479	3.585	51.339	0.686
807	10.556	77.622	3.155	52.506	0.692
808	10.459	74.305	3.227	48.719	0.629
809	10.355	76.7	3.207	50.882	0.669
810	10.231	78.73	3.331	51.83	0.689
811	10.193	78.355	3.102	51.433	0.717
812	10.473	73.596	3.065	47.697	0.643
813	10.436	73.005	3.128	49.573	0.655
814	10.185	79.284	3.183	50.76	0.726
815	10.215	73.042	3.022	46.375	0.662
816	9.223	73.877	2.794	47.767	0.663
817	9.94	73.829	2.956	49.864	0.652
818	9.557	71.667	3.042	48.617	0.625
819	9.515	75.422	2.923	49.494	0.667
820	9.931	75.679	3.056	49.433	0.67
821	11.629	76.192	3.631	50.741	0.651
822	10.249	78.805	3.268	51.48	0.713
823	10.407	72.577	3.152	47.973	0.629
824	10.325	76.624	3.141	50.162	0.685
825	11.068	72.863	3.335	48.112	0.62
826	9.926	74.761	2.965	49.702	0.661
827	9.832	70.606	3.084	47.091	0.648
828	11.461	75.733	3.418	50.261	0.677
829	9.641	75.37	2.884	47.447	0.672
830	10.379	75.689	3.175	51.022	0.674
831	10.025	76.382	3.143	49.962	0.682
832	10.023	76.991	3.201	50.05	0.701
833	10.175	78.893	3.063	51.746	0.728
834	10.515	72.664	3.098	48.51	0.614
835	9.556	77.637	2.986	51.045	0.7
836	9.721	76.885	3.071	50.704	0.686
837	9.42	71.743	2.978	48.814	0.615
838	10.548	77.063	3.135	49.962	0.681
839	10.635	72.633	3.156	49.255	0.623
840	8.995	69.502	2.811	45.25	0.629
841	11.266	79.449	3.539	51.971	0.69
842	8.907	72.435	2.869	48.297	0.638
843	10.428	79.283	3.305	50.7	0.731
844	12.074	85.898	3.497	55.189	0.779
845	9.344	76.165	2.97	49.729	0.669
846	9.294	70.187	2.894	46.29	0.62
847	9.983	73.422	3.201	47.789	0.651
848	9.776	76.681	3.099	51.612	0.682
849	10.235	79.038	3.115	52.337	0.709
850	10.514	78.546	3.22	51.498	0.67
851	10.534	74.323	3.19	50.428	0.633
852	10.786	68.454	3.311	46.58	0.575
853	10.968	79.171	3.217	51.119	0.7
854	11.524	78.004	3.321	51.927	0.694
855	10.038	71.965	3.13	46.04	0.624
856	9.906	69.466	3.035	46.281	0.625
857	10.372	73.446	3.263	49.645	0.676
858	10.884	70.864	3.227	45.887	0.575
859	10.863	75.329	3.284	49.959	0.667
860	10.823	77.642	3.27	51.207	0.659
861	10.362	79.732	3.076	50.924	0.729
862	9.79	74.24	3.03	48.459	0.656
863	9.463	70.528	2.99	48.278	0.63
864	10.685	72.35	3.132	49.442	0.638
865	9.82	74.051	2.998	48.093	0.686
866	11.433	79.162	3.302	51.079	0.708
867	10.64	72.64	3.067	47.587	0.682
868	8.707	69.507	2.853	47.293	0.633
869	9.616	76.463	2.973	48.02	0.713
870	9.783	75.052	2.982	49.852	0.699
871	10.999	73.49	3.228	47.97	0.641
872	11.74	78.621	3.465	48.296	0.696
873	9.638	72.764	3.151	49.539	0.646
874	9.401	68.118	2.884	46.716	0.568
875	10.574	75.379	3.044	49.776	0.678
876	9.17	74.006	2.781	49.135	0.7
877	10.741	66.731	3.372	45.195	0.546
878	10.571	77.084	3.3	51.736	0.686
879	11.412	76.301	3.59	49.95	0.624
880	9.781	70.839	2.977	45.427	0.625
881	9.839	76.947	3.058	51.351	0.68
882	10.279	74.092	3.106	48.511	0.649
883	10.685	76.198	3.323	50.68	0.711
884	10.095	71.648	3.146	47.028	0.664
885	10.157	77.037	3.136	51.462	0.709
886	10.704	77.255	3.421	50.334	0.675
887	9.64	74.42	3.098	48.565	0.681
888	10.092	75.299	3.186	49.574	0.703
889	9.69	72.309	3.006	47.424	0.678
890	10.801	81.519	3.276	53.054	0.758
891	10.789	70.552	3.1	45.536	0.642
892	8.875	70.751	2.836	47.91	0.644
893	9.885	74.0	3.182	49.672	0.675
894	10.062	73.949	2.974	49.02	0.675
895	10.552	72.353	3.173	48.721	0.628
896	10.747	78.939	3.174	52.641	0.716
897	9.416	74.762	3.038	50.622	0.645
898	9.399	72.234	3.033	48.479	0.647
899	10.665	74.251	3.208	50.693	0.633
900	11.285	76.833	3.719	50.515	0.627
901	10.823	75.067	3.209	49.048	0.652
902	9.059	69.797	2.835	46.11	0.618
903	10.238	72.095	3.123	48.27	0.633
904	10.726	72.246	3.253	47.698	0.642
905	9.649	72.657	3.046	49.245	0.633
906	8.536	67.28	2.635	44.153	0.631
907	10.186	74.447	3.095	48.999	0.704
908	9.517	75.028	2.875	49.517	0.66
909	9.485	75.751	3.014	50.399	0.688
910	11.138	79.006	3.396	51.486	0.729
911	10.923	77.614	3.387	51.71	0.698
912	10.569	76.576	3.274	51.892	0.67
913	10.307	74.146	3.089	49.268	0.655
914	9.777	75.894	2.945	48.623	0.709
915	9.7	74.049	2.958	49.397	0.688
916	9.689	75.48	2.985	49.422	0.651
917	9.604	72.997	2.956	47.089	0.656
918	9.212	70.083	2.761	46.426	0.645
919	10.8	76.513	3.287	51.121	0.675
920	9.329	73.909	2.887	48.449	0.66
921	10.487	78.335	3.087	51.809	0.711
922	10.98	72.674	3.432	46.908	0.618
923	9.741	73.171	3.075	49.968	0.648
924	9.808	67.571	2.872	45.796	0.606
925	11.345	74.959	3.455	49.072	0.641
926	10.149	68.536	3.023	46.226	0.618
927	10.736	72.727	3.248	48.47	0.608
928	10.861	68.928	3.164	47.809	0.583
929	9.935	71.215	2.985	47.996	0.61
930	10.695	71.427	3.317	45.863	0.629
931	10.109	67.655	3.053	46.286	0.578
932	9.748	76.334	3.097	51.746	0.7
933	10.265	73.31	3.207	51.22	0.639
934	9.165	74.726	2.868	49.549	0.668
935	9.811	72.883	2.991	48.344	0.661
936	11.2	78.173	3.511	51.525	0.665
937	10.397	74.785	3.155	48.697	0.674
938	10.555	79.771	3.075	50.993	0.724
939	9.141	71.917	2.917	48.341	0.618
940	10.094	78.358	3.259	52.181	0.759
941	11.282	71.408	3.384	46.438	0.591
942	11.06	75.165	3.371	49.118	0.669
943	10.78	73.724	3.246	48.867	0.628
944	10.511	72.866	3.057	47.438	0.652
945	9.949	73.989	3.081	50.472	0.641
946	10.437	76.081	3.127	48.096	0.662
947	10.168	74.931	3.259	51.593	0.666
948	10.974	75.848	3.233	49.039	0.675
949	10.741	75.573	3.203	49.399	0.661
950	8.792	71.465	2.815	47.288	0.637
951	10.043	76.886	3.13	49.942	0.714
952	10.129	77.832	3.189	50.13	0.709
953	11.204	74.352	3.415	49.725	0.662
954	8.749	69.624	2.764	46.506	0.612
955	10.891	76.115	3.332	50.545	0.647
956	9.831	70.95	3.063	46.577	0.585
957	10.099	72.754	3.276	48.464	0.644
958	9.614	70.749	3.083	46.923	0.629
959	8.938	71.424	2.827	47.881	0.645
960	9.437	73.034	3.005	48.757	0.625
961	9.165	69.964	2.795	45.253	0.612
962	9.983	67.974	2.911	46.607	0.595
963	9.984	85.29	3.2	54.881	0.773
964	9.217	70.412	2.852	47.064	0.641
965	10.436	74.147	3.178	50.371	0.648
966	10.79	80.911	3.269	53.757	0.747
967	10.075	75.153	3.212	49.963	0.676
968	9.29	73.394	2.98	48.958	0.649
969	8.951	78.471	2.902	52.375	0.72
970	9.299	73.822	2.874	49.048	0.634
971	9.868	69.104	3.113	46.529	0.601
972	10.613	77.991	3.228	51.385	0.665
973	9.829	73.309	3.074	46.881	0.678
974	9.831	75.117	3.003	48.688	0.71
975	10.417	81.735	3.23	53.145	0.743
976	8.769	72.012	2.807	45.788	0.636
977	11.341	74.251	3.369	47.877	0.645
978	9.107	68.335	2.743	45.355	0.63
979	10.295	72.419	3.127	47.484	0.639
980	10.423	71.071	3.006	47.4	0.623
981	9.787	77.201	3.1	50.872	0.724
982	11.471	77.666	3.555	51.18	0.707
983	9.542	75.938	3.034	50.78	0.713
984	8.801	69.54	2.723	45.959	0.62
985	9.831	70.452	2.967	45.83	0.625
986	10.376	76.475	3.314	50.246	0.679
987	9.969	72.681	3.231	48.001	0.66
988	10.372	72.653	3.153	49.193	0.639
989	10.81	74.952	3.335	48.537	0.668
990	10.086	76.519	3.063	50.079	0.71
991	9.74	71.883	3.047	46.339	0.644
992	9.876	78.629	2.989	51.701	0.75
993	10.03	78.749	3.074	51.824	0.716
994	10.162	74.847	3.137	50.947	0.685
995	9.422	73.402	2.961	48.393	0.647
996	9.304	70.091	3.08	46.707	0.595
997	9.854	71.657	2.983	47.266	0.644
998	10.313	75.938	3.193	50.212	0.682
999	12.268	77.777	3.725	49.612	0.689
1000	9.813	78.906	3.032	52.621	0.7
