Samples	DBS78A	DBS78B	DBS78C	DBS78D	DBS78E	DBS78F	DBS78G	DBS78H	DBS78I	DBS78J	DBS78K	DBS78L
PGENE_1T	5.71E-02	7.42E-02	7.29E-02	7.60E-02	8.95E-02	1.01E-01	8.42E-02	5.19E-02	0.00E+00	4.35E-02	8.28E-02	7.00E-03
PGENE_2T	1.41E-03	1.00E-03	0.00E+00	0.00E+00	0.00E+00	0.00E+00	0.00E+00	0.00E+00	0.00E+00	2.00E-03	1.00E-03	0.00E+00
PGENE_4T	3.02E-01	1.24E-01	7.49E-02	7.53E-02	4.28E-01	6.31E-02	1.27E-01	1.28E-01	5.71E-02	5.19E-01	1.88E-01	1.30E-02
PGENE_5T	2.11E-02	1.79E-02	2.00E-02	1.53E-02	1.17E-02	1.40E-02	3.05E-02	1.02E-02	7.03E-03	0.00E+00	3.82E-02	4.78E-02
PGENE_8T	1.97E-01	8.28E-02	3.79E-02	5.49E-02	1.03E-01	1.65E-01	5.42E-02	5.21E-02	3.21E-02	9.23E-02	6.01E-02	0.00E+00
PGENE_9T	1.48E-02	7.13E-02	1.66E-02	4.00E-02	2.57E-02	1.60E-02	3.75E-02	3.87E-02	5.54E-03	2.87E-02	6.34E-02	1.37E-02
PGENE_10T	1.69E-02	2.27E-02	3.43E-02	2.19E-02	2.18E-02	3.65E-02	6.06E-02	1.96E-02	0.00E+00	0.00E+00	2.49E-02	1.63E-02
AC_WGS_1T	2.18E-02	1.89E-02	6.21E-02	3.49E-02	2.52E-02	4.14E-02	2.84E-02	2.17E-02	0.00E+00	0.00E+00	3.06E-02	0.00E+00
AC_WGS_2T	1.32E-01	6.14E-02	7.10E-02	4.50E-02	4.44E-02	4.31E-02	2.82E-01	2.02E-01	3.76E-01	3.88E-01	9.33E-02	8.11E-01
AC_WGS_4	7.09E-02	2.89E-02	2.45E-02	2.59E-02	3.91E-02	5.67E-02	5.74E-02	5.60E-02	0.00E+00	8.37E-02	3.54E-02	3.15E-02
AC_WGS_5	8.52E-03	1.11E-02	1.24E-02	7.28E-03	1.08E-02	0.00E+00	0.00E+00	5.00E-03	5.95E-02	7.89E-03	5.46E-02	0.00E+00
AC_WGS_6	1.56E-01	2.42E-01	5.55E-02	1.74E-01	1.68E-01	1.76E-01	1.39E-01	1.73E-01	4.51E-02	9.07E-02	1.92E-01	2.22E-02
AC_WGS_9T	3.43E-02	1.33E-01	2.61E-02	5.13E-02	3.52E-02	9.95E-02	1.30E-01	1.15E-01	5.38E-03	0.00E+00	1.05E-01	4.65E-02
AC_WGS_10	1.27E-01	1.68E-01	6.45E-02	7.88E-02	1.07E-01	7.96E-02	1.30E-01	6.44E-02	1.00E-03	7.66E-02	1.54E-01	7.05E-03
AC_WGS_44	8.68E-03	1.26E-02	7.34E-03	1.32E-02	9.41E-03	1.07E-02	6.96E-03	6.76E-03	0.00E+00	0.00E+00	9.58E-03	2.23E-03
AC_WGS_12	1.80E-02	1.36E-02	5.90E-02	1.15E-02	1.58E-02	1.84E-02	8.55E-03	1.57E-02	7.01E-03	4.74E-02	3.73E-02	4.88E-03
AC_WGS_13T	4.90E-02	1.04E-01	4.41E-02	1.03E-01	6.74E-02	6.10E-02	9.43E-02	8.46E-02	1.73E-03	0.00E+00	1.25E-01	3.97E-02
AC_WGS_15	1.62E-02	1.18E-02	1.34E-02	1.19E-02	1.74E-02	1.98E-02	5.07E-03	7.48E-03	0.00E+00	2.79E-02	1.33E-02	0.00E+00
AC_WGS_17	3.90E-02	1.39E-01	1.09E-01	4.66E-02	7.25E-02	6.82E-02	1.19E-01	4.11E-02	0.00E+00	6.33E-02	1.01E-01	8.30E-03
AC_WGS_22	1.79E-02	9.25E-03	4.28E-02	9.62E-03	1.15E-02	3.71E-02	2.68E-02	1.72E-02	0.00E+00	2.82E-02	9.88E-03	1.00E-03
AC_WGS_23	7.67E-02	1.47E-01	1.46E-01	1.14E-01	1.52E-01	1.56E-01	2.95E-01	1.55E-01	0.00E+00	2.03E-01	1.31E-01	1.66E-02
AC_WGS_25	3.57E-02	2.18E-02	6.63E-02	5.77E-02	5.85E-02	5.41E-02	2.09E-02	8.92E-02	0.00E+00	4.36E-02	2.87E-02	2.66E-02
AC_WGS_26	6.29E-03	1.49E-02	5.62E-03	1.65E-02	1.17E-02	5.94E-03	1.71E-02	1.57E-02	0.00E+00	2.25E-02	1.37E-02	2.24E-03
AC_WGS_27	8.08E-02	4.04E-02	1.15E-02	3.00E-03	2.13E-02	4.91E-02	3.89E-02	1.74E-02	0.00E+00	4.41E-02	1.85E-02	8.10E-03
AC_WGS_30	5.78E-02	8.49E-02	4.13E-02	1.02E-01	8.06E-02	8.82E-02	6.21E-02	1.02E-01	0.00E+00	0.00E+00	1.03E-01	9.54E-03
AC_WGS_32	1.39E-01	1.79E-01	1.18E-01	1.53E-01	1.01E-01	1.90E-01	8.23E-02	3.23E-01	0.00E+00	4.53E-02	8.40E-02	4.53E-02
AC_WGS_33	3.36E-02	2.25E-01	8.73E-02	1.68E+00	3.67E+00	1.63E-01	0.00E+00	2.30E-01	0.00E+00	2.09E+00	6.00E-02	0.00E+00
AC_WGS_34	7.16E-02	1.71E-01	4.84E-02	1.11E-01	9.79E-02	2.17E-01	2.61E-01	1.44E-01	0.00E+00	4.58E-02	7.67E-02	8.46E-02
AC_WGS_35	1.41E-03	1.00E-03	0.00E+00	0.00E+00	0.00E+00	0.00E+00	0.00E+00	0.00E+00	0.00E+00	2.00E-03	1.00E-03	0.00E+00
AC_WGS_36	1.22E-01	6.91E-02	5.18E-02	6.91E-02	6.59E-02	6.93E-02	2.93E-02	6.59E-02	6.39E-03	4.61E-02	7.73E-02	1.47E-02
AC_WGS_39	8.75E-02	2.51E-02	9.58E-02	2.19E-02	2.15E-02	3.61E-02	1.83E-02	6.16E-02	2.99E-03	0.00E+00	6.72E-02	1.49E-02
AC_WGS_41	1.05E-01	1.56E-01	1.64E-01	2.67E-01	2.55E-01	1.08E-01	3.07E-01	3.08E-01	0.00E+00	1.32E-01	1.41E-01	4.72E-02
AC_WGS_49	2.64E-02	3.12E-02	6.77E-02	3.92E-02	4.21E-02	4.53E-02	8.23E-02	2.84E-02	0.00E+00	4.10E-02	4.02E-02	1.79E-02
AC_WGS_50	8.21E-02	4.60E-01	8.48E-02	3.47E-01	2.39E-01	2.31E-01	1.27E-01	4.01E-01	1.51E-01	7.38E-02	6.10E-01	3.57E-01
AC_WGS_51	2.50E-02	7.43E-02	3.01E-02	4.02E-02	4.31E-02	2.95E-02	2.45E-02	9.55E-02	1.17E-02	6.94E-02	1.06E-01	4.93E-02
AC_WGS_52	1.03E-01	1.12E-01	5.90E-02	7.05E-02	1.10E-01	4.92E-02	2.89E-02	4.48E-02	0.00E+00	1.01E-01	5.74E-02	1.26E-02
AC_WGS_53	2.92E-02	3.29E-02	2.88E-02	2.25E-02	3.27E-02	3.37E-02	2.64E-02	2.45E-02	7.26E-03	4.38E-02	3.40E-02	4.99E-03
AC_WGS_11	2.76E-02	3.88E-02	1.33E-01	4.95E-02	4.14E-02	1.06E-01	3.56E-02	1.06E-01	0.00E+00	2.95E-02	5.14E-02	4.73E-02
AC_WGS_37	2.02E-02	5.32E-02	1.44E-02	3.10E-02	3.13E-02	3.36E-02	2.82E-02	4.27E-02	1.00E-03	3.89E-02	3.25E-02	1.15E-02
RC596TH1	4.11E-02	4.39E-02	1.21E-01	5.36E-02	7.42E-02	7.77E-02	4.42E-02	4.67E-02	0.00E+00	3.10E-02	5.98E-02	6.00E-03
RC597TH1	3.95E-02	3.42E-02	4.13E-02	3.88E-02	4.57E-02	6.77E-02	3.54E-02	3.55E-02	5.00E-03	3.03E-02	3.99E-02	7.81E-03
RC598TH1	3.76E-02	4.35E-02	3.40E-02	3.27E-02	5.12E-02	5.42E-02	2.52E-02	3.30E-02	2.00E-03	4.50E-02	3.92E-02	8.17E-03
RC599TH1	1.03E-01	3.66E-02	4.01E-02	6.27E-02	5.24E-02	1.08E-01	2.99E-02	4.18E-02	0.00E+00	3.04E-02	5.26E-02	7.06E-03
RC602TH1	7.82E-02	4.41E-02	1.16E-01	3.85E-02	5.33E-02	6.34E-02	4.20E-02	6.82E-02	7.66E-03	8.42E-02	1.08E-01	3.39E-02
RC603TH1	1.18E+00	1.86E+00	8.70E-01	1.27E+00	2.42E+00	1.31E+00	6.85E-01	1.18E+00	9.16E-02	2.47E+00	1.52E+00	1.05E-01
