MutationType	ID83A	ID83B	ID83C	ID83D	ID83E	ID83F	ID83G	ID83H	ID83I	ID83J	ID83K	ID83L	ID83M	ID83N	ID83O
1:Del:C:0	7.418471460979575e-08	3.973892262070125e-08	1.808128894234618e-07	8.078697690668732e-08	2.2742985609502672e-07	2.1628259265322507e-07	7.60271364098341e-08	4.206784744863842e-08	1.5033654125902332e-08	6.098673202578431e-08	1.8310665325097846e-08	1.575619003387212e-07	1.5505755310893384e-07	1.3281706669904427e-07	1.0429954263908558e-07
1:Del:C:1	0.012326302846023287	0.009263751481557368	0.019103940834066694	0.030886470672946587	0.019498661187869096	0.022936503889843526	0.14419225051475137	0.027581005864674355	0.012453238334517057	0.022540803540848586	0.017484681455946748	0.02767631540220674	0.04795963773994676	0.02274124672910166	0.023666974933862106
1:Del:C:2	0.0036402059720090775	0.003477351108001609	0.006479505142254222	0.006386816136554866	0.008534453268975306	0.009905163621053798	0.023702874616903603	0.006448813702004485	0.004221755659394681	0.00777683834910209	0.005740040773234238	0.014957220998402299	0.016983847407943405	0.0074833704578881974	0.007164038717031897
1:Del:C:3	0.0016683004770806692	0.0013535537544047084	0.002883040820468574	0.002698429551580773	0.0037931725432890635	0.0031515141868698037	0.015121504440144495	0.0026076945576117396	0.0015380148249387402	0.003850533630933162	0.003099856640862562	0.006554954443223814	0.004912346902252522	0.0036218551418215686	0.00331008263272678
1:Del:C:4	0.0011648658602962261	0.0008450229754909737	0.0019024819607288896	0.002370233238594501	0.0021647207306846857	0.0031800500800926762	0.006188857237576151	0.0018286084940087835	0.0011871990267756961	0.0015060408216204183	0.001684660363655332	0.0037230654205557255	0.0057782944087772245	0.002246454758001062	0.001998960882136804
1:Del:C:5	0.001764441446498339	0.0015725070401594202	0.003129975962731038	0.0023009405508587887	0.004167987213426336	0.004178361664556956	0.0031790749284082453	0.0021599318846445524	0.0015104453998469063	0.002888684073172891	0.002187574843182599	0.004246154984708997	0.0042681831351566585	0.0029824680355047236	0.0027089272282736004
1:Del:T:0	7.418471460979575e-08	3.973892262070125e-08	1.808128894234618e-07	8.078697690668732e-08	2.2742985609502672e-07	2.1628259265322507e-07	7.60271364098341e-08	4.206784744863842e-08	1.5033654125902332e-08	6.098673202578431e-08	1.8310665325097846e-08	1.575619003387212e-07	1.5505755310893384e-07	1.3281706669904427e-07	1.0429954263908558e-07
1:Del:T:1	0.00886816089004748	0.006814139116342949	0.010329432219539754	0.01315250127534965	0.013554949671370362	0.015503779414621313	0.11249389053660785	0.01161402224748489	0.00852517639696157	0.0192754490501336	0.014236748749934885	0.030569110881611152	0.028333543969660036	0.012889653337505094	0.01391899624888674
1:Del:T:2	0.005752070556442976	0.0037028349606929296	0.007948961099701193	0.010235790057512503	0.010768526097716162	0.012677602121811841	0.04208461286951179	0.008231766063805308	0.005026416121382528	0.009573929363114348	0.007299113263189643	0.017264121915823796	0.022228357096039965	0.009624236773455986	0.009169603493488939
1:Del:T:3	0.004724004411675932	0.0035010583808155146	0.006146367251763994	0.007854769267614638	0.007688665665843793	0.009185398329620875	0.0378265998370095	0.007270498042495507	0.004801138621011381	0.00838465289282774	0.006670796823733504	0.012004927811889221	0.017632567205961715	0.007380096150398035	0.008067013024045536
1:Del:T:4	0.004203081678297479	0.0027797375591680764	0.006773640367415348	0.005745188393220264	0.010882217979775958	0.011266649638302094	0.027756952670084704	0.004946572362201672	0.0040206676396946734	0.00689003190605133	0.005592701402008525	0.01814968198206222	0.017265098171999105	0.007790649215170982	0.006401414037908067
1:Del:T:5	0.15743653894737833	0.11979826673627085	0.2633187253387607	0.21212624642588296	0.2639855430510955	0.33967051636976686	0.10701444353002253	0.15406661376109512	0.07914114901596878	0.06097258013882433	0.02505850685944227	0.06962919309737366	0.3573403080553204	0.2102397062468604	0.2023424689696058
1:Ins:C:0	0.0023722665487856663	0.0014950638802960015	0.0037131715047683243	0.0038765844302669603	0.005837719196683624	0.0054243161604366355	0.011730205054017666	0.0028562483415590137	0.0020204403771226197	0.00559324864664417	0.0031392823719220554	0.009759401553465817	0.007513541677633071	0.0038324562115304084	0.004164593369770379
1:Ins:C:1	0.001235338571826083	0.001264236045639897	0.002021356201816674	0.002554666640858059	0.0019279492371456703	0.0022646225619775656	0.006557999998870796	0.0022014748205524074	0.0013887592111874486	0.002486339097766682	0.0022151776320906797	0.003175954317973557	0.002876755591308389	0.0023073229057589124	0.0024347899646066456
1:Ins:C:2	0.0011574336768131236	0.0009507595014500011	0.0016127568263938357	0.0013163834633490702	0.0017108845399957833	0.0023554151399103203	0.002538341787334435	0.0017485854811823348	0.0013362530058423662	0.002646474108200249	0.0022780290405217947	0.0038186214546247882	0.002353069748848319	0.0020349532151243306	0.0018209409410381277
1:Ins:C:3	0.000657687654875277	0.0008725292579974476	0.0013401419980491477	0.000884020282400618	0.0018610065737067697	0.0015154078730147558	0.0010181695902850257	0.0008473433308935696	0.0012572301915550913	0.001635018967065065	0.002102469190460532	0.0035114670147985624	0.0019056672102041611	0.0013159362308736804	0.0011860998365983758
1:Ins:C:4	0.0009168872130051758	0.0008935039793193695	0.0016565158027405133	0.001570073311948521	0.002177973738080114	0.00256068917594731	0.004758332749117448	0.001296145854850641	0.000978639363872484	0.0017407622489667776	0.0016702856936353446	0.003585511705606173	0.0034953567597700336	0.0016660380887261793	0.0015029182507352318
1:Ins:C:5	0.005880796761192565	0.006204779634070103	0.009682022890309972	0.0100422951824727	0.01308656222679198	0.01351480857973067	0.014474909421467149	0.009171185866678677	0.008683059420795197	0.010274693470613721	0.012310845154112435	0.020153490934624135	0.021637963237366886	0.00912803679186479	0.010423230528034533
1:Ins:T:0	0.005777322237855122	0.005225264429561046	0.006265837670638685	0.005486621328118705	0.008642165790260453	0.008787786816147754	0.017491249107509637	0.006346701261572141	0.006520366271006317	0.010691578885967154	0.009149001414730304	0.016851883208743024	0.010607473953225656	0.006456922191643034	0.007017704331119165
1:Ins:T:1	0.004984611988671151	0.004821539497672251	0.007580433326217825	0.00973187016651327	0.008771733379763681	0.00779587466783148	0.02763174253432206	0.010359044632253444	0.007307769001410299	0.010729044018950284	0.011456434160069523	0.01216271937541516	0.014193425915322501	0.008134527772616706	0.009062158892627356
1:Ins:T:2	0.0034927592856372988	0.0027094492365925104	0.005023389515731205	0.005300229292202186	0.0070917017761414555	0.006191373801878724	0.009125976429068408	0.005086651907333826	0.0034947393133175097	0.007140329272489522	0.005647840251339145	0.01155561477704767	0.008220551250326032	0.006197943631881849	0.0058532155878245505
1:Ins:T:3	0.002920730792596074	0.0020740201191386475	0.0043993600946542364	0.003296521343001669	0.0068390467574753625	0.007180869554197717	0.014423128845219776	0.002861763211826045	0.003164801704668791	0.005995657739735538	0.004530886481291152	0.013050419846821804	0.0070077996720696485	0.0052015917763519855	0.00465704140542456
1:Ins:T:4	0.002528332889457579	0.002507210843394062	0.003637993102506886	0.004575475324696844	0.005680228211924875	0.005106196498057167	0.013013943444202862	0.0040168239359594515	0.003945886832887221	0.005090974497105195	0.004634671566182901	0.008466333836205446	0.007901982178376598	0.004334731602008249	0.004837358165002625
1:Ins:T:5	0.5484450078673409	0.6590539803279184	0.22026175793468833	0.4630139459476086	0.03327694142887721	0.04076558685013858	0.04775597202135208	0.5932276499338216	0.7172380783140588	0.4998869079292893	0.682261747626981	0.05936048979661783	0.05023806826258881	0.3189398312434628	0.3807026847687588
2:Del:R:0	0.12931203852592676	0.08128839428564906	0.2683218460293479	0.07874581496687488	0.3793402264304541	0.28139806668079437	0.06326059384394087	0.029950518792690888	0.026136742617391576	0.1496687067284388	0.04251160041610051	0.35535121009033505	0.08063576355249416	0.19936600894920387	0.15370409087275785
2:Del:R:1	0.0006748434558739616	0.0004741999649813393	0.0011412428746413864	0.0009364404330962338	0.0018036250242811013	0.0016447079028697206	0.0028110025492023355	0.0007157278312636741	0.0006467586224914901	0.0015176748569700378	0.0011794552524836794	0.00305019736063167	0.001905739338450815	0.0011972536813309811	0.0010666587790675907
2:Del:R:2	0.00021613501724491305	0.0001857989219798183	0.00040067201649948323	0.0004120319620121323	0.0003630305199812718	0.00042864975712849084	0.003107876888046242	0.00038567768227137624	0.00013723435656102901	0.00038890124605065363	0.00030257740081237027	0.0006310259378372503	0.0007339195198770076	0.0005037045594000955	0.00041433913668423436
2:Del:R:3	6.386593148283665e-05	3.858669114952546e-05	0.0002377162682109311	3.9762950851105755e-05	0.0004020256158274223	0.00025632844488653105	4.792871363980008e-05	3.061322812890465e-05	5.9625280821788396e-05	0.00014922984491098435	9.311464215464916e-05	0.00035508132051537204	7.476791363136892e-05	0.00017912823233095813	0.00017152431241821415
2:Del:R:4	3.4090939280819465e-05	1.8919052437246737e-05	4.3813535930915134e-05	2.468589459237172e-05	7.493530464047727e-05	4.926868769963468e-05	7.138908980912115e-05	1.718838811146424e-05	1.6410666333247318e-05	6.985136012380224e-05	4.248543509021584e-05	0.0001229521033172365	6.889454457554881e-05	5.8541077302146395e-05	3.8924712632174424e-05
2:Del:R:5	0.0007709366648655066	0.0006903864266198008	0.0009083114249078904	0.0006515678893588105	0.0013842745832838403	0.0013326054329498333	0.00029551128171089857	0.0005130518788270641	0.00047567102072175774	0.0007246672183910742	0.0006529429469927127	0.0014529770168243807	0.001213003159142121	0.0012351224201442694	0.0011159573949207078
3:Del:R:0	0.006327147245498375	0.005689238239077308	0.01188854947852346	0.008934439738665235	0.015363112870541876	0.013486034152715404	0.01041107242764267	0.0071196667908121885	0.005191776595633504	0.010181754527357447	0.007537519929533099	0.018923451675531014	0.0183547461766912	0.011716367189780983	0.010241061611900864
3:Del:R:1	0.0007161993053792817	0.0006248172542331192	0.0011970618617103356	0.0012354155571362862	0.0015689415785870337	0.00182871050735888	0.0008591317037255883	0.0010285300888471971	0.000905069368277075	0.0010940169419960206	0.000931108377893713	0.0019695026176149337	0.0027075357724052223	0.0012821314988421463	0.0011939742769770932
3:Del:R:2	0.00013020532976499216	0.00011772910219511498	0.00022151806486692653	0.00024200890646592288	0.0002512422284563626	0.0002706883592044682	0.0006048030569300769	0.00019824083603125713	0.0001281038693785405	0.0002380783430560024	0.00024112524363445475	0.00042059471363365753	0.0005700151521581175	0.00023114519991430783	0.0002846895746249052
3:Del:R:3	7.418471460979575e-08	3.973892262070125e-08	1.808128894234618e-07	8.078697690668732e-08	2.2742985609502672e-07	2.1628259265322507e-07	7.60271364098341e-08	4.206784744863842e-08	1.5033654125902332e-08	6.098673202578431e-08	1.8310665325097846e-08	1.575619003387212e-07	1.5505755310893384e-07	1.3281706669904427e-07	1.0429954263908558e-07
3:Del:R:4	3.0170720764941323e-05	2.5978886742224443e-05	4.576821662830735e-05	5.902684472890847e-05	6.700908271336668e-05	6.614719628496315e-05	3.782378179124897e-05	5.8001550560382985e-05	3.174162083957155e-05	4.1404938144965445e-05	4.891573816829906e-05	9.53787463739951e-05	0.00013445955349792828	5.1141585415702585e-05	4.559263909755436e-05
3:Del:R:5	7.418471460979575e-08	3.973892262070125e-08	1.808128894234618e-07	8.078697690668732e-08	2.2742985609502672e-07	2.1628259265322507e-07	7.60271364098341e-08	4.206784744863842e-08	1.5033654125902332e-08	6.098673202578431e-08	1.8310665325097846e-08	1.575619003387212e-07	1.5505755310893384e-07	1.3281706669904427e-07	1.0429954263908558e-07
4:Del:R:0	0.003433518453198352	0.0021610772775974667	0.005645590383406901	0.0035950357617454244	0.00871051552524529	0.007688289672267124	0.008443274530380919	0.003767733956177114	0.0036548755142411823	0.006011598514543838	0.005971212002182067	0.014341719564547318	0.00827856053201625	0.005856758818179445	0.005186932867723774
4:Del:R:1	0.0001342172897049314	0.00015216513591756055	0.0002718132433371193	0.0001824910983749741	0.0004651448704722221	0.00043435365009112384	0.0005342686283840102	0.00021145133322934527	0.00019089852600867425	0.00023221756330627394	0.00031670560935794135	0.0006241390651128238	0.0006987305610167274	0.0003578936973414629	0.0003241273222616794
4:Del:R:2	7.733993563364971e-05	4.514765332908627e-05	0.00011244501015116342	7.839519072043663e-05	0.0001359909877522659	9.825970025952176e-05	3.465947700987436e-05	7.723085809059956e-05	8.105920623513296e-05	9.634892484303475e-05	0.00010504787759908829	0.0001736110177326656	0.00018164609440355367	9.349292853616703e-05	9.311287235043024e-05
4:Del:R:3	7.418471460979575e-08	3.973892262070125e-08	1.808128894234618e-07	8.078697690668732e-08	2.2742985609502672e-07	2.1628259265322507e-07	7.60271364098341e-08	4.206784744863842e-08	1.5033654125902332e-08	6.098673202578431e-08	1.8310665325097846e-08	1.575619003387212e-07	1.5505755310893384e-07	1.3281706669904427e-07	1.0429954263908558e-07
4:Del:R:4	7.418471460979575e-08	3.973892262070125e-08	1.808128894234618e-07	8.078697690668732e-08	2.2742985609502672e-07	2.1628259265322507e-07	7.60271364098341e-08	4.206784744863842e-08	1.5033654125902332e-08	6.098673202578431e-08	1.8310665325097846e-08	1.575619003387212e-07	1.5505755310893384e-07	1.3281706669904427e-07	1.0429954263908558e-07
4:Del:R:5	7.418471460979575e-08	3.973892262070125e-08	1.808128894234618e-07	8.078697690668732e-08	2.2742985609502672e-07	2.1628259265322507e-07	7.60271364098341e-08	4.206784744863842e-08	1.5033654125902332e-08	6.098673202578431e-08	1.8310665325097846e-08	1.575619003387212e-07	1.5505755310893384e-07	1.3281706669904427e-07	1.0429954263908558e-07
5:Del:R:0	0.006896487975717938	0.005907462824711139	0.013047160622880583	0.011569841460663564	0.014489832017266408	0.01786127659638837	0.03903582144942001	0.012156819498425224	0.007565289408051403	0.014496909471914713	0.011466562342921212	0.02488916841499216	0.02915191262153899	0.015275298982172572	0.01227176004550955
5:Del:R:1	1.448244242407098e-05	1.794060433628018e-05	3.09849853995242e-05	2.9707673719792772e-05	3.1607294361195484e-05	3.231667761868362e-05	0.0005214644870498074	1.246038185154883e-05	9.745060161134632e-06	6.336341764049141e-05	4.80489835332667e-05	8.81604568717226e-05	3.7007497508819847e-05	3.768921113815823e-05	3.2133300582245616e-05
5:Del:R:2	7.418471460979575e-08	3.973892262070125e-08	1.808128894234618e-07	8.078697690668732e-08	2.2742985609502672e-07	2.1628259265322507e-07	7.60271364098341e-08	4.206784744863842e-08	1.5033654125902332e-08	6.098673202578431e-08	1.8310665325097846e-08	1.575619003387212e-07	1.5505755310893384e-07	1.3281706669904427e-07	1.0429954263908558e-07
5:Del:R:3	7.418471460979575e-08	3.973892262070125e-08	1.808128894234618e-07	8.078697690668732e-08	2.2742985609502672e-07	2.1628259265322507e-07	7.60271364098341e-08	4.206784744863842e-08	1.5033654125902332e-08	6.098673202578431e-08	1.8310665325097846e-08	1.575619003387212e-07	1.5505755310893384e-07	1.3281706669904427e-07	1.0429954263908558e-07
5:Del:R:4	7.418471460979575e-08	3.973892262070125e-08	1.808128894234618e-07	8.078697690668732e-08	2.2742985609502672e-07	2.1628259265322507e-07	7.60271364098341e-08	4.206784744863842e-08	1.5033654125902332e-08	6.098673202578431e-08	1.8310665325097846e-08	1.575619003387212e-07	1.5505755310893384e-07	1.3281706669904427e-07	1.0429954263908558e-07
5:Del:R:5	7.418471460979575e-08	3.973892262070125e-08	1.808128894234618e-07	8.078697690668732e-08	2.2742985609502672e-07	2.1628259265322507e-07	7.60271364098341e-08	4.206784744863842e-08	1.5033654125902332e-08	6.098673202578431e-08	1.8310665325097846e-08	1.575619003387212e-07	1.5505755310893384e-07	1.3281706669904427e-07	1.0429954263908558e-07
2:Ins:R:0	0.004585863012960292	0.0030872643846570377	0.006614823348482096	0.005033060628848722	0.009440816318116533	0.010565133981575712	0.016105920144888312	0.0040653162746372784	0.0037908042032909306	0.006141734254915606	0.004685434222127869	0.014167118479673122	0.014143892630891533	0.006914107463984458	0.00655210343316778
2:Ins:R:1	0.001473843695424514	0.0010430349635735321	0.0028564886453548983	0.002161712331971259	0.004006863151531379	0.004277836573596468	0.005875557314974478	0.0019272318876772184	0.0014110791821912794	0.0027634894509901867	0.0026432271399031873	0.006438259053057785	0.00609661551133093	0.0028224109231962933	0.0026546125249183633
2:Ins:R:2	0.0008223500166107515	0.0008695666366137991	0.0015974706995711006	0.0010854809602533911	0.0020852740234785666	0.001651175695058954	0.002273646346628029	0.0009519352683661317	0.0013047068852683943	0.0019738608970524124	0.001903366369254546	0.003753507291960311	0.0016843947301197306	0.0018163376487583644	0.0018057535446106905
2:Ins:R:3	0.0003108057448350384	0.0002714728870667872	0.0005348618810142003	0.0004222315588524135	0.0005833622580849259	0.0005088355422737882	0.001979462818586612	0.00044402453171987267	0.0003004214061759293	0.0008772376107233769	0.0007119301882738021	0.0012633306015364637	0.0009886666550688215	0.0004891609131548404	0.0006295482533055725
2:Ins:R:4	0.0007205512049093301	0.0006316346489907481	0.0011424153900581793	0.0008516923829068438	0.0015528823883347762	0.0012823316493144115	0.001783830573523448	0.0007455918126198704	0.0006834884807439714	0.0013736712493687135	0.0012347989300542429	0.002395609563044178	0.0014455731074934555	0.0012978018594760703	0.0012027969699923697
2:Ins:R:5	0.025134975169191564	0.025009076408241137	0.02728308199452811	0.02324617023256054	0.041381025605914286	0.04150721053804961	0.04415738730771328	0.020653592639506526	0.030350824843309254	0.03500093272188867	0.033478089404308034	0.06924311504184479	0.051825464687391035	0.0296903161925011	0.028856444759099275
3:Ins:R:0	0.0009549010384965008	0.0010565563768047267	0.001605821075310154	0.0013091337608754179	0.0022863554078811433	0.0019761482094846935	0.0006922160820597539	0.001142139605582853	0.0010508225158759412	0.001837045849652297	0.0015873590194770686	0.003136579897832204	0.0021736672071461564	0.001507309578609384	0.0016157338181886293
3:Ins:R:1	0.0012505918872348603	0.001065337978283992	0.001953177340461804	0.002468344437703289	0.002383096230357345	0.002704861234043325	0.004031833258081702	0.0020236370685301555	0.001392774761025291	0.0021731625348133735	0.0022110588398972873	0.0037179548090568344	0.003827755000671895	0.002143795644665383	0.002240453269785856
3:Ins:R:2	0.00017049256517190383	0.00014878148921256684	0.0002678523271238598	0.000312636312139285	0.00028866358316782413	0.0004161573195647068	0.0007486886001810516	0.00027423123466467457	0.00020596596015561835	0.0002983949479044559	0.0001839029393017654	0.00040823291010961193	0.0007196478703340076	0.00027000078835328115	0.0002609683423939461
3:Ins:R:3	7.418471460979575e-08	3.973892262070125e-08	1.808128894234618e-07	8.078697690668732e-08	2.2742985609502672e-07	2.1628259265322507e-07	7.60271364098341e-08	4.206784744863842e-08	1.5033654125902332e-08	6.098673202578431e-08	1.8310665325097846e-08	1.575619003387212e-07	1.5505755310893384e-07	1.3281706669904427e-07	1.0429954263908558e-07
3:Ins:R:4	3.268023976291523e-05	1.4408757624955082e-05	4.619221450913376e-05	8.426085613746575e-05	2.1884168876527047e-05	6.417766556078927e-05	4.014138911468625e-05	6.11155186450593e-05	1.6081360202023198e-05	2.2132991676525095e-05	2.4540465460255516e-05	1.698032230429224e-05	0.00012068335308002173	4.504702887179469e-05	4.3339821617282686e-05
3:Ins:R:5	0.00036837509358506927	0.0002684424811376689	0.0004373620943347526	0.0005548682281383349	0.0006304614446258377	0.0006632001204201424	0.0009390335728150701	0.0005009410446438127	0.00039956622713867556	0.0004127276281009234	0.00040186073367691564	0.0007176038443013191	0.0010499856315144915	0.00048016102359424136	0.000568384668071584
4:Ins:R:0	0.0007689121454036465	0.0005540519318314038	0.001339351064166068	0.0007165193790175429	0.002272266244022961	0.0015650315591539206	0.003713146267314938	0.0006127121009902579	0.00072767459435579	0.0019320958005791418	0.0014954072740661077	0.004601292768626696	0.0019042252451816819	0.0015445209379117805	0.0011466515583183714
4:Ins:R:1	0.001638231108823883	0.0015734564791335002	0.002125813943204576	0.002249047338931247	0.003062898029791331	0.002416514966370952	0.005953688959240123	0.0022355550774772128	0.0025775312179924783	0.0033454235768330814	0.0039837270359535815	0.004901581705366119	0.004628702293415053	0.0023705199589290097	0.00270332729328633
4:Ins:R:2	7.725028543995885e-05	6.141468719617647e-05	0.0001449773473179855	0.00010946158929867919	0.00019518600805846457	0.00020407510832404525	0.00014264742080816122	7.973811543709471e-05	0.00010158096630578009	0.00017217183437147232	0.0001732678976111462	0.000442989662312844	0.00025872570662912513	0.00014601445689735887	0.0001730982429304667
4:Ins:R:3	7.418471460979575e-08	3.973892262070125e-08	1.808128894234618e-07	8.078697690668732e-08	2.2742985609502672e-07	2.1628259265322507e-07	7.60271364098341e-08	4.206784744863842e-08	1.5033654125902332e-08	6.098673202578431e-08	1.8310665325097846e-08	1.575619003387212e-07	1.5505755310893384e-07	1.3281706669904427e-07	1.0429954263908558e-07
4:Ins:R:4	4.59952619494978e-05	5.757516137759955e-05	0.00017533973704062528	0.00015805759328166858	0.0002810893921244865	0.0003068105247195506	0.0001810228143076161	0.00010062707419465362	6.0922847887690435e-05	8.56154523383673e-05	9.279834822092478e-05	0.0004176151810640322	0.0005998456476288957	0.00012616080312289563	0.00014052345888254786
4:Ins:R:5	0.00029213520111419985	0.00019628756722435309	0.00024371200736773727	0.00025983492894984984	0.00037754950042006197	0.0003111570898171721	0.0012213996631050912	0.00023308641792204555	0.00019567700147461885	0.0004548267914959837	0.00031533339047710177	0.0007438288131591403	0.00040451362279151314	0.00037245937370225263	0.00036573845761516646
5:Ins:R:0	0.0015734748930513274	0.0008834144621555265	0.002148322848998944	0.001692591873783572	0.0025545425971387693	0.002720602322155455	0.01130110368905765	0.0016578635724448178	0.0013126602072653032	0.0032664778620557283	0.002759051493644157	0.006391336970655383	0.004849491353991577	0.0020849793327593004	0.0021620874419006936
5:Ins:R:1	0.001884979571704457	0.0016086639652770512	0.0032121418945858507	0.004242016203248244	0.00497967936303246	0.006145550062992337	0.014932906529602347	0.002875084674426019	0.0022522099179036973	0.003836481755335411	0.002993789827705983	0.009044527851016185	0.012617486289031112	0.0036222614714985406	0.004341677141259952
5:Ins:R:2	4.450671960447014e-05	2.1912766865351226e-05	8.496764224757225e-05	0.00011262096734942408	0.0001218522945567174	0.00016226348975401607	7.071070206957059e-05	6.749096814535168e-05	4.7161728156330145e-05	5.1366839403673566e-05	5.74639421526937e-05	0.00016115587016762267	0.00030131432152223886	0.0001482175670527167	0.00012624653925802113
5:Ins:R:3	1.9153734848200676e-05	1.8671308466345286e-05	3.5184431214846065e-05	5.399423972784023e-05	7.208753745232779e-05	8.964433749263351e-05	2.1745698528728776e-05	4.0095787038621146e-05	3.421726388300013e-05	2.440776004456361e-05	3.188957957840851e-05	8.211694494105506e-05	0.00020310812097331147	5.743516137353312e-05	3.513777772680925e-05
5:Ins:R:4	2.9051046016143753e-05	3.891219638681264e-05	3.622687983549071e-05	3.773317066112902e-05	3.905188625763454e-05	4.000703000412852e-05	0.0010224455693595483	3.464855210999522e-05	3.402568977057632e-05	8.683796349868437e-05	4.840901261845057e-05	0.00011840221440033033	7.19720434442215e-05	7.526774043401573e-05	4.728583875315759e-05
5:Ins:R:5	2.8473043093618416e-05	4.759957415497798e-05	5.489879295014344e-05	4.8595686990103854e-05	7.837859316804229e-05	5.717663643403192e-05	3.0766564129762526e-05	5.3710522687146216e-05	3.346293758729255e-05	5.8854057850322205e-05	5.1064620457124776e-05	9.340356768493617e-05	0.00011105116735067774	4.1825079465564825e-05	6.310584640323674e-05
2:Del:M:1	0.0030012392672416634	0.002492729609440122	0.0053187359760766915	0.0051674527114849095	0.007254272931261475	0.00794874565034522	0.016684340242444837	0.0041941169709478286	0.002819947271768174	0.005659699797718805	0.004086233380047286	0.011981439215739702	0.013185494417141144	0.006057059191852568	0.005141310999144935
3:Del:M:1	0.009415692577539127	0.009083326267793193	0.01767450884966832	0.011352121380590314	0.020164615621920155	0.016348402089428248	0.008416461177412451	0.010881949726266021	0.008791493253229163	0.012915594063804495	0.01085087039088697	0.021152535162732192	0.01987777684278282	0.01529699872452445	0.01318193832621045
3:Del:M:2	0.002131622816530383	0.0019158081410008201	0.004424214658429177	0.003481508351970851	0.004512514832239991	0.004402583481967324	0.0016265590298624418	0.0029025965889591028	0.0023469031495014286	0.003732269670540889	0.003716362667053192	0.00594446695615964	0.00620377189198135	0.004501087789500031	0.004442128542484351
4:Del:M:1	0.0020758035060230566	0.0016702414335862783	0.002840928179846622	0.00469932373210374	0.0034094525173036664	0.0051745534950229394	0.0021365476047632945	0.004160340188725262	0.001995356893354567	0.002446319638210806	0.0023769911382337467	0.0037404291896098365	0.008060492235151293	0.004082304891866531	0.004178098307690621
4:Del:M:2	0.002300321622297356	0.0019034377972705898	0.0038006575081883606	0.002903814080527539	0.0035003476252545313	0.004594305627593404	0.003619432242201428	0.0024115772614304444	0.002435484956094305	0.0025201614391918157	0.002718187785049114	0.004841733535416336	0.005919507428226676	0.0034531078701351935	0.0036110796611787534
4:Del:M:3	0.00032545281850662836	0.0003055484719690954	0.0005721415044416268	0.000673894846780893	0.0005839208225465365	0.0004439187331437896	0.0008808843819155221	0.0006194382972900171	0.0002952666273045617	0.000583486240272685	0.0005929583142549519	0.0009124540349780048	0.0013210693056048598	0.0005660348350628861	0.0007322803644136933
5:Del:M:1	0.004555623015449747	0.0033274650464913923	0.007810979467425586	0.008257804413057852	0.00873751394755147	0.011810807572244838	0.022434656104982128	0.007066540853717159	0.0045349988436674555	0.008678610909982953	0.007793209680166027	0.01565478771165793	0.019407983281229245	0.0086800263276056	0.007826741785928399
5:Del:M:2	0.0019784290655421406	0.001369406201716779	0.002888133155043973	0.002453201140807903	0.0044904467521850065	0.00513246642409349	0.005322454771491891	0.0024246878667375975	0.002250283665023674	0.002927243370050384	0.0030575986258919888	0.007564226412826508	0.006972310383297403	0.0031680970603567313	0.0027061243125749003
5:Del:M:3	0.0008568941649420294	0.0005091617838770183	0.001390378568925537	0.0011262322526899384	0.0016826073852227248	0.0017543719796607273	0.0010622040603423916	0.0009532678866493787	0.0009169907354458866	0.001141483075750322	0.0012534225210647759	0.0021608734362280504	0.0024266424655719145	0.0014027199919112757	0.0012346323389949222
5:Del:M:4	0.00019064575163262715	0.0001263059934862723	0.00031188805112356054	0.000202352747620063	0.000332535109562754	0.00036556371914839547	0.00018130098253895367	0.00029514095612475	0.0001587614340999674	0.00036841459085518657	0.0003257232178767912	0.0006985083551164198	0.00044956246597896925	0.00035217799766679186	0.0003085905955675734
5:Del:M:5	0.0001908905072061475	0.00015011334818815304	0.0002992980312010897	0.0003284408374812626	0.0002392256396726753	0.00039137748316100664	0.0002572156907105437	0.0002913681178413716	0.00017843175368412273	0.00029167799810221357	0.00026065960962108	0.00037412945904305575	0.0007460497983369736	0.00038084121075492386	0.0003046039412556089
