MutationType	SBS96A	SBS96B	SBS96C	SBS96D	SBS96E	SBS96F	SBS96G	SBS96H	SBS96I	SBS96J	SBS96K
A[C>A]A	0.0016534382671253326	0.013409009285349136	0.0042495891916777976	0.03032511945811068	0.01053131290314658	0.00537621370641196	0.005625583239106951	0.00507877440969253	0.013473274056297037	0.020592953793635373	0.004368773644731937
A[C>A]C	0.0018038231832052027	0.003217099342445989	0.012570151568235578	0.015578715349424609	0.00743138450031949	0.009627239105421839	0.0018283194168667329	0.004753406125492024	0.010008312215722865	0.018172118432591183	0.0017194074663647873
A[C>A]G	0.00019534903285123973	0.0008609273561621933	0.00018950614734841676	0.0020665638444431127	0.0016812200435019178	0.00031796872508744957	0.0003268273089646059	0.0007306630418124521	0.0018898773521333818	0.0026865849463971903	0.001286272174060114
A[C>A]T	0.0006070225602071713	0.006999431233909972	0.004370375281756592	0.01331823913718385	0.004892887668303322	0.004657231351746184	0.00428349372784296	0.0030325411023250978	0.010099062089160032	0.017256840694385267	0.0035854500210770685
A[C>G]A	0.0035273244765871158	0.004634421804121976	0.00047796420430999594	0.016539003975752004	0.006786717750373974	0.011811640713159679	0.007507886111115911	0.023640294407193986	0.0028697962813691164	0.003215419074117448	0.005907280194889284
A[C>G]C	0.0016732135592608937	0.002662794676061574	0.0020102268618942616	0.013031341388759655	0.0025289405096324594	0.010741679805266803	0.004113656326142123	0.009893368306522514	0.006666891351692967	0.0010362548231287946	0.0032136484712624648
A[C>G]G	0.0003845774445273643	0.0007830886010274405	0.00010604085216363657	0.003465898617013068	0.001673355751600233	0.0022265403623395815	0.0005910639725922165	0.0010991265362899777	0.0009724036519290695	0.0004445084837247863	0.0006095588938628153
A[C>G]T	0.004959090078265797	0.0012083283653275395	0.0008892692970856143	0.012728430731610495	0.004399963633305763	0.012423046790712398	0.011855773266303516	0.013513349743860129	0.00610703673713808	0.009788206461566336	0.0035281944900719636
A[C>T]A	0.0005741906349342377	0.010631922786790175	0.03955236400448654	0.01967361762339303	0.009557918268130777	0.03095057815143542	0.02001943758312275	0.007983232932448889	0.014541477765719011	0.01870154964742941	0.008975626986359429
A[C>T]C	0.028940588990319305	0.00010492852886098114	0.07667111863333143	0.010389318692556639	0.004352505965740134	0.010578284609994224	0.0038442305128108274	0.00554640492072494	0.006691231063156012	0.004010795228093684	0.0011298673069452829
A[C>T]G	0.0003786540250874402	0.007507681303682917	0.007565571658871497	0.047362688038645066	0.03741878795602479	0.04403454806514448	0.026016040617180786	0.01064598260858238	0.0402259788789393	0.006392035430129214	0.018954288427779766
A[C>T]T	0.0059517987818042475	0.013853484642470505	0.08523385040710983	0.012593158094605528	0.006360286197101711	0.015866250570561336	0.006850162742201293	6.091763754686576e-05	0.011100449225362598	0.012509501792676472	0.002191088136635517
A[T>A]A	0.007167645275581238	0.004402783918143115	0.0019412937039994848	0.010483920627721638	0.005263230314206867	0.016479932068310547	0.0014279360890917438	0.010152502095850465	0.014378131312907086	0.01227506392066352	0.003669324019554301
A[T>A]C	0.0020494445499688887	0.0017830455317432907	0.0032343401801769173	0.01182905755015041	0.00397745476213178	0.007633163556529712	0.004087870824151388	0.0034881033987325684	0.00535189338222121	0.007352749950026439	0.0020144904967713145
A[T>A]G	0.000788755596319857	0.007838438321641002	0.0018038847620323976	0.008468613224845734	0.0054696988243527955	0.005030156495991221	0.0010786850421417725	0.0054849672658709905	0.011819058402297	0.008720462336609428	0.002046454387159802
A[T>A]T	0.005622320615199712	0.013359703277519175	0.0023699202043529137	0.020100193049425834	0.006496059315997645	0.019030318351520067	0.001979134328956586	0.0040393462128064175	0.008080892073996024	0.01380485184966833	0.0037170988320335244
A[T>C]A	0.008160278151672948	0.008843211226653295	0.003907922632548879	0.02243369216525018	0.015932064864645813	0.029510131760140168	0.011466115144822446	0.008534062354300676	0.013641865013300305	0.023346633385454466	0.006366039432104218
A[T>C]C	0.001121142414588825	0.003207993045201466	0.0023255594921899564	0.006981155602522277	0.004988471692993306	0.015088084843184014	0.004512837460917375	0.004263416306436258	0.005340466204215487	0.01241179050573864	0.0034221978363461886
A[T>C]G	0.002204992912141149	0.005795536756148675	0.0015139447564919925	0.011227545502809102	0.006659160329296278	0.012771211963496495	0.008339731623808713	0.003400453442882988	0.009521149331376332	0.01050124311957573	0.10211684769696555
A[T>C]T	0.006054187255115352	0.007632200841490439	0.0034768332086381453	0.01679984943953871	0.011538700423160386	0.029548432508864807	0.009693064280678997	0.0068552444917739245	0.020473228499299126	0.021342460406310167	0.007654435554799623
A[T>G]A	0.0037376166575097468	0.0008060003949418906	0.0005160658814519153	0.001815726849784682	0.0005237944207320508	0.018623729418377095	0.001557199261699716	0.009808008961693425	0.011536848311256658	0.005113420273198689	0.000929476090484782
A[T>G]C	0.001235692880601262	0.0012473412173917308	2.243940477159945e-05	0.0014538744316666356	0.0005160387338621005	0.007148612507881592	0.0011876046900694752	0.0039031996052791146	0.0017638804623985747	0.0028026210748850248	0.00014112716016974653
A[T>G]G	0.007369394262714749	0.009892514799563384	0.0006391327479812064	0.004479473007762648	0.0011108831729019024	0.002328138966391082	0.00045319588889169244	0.0020442859200022817	0.05581930351560776	0.0006119526502362824	0.004652819278774634
A[T>G]T	0.0011835550629886462	0.00287136703106781	0.000861430239607764	0.004295039964887123	0.002639344938148813	0.007972791383560881	0.0012375288073154498	0.005165445181898212	0.008521878674794757	0.0227423499749305	0.0015106222054970767
C[C>A]A	0.004213228230691422	0.014301249622970186	0.02785428834627158	0.003198126059427557	0.2924701246647653	0.0021390446811295903	0.009522042436702226	0.05196240333730974	0.008694956876800403	0.024543985670101555	0.001472171001227797
C[C>A]C	0.0011570800050516284	0.006136756338636569	0.009785174084450912	0.004919050652996851	0.03666422414042513	0.005322603181958081	0.013423856982466413	0.027546651235268685	0.004846681368596846	0.008000144071810588	0.0030229390171144363
C[C>A]G	0.00011499623223733283	0.00132680477750479	0.004281094636187896	0.001206064519016258	0.03582534761977869	0.0013832973765773744	2.9538193970734157e-06	0.007819733167687139	0.001842525493303103	0.004267628686918403	0.0010352292062598772
C[C>A]T	0.0017617539863945977	0.0120417752442754	0.023415143755357457	0.007580783432958062	0.12539105049547244	0.0011951942424294336	0.00823479171843272	0.07937831719127442	0.006251413215400293	0.0011944614164811082	0.0013699986837884992
C[C>G]A	0.00030456546837285924	0.004248415855888877	0.00076240644256561	0.008557138357785835	0.0032657252426379416	0.0014824515627985444	0.010178783157423965	0.006680564850292753	0.00513327462522262	0.005305985159019517	0.0019476961110256503
C[C>G]C	0.00042055261977828586	0.0032540486825522476	0.0011192412890418852	0.0062577248371345215	0.004903128236727781	0.004124761145726985	0.007107151337320555	0.008501983442308082	0.0018210120917222447	0.003683083315625849	0.001894416423274719
C[C>G]G	0.00018302702298228938	0.0008403645094172034	0.000663733679312777	0.0029538086620049865	0.0005505456655545638	0.001239379589234804	0.0015746254500329107	0.0013350825200667243	0.0004759852045838164	0.0010655471948581	0.0004084411829506513
C[C>G]T	0.0023357175257638792	0.004064424150455237	0.0012949421551824148	0.0074224267516232855	0.004228149284048367	0.0037703190021294527	0.020025915778068573	0.007081719949714503	0.007055499112222954	0.008536744827596041	0.002002791864750037
C[C>T]A	0.04722561371626483	0.05236671939912827	0.030575183326394417	0.010805266791886061	0.004542124438156181	0.016877435287021007	0.01900156778851676	0.016056217982983456	0.020710400769369572	0.006083448143757166	0.009405511167768922
C[C>T]C	0.06875647775855541	0.03667456260938931	0.17453550034392432	0.0024083274876397364	0.001986192259786241	0.0008585066989846628	0.0018365034495573679	0.08870904598649341	0.0010400609997962813	0.000565039228494089	0.0013003817985739487
C[C>T]G	0.009397164559666158	0.008450119148484543	0.00651570965327962	0.026877106060107073	0.015921727603750206	0.028570385885415366	0.01670093700082394	0.007953450243010545	0.012254370758019963	0.007014606077737708	0.012220314341360497
C[C>T]T	0.04190300300678003	0.06865067110706978	0.0984530026986766	0.012045681177462289	0.0004695770232623154	0.003873714361971418	0.012092348483990345	0.04740151018554127	0.009946419420384179	0.008577326274458341	0.0007470641651801348
C[T>A]A	0.0021767508761307334	0.0033971230479045655	0.006444599025642287	0.002426707687142881	0.0013905405328314133	0.0021451048389547816	0.0007112495839042298	0.017816387616023485	0.00368937817820679	0.006079099116334843	0.0037569356376606555
C[T>A]C	0.0002746810692416098	0.0037731724437917477	0.00460571221134139	0.005766635647304779	0.0030714258819489267	0.002117614004248182	0.002184091026258327	0.012403966247722496	0.006362931517841606	0.01063445479252971	0.0027330308215631283
C[T>A]G	0.002062605242681147	0.006798061918049374	0.006709543184243486	0.004289314355511031	0.0022992109068076514	0.0011655570737431843	0.0004434014257906669	0.012948608250766026	0.006140523699077237	0.010158216545430645	0.002621188335611022
C[T>A]T	0.0014387960869808886	0.004603699167058782	0.006534613524672128	0.006260952461255696	0.0034167247924186644	0.0022188554807225903	0.00016630442298526233	0.02640287904592143	0.0064741592277063765	0.02004054609157042	0.0002883489697444941
C[T>C]A	0.0029451298194626894	0.005445922837207862	0.0022011959097413296	0.008299422237387898	0.004955569147861583	0.010554401530117068	0.004621244620557515	0.0142755537763986	0.00417312169764273	0.004563423772993685	0.015592623914891716
C[T>C]C	0.001537587212615386	0.004834291492542561	0.0030795516159700014	0.004022638975067555	0.003019038525699879	0.017243044808287044	0.004893726873754314	0.023768285757068536	0.004528159240812599	0.024963293774391822	0.03433540695854287
C[T>C]G	0.0008417805398688063	0.004574311454754759	0.0030058377764070406	0.007587047179149781	0.007148733476017478	0.0072251832434276275	0.0038407130313160547	0.00962766909589105	0.007243519848762744	0.011336107399002813	0.06325572849567478
C[T>C]T	0.003727510384829626	0.010548749698924784	0.003611605958240875	0.0073256563273544	0.0039045746877762215	0.004038245223416029	0.004883911974824766	0.018762313086432805	0.015530772419243796	0.04850056871057906	0.005161073847656449
C[T>G]A	0.0010663742525779298	0.001632024239933173	0.0009413985959363975	0.0018038418080263488	0.002331150179354693	0.005570330719564837	0.0009613797928492801	0.0023518603973610615	0.004108852119759568	0.0039403428995236365	0.005460669555165788
C[T>G]C	0.00030064000055533407	0.0026105855400380376	0.0006311868350905427	0.0014875049953381072	0.0018288025334885346	0.004643274352482582	0.0010220054522371742	0.002629812883879235	0.0006377495106101403	0.009246533999489668	0.003923715037664788
C[T>G]G	0.0018361163464463179	0.01195684131446707	0.001729923914371049	0.0074174722366251835	0.001667993843704791	0.0012507698383442225	0.003799574878679028	0.005622328059394985	0.020729136731097525	0.008409214000877605	0.004872626321181279
C[T>G]T	0.0015448468725302211	0.002953862402796055	0.0011251796681716027	0.001836577673916469	0.002386263388028202	0.004028459799563	0.001911024054222446	0.006734155422717262	0.0012314648554927151	0.1157202922521183	0.0029349445479137865
G[C>A]A	0.0008658070190040897	0.011440528438957496	0.0029339171138086087	0.022211085915135508	0.01298225172047239	0.002912819213393469	0.004014358062941289	0.006902338524169434	0.002258967655288365	0.005741023391438684	0.0014575728959559933
G[C>A]C	0.001443539197304777	0.0023516689300299054	0.00805396833225563	0.005693428879746676	0.007350079466774051	0.004324379895934046	0.003327140200054983	0.013015916903557799	0.0046487211220012	0.01027246789768526	0.0014051061351836986
G[C>A]G	1.2755475776485867e-05	0.0009871941612438605	3.2714067008927465e-05	0.0027193291539576022	0.001099711992460836	0.0004846719750038189	0.0012756653881792076	0.00029905497538954695	0.001148623399349246	0.000772524180954604	0.00013353670365379725
G[C>A]T	0.0005696484165351162	0.007455639812146116	0.0033145118289439964	0.017006762030248243	0.00776604588111825	0.004917755485019464	0.005010864700147005	0.0033054238687834038	0.001293466545717744	0.006200895878063121	0.0019273289282054486
G[C>G]A	1.843221938357999e-05	0.002633395767275987	0.0005998294005805369	0.008089432786068933	0.002869798357881526	0.003518392624866359	0.0036815736170928465	0.008905660617688674	0.004885020355638025	0.00312438378742216	0.002351408038901406
G[C>G]C	0.003611844189156856	0.0006868807268969311	0.0020242269121558028	0.0072318768466211715	9.145542449621122e-05	0.009770710735843935	0.0036655953876102176	0.015218197381120218	0.0004682827243636302	0.0026261890928419023	0.002353039342122161
G[C>G]G	0.0004608133698042725	0.0004812684364574049	1.8002632021789025e-05	0.000639507271439455	0.0011971150135875947	0.0008036068670236212	0.0005468933057181144	0.00010131509373602837	9.762325174470411e-05	0.001087570204266247	0.0006498941371770845
G[C>G]T	0.0014236219769701432	0.0026725528039741927	0.0013054354589313675	0.008570801083260079	0.0036641543206024627	0.00382205723824457	0.009634264967543929	0.005644608873923147	0.0017036436980970046	0.005277743442790568	0.0017728970645051576
G[C>T]A	0.0028714438166753575	0.009829082368192112	0.010411898074717653	0.022255970924027865	0.007431287284692134	0.01662931528178751	0.02271057690411868	0.018955205480156605	0.0073040626626778545	0.0028775753107657654	0.007013253853894501
G[C>T]C	0.020931525614812634	0.003879604135718706	0.011392972012382117	0.022091904935104538	0.005927083269631913	0.02006946715780203	0.01179766031851239	0.013796593405225143	0.004344226653027009	0.005556352821510126	0.00272698740175013
G[C>T]G	0.003410582146304542	0.0037053939315066504	0.004657484098258551	0.03771751659776093	0.02989528192464452	0.049402812219351555	0.014581774051474088	0.009861284309468919	0.02841748402985354	0.0073954341182859325	0.014062874294700933
G[C>T]T	0.013042091986276701	0.018220775218191366	0.011346224371754594	0.011979979624084737	0.008428002903042714	0.0189660400573539	0.011619193319784869	0.006203203628848556	0.010842110781554254	0.012536134231070062	0.005369682936033651
G[T>A]A	0.001098523436481615	0.0025532311097519597	0.00038327680007033534	0.0027049811863177446	0.0026601765455370476	0.002062331518277729	0.00035835226568253716	0.004081819364739489	0.00526155438139141	0.004961258711729713	0.0013941816873457667
G[T>A]C	0.00032000033446761785	0.0014465207828277702	0.0019440246162235669	0.002270250290280082	0.002905038676722116	0.002548745411870158	0.002458412857339204	0.001890864861685962	0.0026324417693334794	0.0057964905567374336	0.0005840032412916122
G[T>A]G	0.0012498662894987835	0.002332024998834822	0.0012214771429338884	0.003949488831469343	0.0029675727408296918	0.0027521487480232972	0.0018292032770615778	0.001609616446624921	0.007104090981744048	0.006261642774239988	0.002193182868906204
G[T>A]T	0.0011528791224202895	0.0036027854571531437	0.0010717046495857991	0.003406113801215102	0.002401904844080223	0.004191549274771665	0.00158683473713434	0.003714600667811711	0.0052087752626102796	0.0072069758825426995	0.0019646882918681803
G[T>C]A	0.0021972670496825577	0.0041345518884821075	0.0024913167829947133	0.011443550543292645	0.005110320956833081	0.023175471014983132	0.009588184434822847	0.008303719876430722	0.016027182944149374	0.009586006274064014	0.004215527505926394
G[T>C]C	0.001262702276057937	0.0008844851006070454	0.0027413894818436955	0.008649062252751123	0.0024230240128696803	0.029833235577601376	0.0010016594911311035	0.0202815830061604	0.007019725017464165	0.009427474467964056	0.002091425947190733
G[T>C]G	0.001774401787297664	0.00037389998774274655	0.002123120093945325	0.005518165688298071	0.002929283275090638	0.013669388765130268	4.890450477835024e-05	0.004906773647818602	0.002848404790728303	0.005744221901109688	0.2041698971645307
G[T>C]T	0.028691696777720103	0.0022002453328156544	0.003642590687986141	0.01328071014493183	0.008326607708411008	0.020612985876267923	0.0010664043215149054	0.00591723165289192	0.07817070558781188	0.012272856921134487	0.005935572863118729
G[T>G]A	0.0005818882221640362	0.001805750611690615	0.0006860736836348683	0.0012626969859654742	8.102508720094023e-05	0.0033527419272458394	0.001339060726321768	0.0014829695411276683	0.004319267388149809	0.0032969280003813245	0.0009892956997243517
G[T>G]C	0.00022402117193172344	0.0009024363036981971	0.0010601579360997992	0.0004875383817067458	0.0011192384086199211	0.005726033261459046	0.0011154583539618166	0.002206528510619833	0.00249233973989902	0.002020075515524062	0.000863676916241986
G[T>G]G	0.010816557757928053	0.00817507397269747	0.0006816568389638648	0.0027055641082806706	0.0014156140776998322	0.0029831386168185014	0.0029081171742055436	0.001042701075990649	0.061713053348130174	0.004764744597608367	0.02102220757246992
G[T>G]T	0.0009142259254073968	0.0019434379547279268	0.0012872104885373208	0.003064303283178796	0.00046886238301459575	0.008294790453158648	0.0021481609889286483	0.004037753048264598	0.006711112272914296	0.03455717484978648	0.0005601833533514225
T[C>A]A	0.00660967251070422	0.009910169173363697	0.0025603471660960524	0.030525818434672457	0.011336909051362198	0.010245799607576546	0.03453762240034833	0.010657373577119326	0.0037760547834830424	0.00693681464370885	0.003803467680115259
T[C>A]C	0.0009799058997521373	0.0077130028698142875	0.010101562638083731	0.016357250770015392	0.010311744894960964	0.004003390369266565	0.027474700266017053	0.010944874232837978	0.0122574278340804	0.0021852116370055137	0.002443803506672308
T[C>A]G	0.0003552195719851422	0.0007719469022199639	0.0004891458090470663	0.00353028513439656	0.0019016642051599684	0.0017347141257496495	0.0006043008023090813	9.031907243847664e-05	0.0018648387014640038	0.0021770648347003573	0.0008243644867950488
T[C>A]T	0.007825956876341073	0.0097009478062403	0.007296866725548329	0.04963200748965079	0.02910994528017176	0.01795677923510944	0.03857834385317189	0.013374135877029326	0.0010416828505088512	0.010052121533172986	0.007643909475330146
T[C>G]A	0.0040500910053028775	0.005782616555368057	0.000990138143497044	0.018257981472369046	0.00497398872595879	0.0015123418697633056	0.08529242993587828	0.00842704413721894	0.012423127797942546	0.0007346455527222624	0.0010829273664300122
T[C>G]C	0.003780368583665378	0.0005946263229032161	0.0022797349035084437	0.008787202586120686	0.006507118788802035	0.0019381549463019017	0.0323154074246163	0.00941847996745434	0.009847951037553274	0.005490142471375673	0.0025555642508615284
T[C>G]G	0.0004286013643410489	0.00014773757670120046	0.00018595502599998663	0.0014459034957465585	7.64656477220628e-05	0.0011792099638498494	0.0023950685735658677	0.0007115087024198621	0.0014620982266255154	0.0015009060196504562	0.0008156874799249496
T[C>G]T	0.00994477688783149	0.00327641988815028	0.004186784723373037	0.02188027831282978	0.013370299365890244	0.0012149248343809754	0.13602635089403775	0.014167453601193678	0.027826993708549432	0.008237664032587251	0.0008910213256707946
T[C>T]A	0.11648531701977188	0.14742027632365928	0.031184043344544513	0.004475169065873116	0.003714166337706681	0.019193313313821042	0.09846152117458179	0.005408554146880872	0.022149058356067442	0.0018843852895682836	0.0028987446001274724
T[C>T]C	0.2755811445833521	0.0648333632739089	0.08940920758824877	0.02218716619804175	0.0047033089361596244	0.002777031735308225	0.012376867788747978	0.002050383960513671	0.02594506700592279	0.0074840854207058605	0.0015661280564074885
T[C>T]G	0.0632752908176513	0.021459575976528623	0.0017783233261338142	0.0201147484260007	0.011757639233868144	0.014955784227782697	0.004826333898473062	0.002464763740414136	0.024768185742807914	0.002648015169217432	0.009580140387616912
T[C>T]T	0.07440313818299427	0.1125203685398946	0.08363468081150643	0.01007444602111104	0.005655673116327431	0.017652113679552266	0.07879767934913516	0.0009737790938751961	0.028718030349311287	0.009361257992317755	0.003737413131899891
T[T>A]A	0.004909491736420683	0.007735560297393901	0.0022070807704565277	0.012260929911612468	0.010231786733820922	0.04175363789380255	0.003425117355691971	0.00945805523633523	0.009058990349320005	0.025126959356135865	0.0034165102339011257
T[T>A]C	0.0007442468213889608	0.005813841869402936	0.001161225380437149	0.007713548248431547	0.0016120535799616109	0.00658038812137708	0.0019770521628454346	0.0032353354830244054	0.004648720559667793	0.004924168235787206	0.0019261330966215417
T[T>A]G	0.0019059578470021624	0.007882207589168175	0.0010040021897442877	0.0037877204451589896	0.0013680306260895705	0.004420455248797622	0.00017175061712235368	0.004151087037294019	0.004088178517120728	0.00505151579315487	0.0012160853401957054
T[T>A]T	0.0043880473115233045	0.022843887830669558	0.002013813466551267	0.006220019036042848	0.004073347765319175	0.012960483941339368	0.0034141600774140117	0.008713431504723774	0.019409768775642138	0.016813798565909595	0.0026859936634120547
T[T>C]A	0.008655284432966898	0.012302138667326802	0.0012595735670213673	0.013327736868564454	0.008646516608177533	0.01570511862033417	0.002312835403871554	0.010735984469621294	0.01870816386619371	0.015654222162855464	0.0052969432529428205
T[T>C]C	0.0039259023484462495	0.008725896381994924	0.0009406759415132293	0.0116597300443675	0.005271923901150891	0.029261559152100262	0.007215768792330635	0.024649176064120995	0.00196714318771159	0.009891756329726217	0.004400761062173259
T[T>C]G	0.003059920140232902	0.005851480913449049	0.0002942175009098369	0.0022834437508950684	0.0023605366861815273	0.0003129545930220696	0.0034921964111776704	0.0030612788841132806	0.0011839342865405333	0.0007923553549083952	0.2678859273655778
T[T>C]T	0.007566799345189516	0.013709876485526053	0.0010259505894315416	0.016957782288758848	0.009823000743922925	0.02179051074976506	0.0062194379042989556	0.0105319423837839	0.019387006377598544	0.019108079828225173	0.005253213884302732
T[T>G]A	0.002408396709903126	0.0049194052600255965	0.0006684604857543113	0.0030871064500889276	0.0018537037645585566	0.018191174665448475	0.00226057966488882	0.009314720332928706	0.007335401367940754	0.0077824572404790295	0.0017384099206311822
T[T>G]C	0.0008737772721575012	0.0021466983427457704	0.0003674301756905379	0.004019009821056575	0.0001386459086997099	0.007219377458864726	0.0005904977142159377	0.0032119693970842134	0.002889913654468461	0.004563797847263116	0.0016248984725958167
T[T>G]G	0.0012716547695993913	0.01122495833334864	0.0015386138500053193	0.005626615947064858	0.0010297462158945264	0.005399059232514594	0.00488233026126648	0.006284858514317594	0.014744301620248113	0.007837728534642228	0.0012114851772293718
T[T>G]T	0.00275480687737692	0.008976757297619141	0.0016224184182705252	0.01064256549400132	0.002292720095905656	0.024403273507162808	0.006013851111025432	0.009390929079476027	0.005760319845626455	0.04613423966739036	0.002819405327267615
