MutationType	SBS96A	SBS96B	SBS96C	SBS96D	SBS96E	SBS96F	SBS96G	SBS96H	SBS96I	SBS96J	SBS96K
A[C>A]A	1.21E-04	3.14E-04	2.50E-04	3.77E-04	2.35E-04	8.47E-05	4.67E-05	7.01E-05	4.36E-05	2.67E-05	1.90E-04
A[C>A]C	6.03E-05	1.12E-04	1.12E-04	1.19E-04	1.18E-04	5.37E-05	3.07E-05	4.73E-05	2.77E-05	3.31E-05	1.22E-04
A[C>A]G	1.33E-05	2.42E-05	3.40E-05	3.57E-05	2.10E-05	1.68E-05	1.38E-05	1.94E-05	5.76E-06	4.42E-06	3.44E-05
A[C>A]T	6.45E-05	1.27E-04	1.30E-04	1.59E-04	1.13E-04	4.95E-05	3.11E-05	4.37E-05	1.84E-05	2.02E-05	1.08E-04
A[C>G]A	7.98E-05	9.23E-05	8.81E-05	1.53E-04	1.55E-04	1.02E-04	4.14E-05	5.28E-05	2.94E-05	1.55E-05	8.65E-05
A[C>G]C	6.62E-05	7.88E-05	4.64E-05	9.51E-05	9.89E-05	6.93E-05	3.08E-05	3.50E-05	2.43E-05	1.40E-05	9.23E-05
A[C>G]G	2.26E-05	2.23E-05	1.88E-05	4.28E-05	4.21E-05	2.05E-05	1.17E-05	1.97E-05	8.45E-06	3.47E-06	3.11E-05
A[C>G]T	1.22E-04	5.96E-05	1.06E-04	1.69E-04	1.53E-04	8.96E-05	3.21E-05	4.73E-05	3.33E-05	1.64E-05	1.13E-04
A[C>T]A	1.16E-04	1.43E-04	1.83E-04	2.41E-04	2.10E-04	1.02E-04	5.79E-05	6.68E-05	2.63E-05	7.84E-05	2.25E-04
A[C>T]C	1.01E-04	4.47E-05	1.41E-04	2.33E-04	1.70E-04	7.65E-05	4.48E-05	6.00E-05	7.46E-05	1.27E-04	2.13E-04
A[C>T]G	1.77E-04	2.19E-04	1.84E-04	5.76E-04	6.09E-04	1.77E-04	8.84E-05	1.10E-04	2.91E-05	4.61E-05	3.43E-04
A[C>T]T	1.13E-04	1.50E-04	2.00E-04	1.61E-04	1.67E-04	1.37E-05	5.80E-05	6.89E-05	6.37E-05	1.48E-04	2.25E-04
A[T>A]A	4.66E-05	6.95E-05	1.06E-04	1.05E-04	1.44E-04	7.52E-05	3.25E-05	4.34E-05	3.72E-05	1.78E-05	1.41E-04
A[T>A]C	5.68E-05	6.52E-05	7.67E-05	1.07E-04	1.32E-04	4.48E-05	2.69E-05	3.55E-05	2.06E-05	1.61E-05	8.45E-05
A[T>A]G	3.85E-05	6.74E-05	8.19E-05	1.25E-04	9.15E-05	4.85E-05	2.64E-05	4.24E-05	1.78E-05	1.57E-05	1.06E-04
A[T>A]T	6.04E-05	1.11E-04	1.17E-04	2.29E-04	1.48E-04	6.99E-05	4.14E-05	4.99E-05	3.85E-05	2.21E-05	1.51E-04
A[T>C]A	9.09E-05	1.06E-04	1.37E-04	2.20E-04	1.84E-04	1.02E-04	4.81E-05	6.46E-05	3.94E-05	2.37E-05	1.62E-04
A[T>C]C	4.97E-05	5.33E-05	1.04E-04	9.57E-05	1.14E-04	6.18E-05	2.86E-05	3.87E-05	2.10E-05	1.42E-05	8.58E-05
A[T>C]G	6.84E-05	6.69E-05	9.85E-05	1.21E-04	1.24E-04	6.65E-05	1.72E-04	5.56E-05	2.63E-05	1.60E-05	1.10E-04
A[T>C]T	8.33E-05	1.02E-04	1.55E-04	2.23E-04	1.88E-04	1.06E-04	4.74E-05	6.30E-05	4.06E-05	2.12E-05	1.63E-04
A[T>G]A	4.35E-05	4.29E-05	1.72E-04	1.88E-04	3.86E-04	1.35E-04	2.38E-05	1.97E-05	3.70E-05	1.24E-05	2.15E-04
A[T>G]C	2.89E-05	2.84E-05	6.38E-05	6.15E-05	1.18E-04	5.23E-05	7.17E-06	1.53E-05	1.44E-05	1.82E-06	5.75E-05
A[T>G]G	3.04E-05	1.07E-04	4.79E-05	1.70E-04	9.58E-05	5.06E-05	6.62E-05	3.70E-05	3.90E-05	1.87E-05	2.89E-04
A[T>G]T	3.41E-05	5.15E-05	1.06E-04	8.03E-05	1.23E-04	5.23E-05	2.21E-05	3.00E-05	1.82E-05	1.09E-05	8.53E-05
C[C>A]A	1.96E-04	3.41E-04	6.01E-04	2.41E-04	2.05E-04	1.12E-03	7.12E-05	4.59E-04	4.98E-05	2.74E-04	3.87E-04
C[C>A]C	8.55E-05	8.53E-05	1.21E-04	9.69E-05	9.50E-05	1.36E-04	3.32E-05	8.27E-05	2.66E-05	4.22E-05	1.27E-04
C[C>A]G	1.47E-06	4.27E-05	8.94E-05	4.29E-05	4.36E-05	1.44E-04	1.91E-05	7.71E-05	5.31E-06	3.62E-05	5.41E-05
C[C>A]T	1.22E-04	2.01E-04	1.52E-04	2.09E-04	1.29E-04	4.56E-04	5.00E-05	2.21E-04	3.65E-05	1.24E-04	2.34E-04
C[C>G]A	7.21E-05	7.33E-05	8.33E-05	9.71E-05	7.12E-05	4.92E-05	2.21E-05	3.65E-05	1.30E-05	1.12E-05	8.65E-05
C[C>G]C	5.83E-05	4.96E-05	6.57E-05	6.21E-05	6.09E-05	4.72E-05	2.16E-05	3.69E-05	1.26E-05	1.13E-05	5.35E-05
C[C>G]G	2.51E-05	2.32E-05	2.90E-05	3.47E-05	3.07E-05	2.10E-05	9.68E-06	1.32E-05	6.17E-06	6.54E-06	2.15E-05
C[C>G]T	9.94E-05	5.65E-05	9.22E-05	1.48E-04	9.21E-05	5.58E-05	2.39E-05	4.32E-05	3.08E-05	1.32E-05	1.06E-04
C[C>T]A	2.33E-04	2.73E-04	1.29E-04	2.64E-04	2.16E-04	9.87E-05	5.44E-05	6.58E-05	8.80E-05	7.68E-05	2.67E-04
C[C>T]C	1.37E-04	3.51E-04	9.13E-05	2.20E-04	1.49E-04	4.48E-04	6.17E-05	6.69E-05	1.35E-04	2.44E-04	1.09E-04
C[C>T]G	1.14E-04	1.27E-04	1.32E-04	3.70E-04	3.58E-04	1.11E-04	6.06E-05	7.50E-05	4.46E-05	2.76E-05	1.81E-04
C[C>T]T	2.40E-04	2.93E-04	2.11E-04	5.21E-04	3.10E-04	2.66E-04	3.91E-05	3.23E-05	1.31E-04	1.37E-04	3.25E-04
C[T>A]A	2.66E-05	4.78E-05	7.60E-05	6.14E-05	5.55E-05	8.17E-05	2.88E-05	2.98E-05	1.80E-05	2.46E-05	7.14E-05
C[T>A]C	4.36E-05	6.35E-05	9.12E-05	8.76E-05	7.02E-05	6.90E-05	2.50E-05	3.51E-05	1.02E-05	2.04E-05	8.43E-05
C[T>A]G	2.36E-05	7.54E-05	9.22E-05	1.23E-04	7.66E-05	7.49E-05	2.55E-05	3.01E-05	1.84E-05	2.35E-05	8.99E-05
C[T>A]T	1.82E-05	9.67E-05	1.29E-04	1.38E-04	1.04E-04	1.20E-04	1.58E-05	3.77E-05	1.91E-05	2.81E-05	1.08E-04
C[T>C]A	5.16E-05	5.28E-05	8.23E-05	9.13E-05	8.43E-05	6.77E-05	4.73E-05	4.08E-05	2.39E-05	1.58E-05	8.44E-05
C[T>C]C	6.41E-05	6.60E-05	1.74E-04	1.05E-04	1.97E-04	1.17E-04	7.89E-05	4.07E-05	2.76E-05	2.15E-05	9.68E-05
C[T>C]G	5.85E-05	5.90E-05	8.76E-05	8.73E-05	8.73E-05	6.06E-05	1.16E-04	4.63E-05	1.79E-05	1.66E-05	9.12E-05
C[T>C]T	6.77E-05	1.01E-04	2.24E-04	1.99E-04	1.77E-04	1.08E-04	3.78E-05	4.53E-05	2.72E-05	2.36E-05	1.37E-04
C[T>G]A	2.68E-05	2.77E-05	5.83E-05	4.79E-05	7.91E-05	3.38E-05	2.87E-05	2.81E-05	1.38E-05	8.87E-06	5.76E-05
C[T>G]C	2.80E-05	2.89E-05	6.71E-05	4.68E-05	6.92E-05	3.41E-05	2.36E-05	2.54E-05	9.52E-06	8.17E-06	3.23E-05
C[T>G]G	6.00E-05	1.24E-04	1.11E-04	2.23E-04	1.16E-04	5.57E-05	3.64E-05	3.34E-05	2.21E-05	2.11E-05	1.50E-04
C[T>G]T	5.83E-05	9.91E-05	4.88E-04	1.80E-04	2.65E-04	1.60E-04	4.80E-05	4.43E-05	3.04E-05	2.24E-05	7.99E-05
G[C>A]A	8.70E-05	2.33E-04	1.55E-04	2.99E-04	1.68E-04	7.88E-05	3.27E-05	6.09E-05	3.07E-05	2.26E-05	1.22E-04
G[C>A]C	5.70E-05	5.22E-05	8.66E-05	6.76E-05	6.84E-05	6.43E-05	2.22E-05	4.02E-05	1.79E-05	2.61E-05	7.27E-05
G[C>A]G	2.20E-05	2.67E-05	2.51E-05	4.04E-05	2.18E-05	1.05E-05	5.40E-06	1.53E-05	1.53E-06	1.73E-06	2.72E-05
G[C>A]T	7.40E-05	1.48E-04	1.23E-04	1.69E-04	1.32E-04	5.20E-05	2.94E-05	4.42E-05	2.08E-05	1.80E-05	7.72E-05
G[C>G]A	4.94E-05	5.97E-05	6.58E-05	9.08E-05	8.49E-05	5.36E-05	2.24E-05	3.57E-05	2.69E-06	1.00E-05	7.06E-05
G[C>G]C	6.20E-05	3.60E-05	7.56E-05	9.73E-05	1.17E-04	9.01E-05	2.65E-05	7.17E-06	2.32E-05	1.65E-05	3.88E-05
G[C>G]G	1.50E-05	1.32E-05	2.42E-05	2.08E-05	2.11E-05	6.18E-06	9.75E-06	1.60E-05	6.28E-06	1.26E-06	7.73E-06
G[C>G]T	6.16E-05	5.57E-05	7.03E-05	7.73E-05	8.14E-05	4.24E-05	2.24E-05	3.97E-05	1.98E-05	1.14E-05	5.63E-05
G[C>T]A	1.04E-04	1.27E-04	9.31E-05	2.08E-04	2.16E-04	9.72E-05	4.69E-05	6.37E-05	3.52E-05	3.06E-05	1.46E-04
G[C>T]C	1.03E-04	9.79E-05	1.10E-04	2.80E-04	3.00E-04	1.02E-04	4.67E-05	5.56E-05	5.54E-05	3.87E-05	1.39E-04
G[C>T]G	1.47E-04	1.62E-04	1.98E-04	6.09E-04	6.12E-04	1.85E-04	8.67E-05	1.03E-04	5.75E-05	3.81E-05	2.97E-04
G[C>T]T	1.06E-04	1.10E-04	1.11E-04	1.62E-04	1.40E-04	7.29E-05	4.10E-05	5.97E-05	4.48E-05	3.16E-05	1.37E-04
G[T>A]A	1.75E-05	3.54E-05	5.14E-05	4.97E-05	4.47E-05	3.46E-05	1.68E-05	2.72E-05	1.48E-05	7.89E-06	7.25E-05
G[T>A]C	3.64E-05	2.76E-05	5.56E-05	4.40E-05	4.95E-05	2.66E-05	1.23E-05	2.81E-05	9.19E-06	1.14E-05	4.62E-05
G[T>A]G	3.61E-05	4.09E-05	5.90E-05	5.55E-05	4.94E-05	2.76E-05	2.00E-05	2.64E-05	1.49E-05	1.02E-05	7.10E-05
G[T>A]T	3.46E-05	3.95E-05	6.43E-05	6.33E-05	6.67E-05	3.94E-05	1.95E-05	2.78E-05	1.53E-05	1.08E-05	7.26E-05
G[T>C]A	7.14E-05	8.06E-05	1.41E-04	1.66E-04	1.66E-04	9.35E-05	3.74E-05	4.53E-05	3.17E-05	1.75E-05	1.28E-04
G[T>C]C	3.75E-05	5.22E-05	1.90E-04	2.05E-04	2.55E-04	1.45E-04	4.01E-05	3.75E-05	3.28E-05	2.04E-05	1.19E-04
G[T>C]G	1.04E-05	3.55E-05	1.27E-04	1.34E-04	1.42E-04	1.02E-04	3.24E-04	6.58E-05	3.01E-05	1.83E-05	9.98E-05
G[T>C]T	6.12E-05	1.13E-04	1.63E-04	2.36E-04	1.93E-04	9.58E-05	9.08E-05	7.39E-05	8.99E-05	5.09E-05	4.43E-04
G[T>G]A	2.40E-05	2.47E-05	4.45E-05	3.86E-05	6.06E-05	2.58E-05	1.45E-05	5.38E-06	1.07E-05	7.31E-06	5.18E-05
G[T>G]C	2.55E-05	2.52E-05	5.73E-05	4.13E-05	9.55E-05	3.68E-05	1.44E-05	1.61E-05	8.30E-06	8.71E-06	5.66E-05
G[T>G]G	6.48E-05	1.11E-04	9.99E-05	1.62E-04	1.28E-04	4.46E-05	8.93E-05	3.90E-05	4.53E-05	2.05E-05	3.43E-04
G[T>G]T	4.27E-05	5.04E-05	1.43E-04	7.99E-05	1.30E-04	6.58E-05	1.71E-05	1.64E-05	1.66E-05	1.20E-05	7.54E-05
T[C>A]A	1.99E-04	2.05E-04	1.49E-04	2.66E-04	1.75E-04	9.16E-05	4.67E-05	6.84E-05	6.18E-05	2.40E-05	1.47E-04
T[C>A]C	1.17E-04	9.73E-05	7.93E-05	1.49E-04	1.23E-04	7.54E-05	3.27E-05	6.09E-05	3.12E-05	3.03E-05	1.51E-04
T[C>A]G	2.15E-05	2.72E-05	3.74E-05	3.90E-05	3.50E-05	6.29E-06	1.27E-05	2.26E-05	8.30E-06	6.41E-06	3.78E-05
T[C>A]T	2.73E-04	3.18E-04	2.21E-04	3.34E-04	3.15E-04	1.30E-04	7.08E-05	9.75E-05	8.46E-05	3.61E-05	1.32E-04
T[C>G]A	3.01E-04	1.68E-04	7.74E-05	6.14E-04	1.13E-04	1.34E-04	3.67E-05	1.05E-04	9.70E-05	2.67E-05	3.39E-04
T[C>G]C	1.60E-04	4.92E-05	9.15E-05	2.72E-04	7.04E-05	7.06E-05	2.78E-05	6.03E-05	4.18E-05	1.89E-05	1.68E-04
T[C>G]G	2.96E-05	9.37E-06	2.79E-05	3.11E-05	2.93E-05	1.51E-05	1.21E-05	6.37E-06	7.49E-06	4.17E-06	3.22E-05
T[C>G]T	4.98E-04	2.53E-04	2.26E-04	1.06E-03	1.52E-04	2.17E-04	5.10E-05	1.74E-04	1.63E-04	5.05E-05	5.94E-04
T[C>T]A	7.82E-04	1.14E-03	1.71E-04	6.52E-04	5.71E-04	1.40E-04	1.04E-04	1.31E-04	3.04E-04	2.41E-04	8.35E-04
T[C>T]C	3.99E-04	1.03E-03	2.44E-04	7.30E-04	2.22E-04	1.32E-04	8.12E-05	1.62E-04	3.80E-04	3.93E-04	7.83E-04
T[C>T]G	1.23E-04	2.63E-04	9.02E-05	2.25E-04	2.13E-04	6.68E-05	5.28E-05	7.76E-05	9.66E-05	9.64E-05	2.80E-04
T[C>T]T	5.17E-04	6.55E-04	2.35E-04	5.19E-04	4.22E-04	6.65E-05	8.64E-05	1.17E-04	2.21E-04	1.51E-04	5.85E-04
T[T>A]A	7.43E-05	1.35E-04	3.15E-04	2.53E-04	4.58E-04	1.48E-04	4.90E-05	6.81E-05	5.61E-05	2.06E-05	2.90E-04
T[T>A]C	4.17E-05	5.80E-05	6.37E-05	8.47E-05	6.69E-05	4.04E-05	2.15E-05	3.21E-05	1.59E-05	1.22E-05	8.12E-05
T[T>A]G	1.65E-05	5.02E-05	6.26E-05	8.67E-05	6.09E-05	4.07E-05	1.82E-05	2.64E-05	1.95E-05	1.43E-05	9.12E-05
T[T>A]T	9.48E-05	9.91E-05	1.30E-04	2.09E-04	2.28E-04	7.46E-05	3.55E-05	5.15E-05	4.47E-05	3.50E-05	2.37E-04
T[T>C]A	6.40E-05	1.09E-04	1.07E-04	1.60E-04	1.38E-04	6.85E-05	3.84E-05	5.04E-05	3.65E-05	1.97E-05	1.52E-04
T[T>C]C	7.48E-05	8.08E-05	1.78E-04	1.68E-04	2.37E-04	1.44E-04	4.46E-05	5.28E-05	4.21E-05	2.00E-05	9.31E-05
T[T>C]G	7.50E-05	8.48E-05	8.06E-05	1.21E-04	5.33E-05	1.22E-04	4.31E-04	7.79E-05	3.59E-05	1.37E-05	8.35E-05
T[T>C]T	7.63E-05	1.21E-04	1.35E-04	1.57E-04	1.56E-04	8.20E-05	3.97E-05	5.71E-05	3.93E-05	2.09E-05	1.79E-04
T[T>G]A	5.39E-05	5.81E-05	1.71E-04	1.72E-04	3.44E-04	1.13E-04	2.54E-05	3.30E-05	3.02E-05	1.23E-05	1.44E-04
T[T>G]C	2.13E-05	3.88E-05	6.08E-05	5.85E-05	9.11E-05	4.26E-05	1.93E-05	7.73E-06	1.44E-05	6.70E-06	6.17E-05
T[T>G]G	6.03E-05	6.75E-05	8.28E-05	1.38E-04	1.13E-04	5.25E-05	2.48E-05	2.91E-05	2.09E-05	2.02E-05	1.23E-04
T[T>G]T	6.57E-05	9.44E-05	1.97E-04	1.72E-04	3.21E-04	1.20E-04	3.46E-05	3.87E-05	3.45E-05	1.80E-05	1.56E-04
