Samples	SBS96A	SBS96B	SBS96C	SBS96D	SBS96E	SBS96F	SBS96G	SBS96H	SBS96I
PGENE_1T	2.05E+00	2.16E+00	4.84E+00	4.31E+00	6.18E-01	2.43E+00	1.89E+00	4.31E+00	4.20E+00
PGENE_2T	1.59E-01	2.80E-01	1.05E-01	2.03E-01	0.00E+00	1.48E-01	2.67E-02	1.01E-01	2.58E-01
PGENE_4T	1.28E+01	8.52E+00	2.09E+00	3.89E+00	1.57E+00	1.20E+01	1.52E-01	1.39E+01	3.16E+00
PGENE_5T	1.52E+00	2.28E+00	1.81E+00	2.14E+00	5.52E-01	1.56E+00	2.76E+00	2.92E+00	3.36E+00
PGENE_6T	5.43E-01	8.40E-01	4.94E-01	9.46E-01	2.07E-01	4.33E-01	4.79E-01	1.22E+00	4.18E-01
PGENE_8T	1.52E+00	2.63E+00	9.83E-01	2.23E+00	3.93E-01	2.68E+00	1.46E+00	2.84E+00	2.12E+00
PGENE_9T	5.71E-01	8.64E-01	1.18E+00	2.12E+00	2.97E-01	1.50E+00	7.52E-01	1.76E+00	1.20E+00
PGENE_10T	5.18E-01	9.41E-01	1.28E+00	1.26E+00	3.25E-01	3.39E-01	6.42E-01	1.56E+00	1.25E+00
AC_WGS_1T	1.06E+00	1.45E+00	1.27E+00	2.29E+00	3.78E-01	1.75E+00	9.62E-01	2.12E+00	1.86E+00
AC_WGS_2T	3.79E+01	3.62E+00	2.90E+00	1.80E+01	1.51E+00	4.19E+01	2.62E+01	2.90E+00	1.47E+01
AC_WGS_4	1.43E+00	1.94E+00	8.33E-01	3.33E+00	3.65E-01	2.22E+00	1.20E+00	1.87E+00	1.62E+00
AC_WGS_5	4.75E+00	6.34E+00	8.88E+00	5.96E+00	2.31E+00	3.61E+00	2.26E+01	7.34E+00	2.35E+01
AC_WGS_6	2.68E+00	4.79E+00	1.17E+01	6.66E+00	9.86E-01	3.49E+00	3.70E+00	1.00E+01	9.37E+00
AC_WGS_9T	8.07E-01	2.96E+00	3.70E+00	4.17E+00	4.95E-01	1.75E+00	1.87E+00	3.73E+00	2.94E+00
AC_WGS_10	2.73E+00	2.98E+00	6.66E+00	1.25E+01	5.78E-01	6.51E+00	1.64E+00	1.22E+01	3.62E+00
AC_WGS_44	6.97E-02	2.37E-02	2.76E-01	1.34E-01	0.00E+00	0.00E+00	5.53E-02	2.65E-01	3.75E-02
AC_WGS_12	1.06E+00	3.91E-01	1.53E+00	2.05E+00	4.06E-01	1.70E+00	1.21E+00	1.85E+00	1.78E+00
AC_WGS_13T	5.12E+00	4.54E+00	4.00E+00	8.13E+00	1.26E+01	3.77E+00	2.93E+00	1.03E+01	7.59E+00
AC_WGS_15	6.74E-01	1.35E+00	6.98E-01	1.45E+00	2.49E-01	9.64E-01	1.01E+00	1.49E+00	1.59E+00
AC_WGS_17	1.61E+00	2.61E+00	1.77E+00	3.19E+00	4.70E-01	2.56E+00	1.29E+00	2.60E+00	2.18E+00
AC_WGS_18T	2.62E-02	4.71E-02	1.47E-01	2.11E-01	0.00E+00	1.17E-01	0.00E+00	2.53E-01	1.71E-02
AC_WGS_20T	0.00E+00	0.00E+00	3.37E-01	2.07E-01	6.07E-02	1.52E-01	0.00E+00	3.59E-01	1.00E-02
AC_WGS_22	1.20E+00	2.54E+00	1.67E+00	2.05E+00	7.51E-01	2.06E+00	1.09E+00	2.73E+00	1.34E+00
AC_WGS_23	2.87E+00	5.03E+00	4.66E+00	5.31E+00	7.95E-01	3.61E+00	3.39E+00	5.72E+00	6.04E+00
AC_WGS_24	1.18E-01	2.16E-01	4.14E-01	4.76E-01	4.24E-03	2.65E-01	1.11E-01	5.29E-01	1.34E-01
AC_WGS_25	7.88E-01	1.39E+00	9.12E-01	1.63E+00	2.92E-01	8.92E-01	8.12E-01	1.72E+00	1.19E+00
AC_WGS_26	1.27E-01	8.75E-01	1.14E+00	1.15E+00	2.79E-01	4.10E-01	5.98E-01	1.47E+00	1.09E+00
AC_WGS_27	1.43E+00	2.06E+00	1.62E+00	3.45E+00	3.26E-01	7.81E-01	8.88E-01	1.97E+00	1.91E+00
AC_WGS_30	7.96E-01	4.26E+00	5.74E+00	3.87E+00	7.56E-01	3.02E+00	3.36E+00	5.97E+00	6.30E+00
AC_WGS_31	0.00E+00	0.00E+00	3.20E-01	1.21E-01	5.69E-02	3.97E-02	0.00E+00	3.23E-01	3.31E-02
AC_WGS_32	1.42E+00	3.04E+00	4.66E+00	4.00E+00	7.32E-01	1.52E+00	3.10E+00	4.21E+00	4.29E+00
AC_WGS_33	1.39E+01	4.54E+00	4.83E+01	9.98E+01	2.26E+00	6.00E+01	9.40E+00	4.47E+00	1.22E+01
AC_WGS_34	2.20E+00	3.88E+00	2.84E+00	3.37E+00	1.02E+00	3.08E+00	4.57E+00	4.01E+00	4.38E+00
AC_WGS_35	2.12E-01	5.06E-01	3.75E-01	4.82E-01	7.75E-02	3.22E-01	3.00E-01	5.75E-01	2.08E-01
AC_WGS_36	1.95E+00	2.89E+00	1.59E+00	4.13E+00	7.44E-01	1.73E+00	3.88E+00	3.62E+00	4.03E+00
AC_WGS_39	1.66E+00	2.80E+00	3.77E+00	3.71E+00	6.08E-01	2.23E+00	1.85E+00	3.65E+00	2.99E+00
AC_WGS_40	2.24E-03	2.24E-03	3.58E-01	2.21E-01	0.00E+00	0.00E+00	0.00E+00	3.76E-01	3.69E-02
AC_WGS_41	5.25E+00	6.06E+00	5.60E+00	1.93E+01	1.16E+00	1.17E+01	7.05E+00	7.81E+00	3.18E+00
AC_WGS_42	0.00E+00	3.74E-03	2.39E-01	1.36E-01	6.68E-02	9.89E-02	0.00E+00	2.32E-01	1.90E-02
AC_WGS_43	1.56E-01	1.70E-01	3.36E-01	3.23E-01	4.75E-02	2.11E-01	6.70E-02	1.34E-01	2.66E-01
AC_WGS_45	8.38E-02	0.00E+00	2.54E-01	1.74E-01	2.82E-02	9.03E-02	0.00E+00	2.73E-01	1.20E-01
AC_WGS_46	4.83E-02	1.82E-01	2.40E-01	2.72E-01	9.21E-02	1.03E-01	0.00E+00	2.99E-01	7.76E-02
AC_WGS_49	1.25E+00	1.86E+00	1.34E+00	2.33E+00	4.68E-01	7.44E-01	2.19E+00	2.30E+00	2.64E+00
AC_WGS_50	6.31E+00	6.18E+00	1.49E+01	1.11E+01	1.20E+00	2.99E+00	7.04E+00	7.72E+00	1.62E+01
AC_WGS_51	1.15E+00	1.31E+00	2.11E+00	2.54E+00	4.02E-01	1.49E+00	1.41E+00	2.11E+00	2.14E+00
AC_WGS_52	1.90E+00	2.64E+00	2.22E+00	3.82E+00	6.78E-01	2.00E+00	3.53E+00	3.38E+00	4.70E+00
AC_WGS_53	5.84E-01	7.91E-01	7.47E-01	1.30E+00	2.14E-01	1.00E+00	4.39E-01	9.23E-01	9.65E-01
AC_WGS_11	1.63E+00	2.32E+00	1.98E+00	3.44E+00	5.85E-01	1.69E+00	2.81E+00	2.86E+00	2.48E+00
AC_WGS_37	6.29E-01	1.24E+00	3.99E-01	1.53E+00	1.16E-01	9.78E-01	5.25E-01	1.11E+00	6.37E-01
RC596TH1	9.02E-01	2.09E+00	6.67E-01	2.46E+00	6.63E-01	1.94E+00	2.70E+00	5.41E-01	1.09E+00
RC597TH1	8.16E-01	1.52E+00	5.56E-01	2.56E+00	1.56E-01	1.92E+00	2.90E-01	1.33E-01	2.80E-01
RC598TH1	4.75E-01	1.37E+00	3.43E-01	1.54E+00	2.64E-01	1.12E+00	4.97E-01	1.35E+00	1.10E+00
RC599TH1	1.70E+00	2.53E+00	3.68E+00	2.63E+00	4.73E-01	1.76E+00	2.00E+00	3.56E+00	4.30E+00
RC602TH1	1.26E+00	1.68E+00	1.90E+00	3.57E+00	3.45E-01	2.83E+00	6.82E-01	3.20E+00	8.72E-01
RC603TH1	3.84E+01	1.15E+01	2.88E+01	7.38E+01	5.77E+00	6.59E+01	1.01E+01	2.08E+01	2.34E+01
