MutationType	SBS96A	SBS96B	SBS96C	SBS96D	SBS96E	SBS96F	SBS96G	SBS96H	SBS96I
A[C>A]A	0.0015871613484271887	0.018404088339147983	0.004223808968228934	0.013465095277894946	0.012205737631664465	0.010510344788040462	0.004748192825774519	0.020299775660093885	0.004743205528779418
A[C>A]C	0.0017847506188215872	0.005804610940642659	0.012045030159206846	0.014419323139262811	0.007838144342349689	0.0027088192960047115	0.005082033433160385	0.017210887518028933	0.0020207010581548583
A[C>A]G	0.00022612600772978946	0.0014958647269404	0.0001750277212895509	0.0010112643439376106	0.001855659317700407	0.0005305036873258605	0.0006113454795445747	0.0023666629055716665	0.0012640323180919642
A[C>A]T	0.0009570117712196147	0.009756932792146922	0.004260922880451789	0.008680000476195887	0.005677648283881931	0.004685163494332505	0.003165353513755874	0.016489780441730953	0.003802769882306394
A[C>G]A	0.003376884790320678	0.005303268280666057	0.000666010368318968	0.013075672694600447	0.007907926591400743	0.009424084856727726	0.02293047180621255	0.004866547468813326	0.006197610482656358
A[C>G]C	0.0021232569601492917	0.004335970749705425	0.0019681407874334225	0.012801983467387909	0.003193731180555047	0.004953923182918869	0.010483205971312963	0.0020907587270756972	0.0036357178120469467
A[C>G]G	0.0004234075611994831	0.0010808801990401652	0.00010105252324941397	0.003188906211808602	0.001805412779055054	0.0009357684708092553	0.0011141175267794423	0.0005320422020697848	0.0007092258205283048
A[C>G]T	0.005192349114814422	0.0022311243131961688	0.0009923669040269294	0.0111174825863071	0.00467350034496784	0.01271691881515411	0.014640659390496783	0.01068135100005746	0.0037898128795639413
A[C>T]A	0.0017624419988465563	0.011754119423662064	0.03773098279772753	0.029237288965614696	0.009670141991145902	0.018358120001843524	0.010142655305845953	0.018889992264934312	0.009506864639378138
A[C>T]C	0.02329623950844539	0.0007063757353082789	0.07436404762298145	0.015374781971762713	0.0035005305916198473	0.0033874947531370003	0.004989176024291396	0.002224489978529378	0.0011153373555717195
A[C>T]G	0.004665574730419152	0.015203310899948055	0.006287227256337653	0.059419382462608326	0.03860643088954829	0.025181790494348575	0.012135748165883154	0.006124428758459988	0.020615888186322383
A[C>T]T	0.004307096118961221	0.01312102906945529	0.0815923915099194	0.01924497079405497	0.005771692677288093	0.005256267241197191	3.415360580350363e-05	0.01211992235286585	0.0022481421958812664
A[T>A]A	0.008277381548868682	0.006285754186014086	0.0019872730774279633	0.01556065415477128	0.005464095498732664	0.0015562614548418692	0.011469788460136361	0.0128138931818292	0.0042194865927552274
A[T>A]C	0.002096872070624916	0.00334573361430209	0.0031475279106161188	0.011415186866668687	0.004510102056270984	0.004614936846551024	0.0038338763819733357	0.007204619158288429	0.002386042960628541
A[T>A]G	0.001632104589525152	0.0100171849283126	0.0017672025019609156	0.007988281674202433	0.006357025043950086	0.0010423417692349737	0.005339410289637167	0.008558212566518137	0.0024144322190042793
A[T>A]T	0.0064271769406009675	0.013755973468487608	0.002564794641300293	0.021854538605269383	0.007596990119450016	0.0031014397059275366	0.0051982352169241105	0.015032816295415138	0.004395584820722954
A[T>C]A	0.009491284828901454	0.01012163606489988	0.003768951097585199	0.029431154497549204	0.016086124209308078	0.012098385575602904	0.010625681578622535	0.023169399239452295	0.0070915527267255635
A[T>C]C	0.002043881169702916	0.003546276725250448	0.002155869611578466	0.012294717818937937	0.0050175654732065	0.004248068688718674	0.005395495673346391	0.012938700550322512	0.003713278841914111
A[T>C]G	0.002887139338787981	0.006865702747029619	0.0014850732875813304	0.013793960435883797	0.006805791382450816	0.00812015620850801	0.0036549553807310956	0.010178235036416048	0.09799165837304726
A[T>C]T	0.008888513747264196	0.009155557449939846	0.00319929733731797	0.02873574096385031	0.011733809320276083	0.009105784452295701	0.009293143219519491	0.02124850116387244	0.008430642430523161
A[T>G]A	0.005620923939238788	0.0013953408868372535	0.00038275409911108085	0.01008645521218595	0.0004343693081477378	0.0011608639970075861	0.013009095508092563	0.006326457731165162	0.0013262371238662448
A[T>G]C	0.0016843673155281845	0.0009365845081839317	1.8438021797495007e-05	0.004015483098430037	0.0004110724270445355	0.0012945372851972947	0.004982484699462226	0.003411957200993996	0.0003024027062170304
A[T>G]G	0.01131583418088551	0.020237957336136318	0.0006589790621883502	0.008351153578207583	0.0019849520208354635	0.00023986117210807363	0.0027054087403993224	0.001999982923976506	0.00555588914948334
A[T>G]T	0.0018274277118519207	0.004684345714454247	0.0008571858529989864	0.00661665603565322	0.00254975464430498	0.0010186484278990229	0.006180133545488959	0.020932291492046354	0.0016522088368793725
C[C>A]A	0.003302895255246872	0.004390453974063469	0.02237033938940708	0.0009442212416950241	0.26910690482560573	0.009602564584361305	0.03719770455738675	0.012198603549173152	0.0011244459752785272
C[C>A]C	0.0015537099010314301	0.004235227562765271	0.009040622812818744	0.003473385838242538	0.035111381483408345	0.012340739095916925	0.0246683499360089	0.007293084802936814	0.0032229619404000793
C[C>A]G	4.660262345518849e-05	0.0004515391510740332	0.0035268785783028767	0.0015386257245784784	0.033122639016886626	3.9288648170851534e-06	0.005803154747387837	0.002666663498473145	0.0010390541264067713
C[C>A]T	0.0008755406494518039	0.00751414115693926	0.02109381956563327	0.0005475364558539496	0.11950846884528121	0.008047068222533134	0.06466984304758162	0.0006648268531876587	0.0018274116754051829
C[C>G]A	0.0003699957306235591	0.005959305128460923	0.0008366374222903743	0.0029045805862572055	0.003908658045478659	0.010847636064250257	0.006335709502281272	0.005122167494073066	0.0020541062864888947
C[C>G]C	0.0004471965346690762	0.0036540260306375254	0.001114470283976056	0.003505364774392196	0.005269851668675904	0.007685818759678346	0.008108433666315935	0.004028426286165116	0.0020164838221310073
C[C>G]G	0.000144621913525584	0.0010404450902769197	0.0006671518291382481	0.001922716701473099	0.0007518743774203569	0.001780973798877559	0.001348222638283728	0.001292601864739305	0.0004505665905443398
C[C>G]T	0.0030181948135181336	0.00473168018647309	0.0013224587446791166	0.0034132577943521442	0.004551351665815011	0.018934214226819422	0.007316482985892242	0.008429172564719358	0.0021120962345249563
C[C>T]A	0.04647381685674454	0.04314062104162625	0.03227553278101801	0.011663341412479619	0.005345926809642728	0.019341731647297713	0.016445437089461962	0.009122515062920276	0.00970132640673035
C[C>T]C	0.05514762614920102	0.028174989749483507	0.17264842533535632	1.998166331116693e-05	0.0009017615699215409	0.00014682128724885957	0.07879585441657945	0.0006229530306562827	0.0009011778310473638
C[C>T]G	0.010306906255208501	0.009708294011049265	0.006340323458367855	0.03292061637495056	0.017026740788676817	0.01720897327725934	0.009146294504376488	0.007237360854782542	0.012995418697578242
C[C>T]T	0.03628120244192632	0.058730319086719995	0.09863760319514106	0.0009826551458114825	0.0012445260327430302	0.012231976996189681	0.04368842692597967	0.012049251034908396	0.0006969432627288503
C[T>A]A	0.0019330713006164117	0.003804360113624041	0.006428201009547347	0.0019892248203375244	0.0016841299123971085	0.0006415950067348959	0.016651493478239285	0.005800597226863966	0.0038144500144229134
C[T>A]C	0.0003467431270291076	0.005287060034796422	0.0045239173081815754	0.003754496506438685	0.0035861762651803824	0.002152029128381529	0.011493607276876452	0.010095624310396626	0.0028318003937089268
C[T>A]G	0.001817405770132619	0.008156840999909815	0.0067387567351400385	0.001707677659943232	0.0026974788306749885	0.0005663307804996789	0.012148369829111157	0.0097369596458492	0.0027199771000052226
C[T>A]T	0.0011633954503735664	0.006253387774185166	0.006594653934741108	0.003263038556818712	0.0038535602734616203	0.00033622706542446384	0.024795093663324125	0.018453322800483434	0.0004856635311118096
C[T>C]A	0.0033790780988105793	0.005260411247051776	0.002259336279256176	0.009773461297551734	0.005323178625612615	0.004639824749187062	0.01414862131467998	0.00564223813378277	0.015402289830782866
C[T>C]C	0.002037078267213272	0.004745901197758493	0.0031641990118070128	0.009315718299576413	0.003046507766902236	0.004540863898093553	0.024555921743399368	0.025210843223733553	0.033347987960407076
C[T>C]G	0.001021573024431539	0.005949900308340593	0.00291658483982108	0.008031282873938419	0.0072702796454883496	0.0037451402619642256	0.009017715633225135	0.010682824683784242	0.06035332112366928
C[T>C]T	0.004035975179922797	0.014097725410680445	0.0038376681076422807	0.004733787489821572	0.004353620413374912	0.0042561825155549545	0.01850196234615176	0.04371885782740104	0.00524487743963858
C[T>G]A	0.0015472950732217002	0.0019714603392773458	0.0008788567602659916	0.004197939637810594	0.002146388980850498	0.0008005973603436066	0.002838770700786034	0.004059340064591782	0.005450594099898922
C[T>G]C	0.0004705106510230921	0.0023136778896819463	0.000655049896278483	0.0024777888528996995	0.0018110985692037654	0.0009637365418355621	0.003064513357007474	0.009313843270546258	0.0038173614241738298
C[T>G]G	0.002578393471798744	0.017099482156405513	0.0019185510356948027	0.003387553236995336	0.002589887499822315	0.004198293283317556	0.005655496572668017	0.008419660604119378	0.005065580190486441
C[T>G]T	0.0009232023834801066	0.0036565427871846482	0.0014079259428119173	0.0008723889139358525	0.002188350094325694	0.0014745759743655315	0.008430054326048611	0.1022515434107415	0.0024410573277361776
G[C>A]A	0.00045055641544463867	0.01283796499477616	0.0029661128098204723	0.006536619749304788	0.014440987765302829	0.009451528945788145	0.005445090141894575	0.006905275147485594	0.0017126926490539313
G[C>A]C	0.0012696510520234215	0.003191170390269444	0.007828393844366217	0.005039754887375321	0.0072128409798908775	0.0033673229225072037	0.012247982782409891	0.009340401030731079	0.0015597572606793043
G[C>A]G	1.2226680062872541e-05	0.001542931909293001	3.3483523023662504e-05	0.0012672416182982636	0.001187098238534152	0.0015611491493453685	0.0002563529123768608	0.0007854274168433072	0.00019222816990838908
G[C>A]T	0.0003101886338958748	0.00808734434844093	0.0032918042553152266	0.00856888091502292	0.008524661470142206	0.007820577176870132	0.002868982680755136	0.007289035886434524	0.0021224361762933893
G[C>G]A	9.971791206272558e-05	0.0042239459537827505	0.0006000486146381756	0.0057551043282083	0.0036272191873233527	0.00423840906334099	0.008384528612697015	0.003211489578087681	0.0025917979558355555
G[C>G]C	0.0032615794355178593	0.0010115129479384977	0.0021752579020268294	0.007234482071424419	0.0001250321067815202	0.004728812042927351	0.015761264718130375	0.004261990735128673	0.002478279359021551
G[C>G]G	0.00044109909747074846	0.0004058508297610014	1.7761562748530434e-05	0.0004839515712193121	0.0011404135408765428	0.0005952999546418015	0.00012062099186454688	0.0012758760149698073	0.0006074421916978292
G[C>G]T	0.001335820193973245	0.0030765080933831423	0.0013235426323500612	0.004682471094460982	0.004209514637527501	0.010420056078180268	0.0056447055948034616	0.005307787150959634	0.001910254745897884
G[C>T]A	0.0032985326462979347	0.010438542209335452	0.010247741615997898	0.018537796526329475	0.0088777796226925	0.024152960946390793	0.018766214506794894	0.003919675173601492	0.007619309209182302
G[C>T]C	0.018565114427934234	0.005611023464385322	0.0118443807708226	0.02343556765666406	0.006190903360996406	0.013564182931068052	0.014866883206351687	0.005292705706663749	0.0034884825638896643
G[C>T]G	0.0069513827290331705	0.008561216980428015	0.003727456575182064	0.057666263950839736	0.029998454233876634	0.01471623035600164	0.012466120357269876	0.007202142796244793	0.01582265074034976
G[C>T]T	0.013845548262400621	0.015735923371583627	0.011583951279020148	0.016866215740116812	0.00892297157079013	0.011613186934493125	0.007314110277169671	0.013530394682096599	0.005841264840720368
G[T>A]A	0.0015664877046406408	0.0032075525031695505	0.00039584386494671386	0.0030164032693639846	0.002858585061546453	0.00027963511492865755	0.004012730965549073	0.004630867045580657	0.0015244771576312392
G[T>A]C	0.0004795523189952339	0.0018867699338069464	0.0018513064864829054	0.0024173299062200506	0.0028105684370328776	0.002331002476911147	0.0020287798888314183	0.005445435874688153	0.0006527313241493436
G[T>A]G	0.0016759312513128745	0.0037383171448868956	0.0011731144850650184	0.003934725733690857	0.0031347507539975315	0.0017353850360579007	0.0017366295939855606	0.005752137035919363	0.0023221268785062516
G[T>A]T	0.0016173845249104941	0.004239384011592433	0.0010844442356848663	0.0036664425201877234	0.00248098605321816	0.0016723481246544525	0.004089470222536338	0.007172416541812888	0.002072619651595591
G[T>C]A	0.004718788984098091	0.005496368685214776	0.002241961324358348	0.021248303476530873	0.005497918563708098	0.008801645210661672	0.01045425012511241	0.010244009776592282	0.004965348967474105
G[T>C]C	0.0028171837984270844	0.0013275713820116433	0.002558684164710281	0.022898115629328693	0.0023613574542072236	0.0008930079758756752	0.02250381981908797	0.011252973369030004	0.002919642186408501
G[T>C]G	0.0014419817916969278	0.00045166257088634696	0.0021046234192220975	0.01158647877914372	0.002504996161846188	2.8557189831250963e-05	0.004495657877628429	0.00573054385532558	0.19526055989299318
G[T>C]T	0.03420368295757217	0.01324018446896053	0.0035750262804509197	0.030294233759414767	0.00872770158944618	0.0009549481307166795	0.008455330313234324	0.011050307899123151	0.0077535522913438895
G[T>G]A	0.0010764217079188728	0.002275400715118687	0.000664815763327538	0.002634027569790156	0.00010721845899436697	0.0011872102216175992	0.0018871155679481327	0.003373927323814298	0.0010911188739974739
G[T>G]C	0.0007648875801666234	0.0008358934955819185	0.0009506326136639263	0.003345064135945905	0.0010393747941156554	0.0008168639685980236	0.0028444357308576923	0.0024589664524250284	0.0009629954727647084
G[T>G]G	0.01465749778515911	0.01931052823861443	0.0008203267289869704	0.008997929375352213	0.0019398689047368763	0.0021120714674027256	0.001825026734148675	0.005284190963416325	0.02121532206548944
G[T>G]T	0.0013884795815562324	0.003651731459782727	0.0012802272315232293	0.0058940743866898225	0.0005605730573780099	0.0016201636240981256	0.005634045018225579	0.03107366493752667	0.0006808981952069718
T[C>A]A	0.005528967870445499	0.01248438063700353	0.0028120949574113345	0.012457414143072323	0.012392532461881512	0.0384535818407237	0.010950556975379914	0.008163931669714616	0.004170388597770248
T[C>A]C	0.0017837853844376976	0.00969926750863418	0.009662974198244629	0.007888424821978855	0.011208931996924184	0.02674537110319784	0.010368375957910732	0.002368764635380952	0.0027690032760596334
T[C>A]G	0.0003919436332619307	0.001436758540895458	0.0004441080465252407	0.0027359129285790492	0.0019344591581708813	0.0011339934978470306	0.00010327904937620871	0.0019841675133222417	0.0009196125241370852
T[C>A]T	0.005285121331770967	0.013671733439283969	0.0072441676949292055	0.024124440508234236	0.030354444227838638	0.0473627727105218	0.012569649460790448	0.011732612804205705	0.00818585056738739
T[C>G]A	0.00660915475929475	0.004882556196013457	0.0010738651876938854	0.002237024813582527	0.006386250665409735	0.07948626744624877	0.009093570680508046	0.0007061026051988366	0.0013462530698695454
T[C>G]C	0.004704366260076935	0.001404699664732117	0.0022039408451073462	0.003377172704430783	0.006796632091496921	0.030082985727621244	0.009208423046511448	0.004578273600099818	0.002706807934185426
T[C>G]G	0.0005903924173055724	0.0003189483257679635	0.00018967208001440883	0.0015835526712761358	9.171052999201353e-05	0.0023358517112382466	0.0008793017483106862	0.0013081525357206687	0.0008477855337525543
T[C>G]T	0.01498728630559858	0.001780398353209869	0.004043079778129575	0.002146203604531253	0.014212229047982408	0.12401046158017578	0.015478315138104208	0.006006452425642494	0.0013642330001864434
T[C>T]A	0.1194044177328071	0.10457065696758237	0.037501005776535944	0.0013773173843785156	0.005999081500595695	0.09259749408633638	0.007137603708524696	0.007137301099310187	0.0036069063763585667
T[C>T]C	0.24372851683415428	0.059729217174078	0.09764909211309757	0.0069127713067228475	0.003737918002890241	0.01577258924267036	0.0015299652153842728	0.004135268537990985	0.0018716565464080626
T[C>T]G	0.05946448198775039	0.0228746358765187	0.004039316388668801	0.021007235277527854	0.012625161680436155	0.0060162321925692	0.0031797041265098037	0.0022946948733999347	0.010338208152362053
T[C>T]T	0.0752641499750084	0.08624209921238883	0.08565048931130777	0.007410636969672918	0.007092159536504731	0.07260423816754821	0.0015043138820639093	0.015168885732371538	0.004200105112162316
T[T>A]A	0.007174239444937999	0.00702044573445507	0.002036967218352043	0.028944549504637665	0.009708003715781366	0.0032475470406253598	0.012421512224803475	0.029384360342969196	0.004251300703199842
T[T>A]C	0.0013394366017101525	0.006192080357750381	0.001199034274017427	0.007474438772470005	0.0023557334573321292	0.0020911561901145134	0.003660606180488621	0.0058207060495682915	0.0021544383061065245
T[T>A]G	0.0023542751595274887	0.007688931588541266	0.0011633004979503196	0.00403382829140183	0.0017192330333260623	0.00013675968289034648	0.004510514518040572	0.00564115024154588	0.0013929472577662362
T[T>A]T	0.006934864523554215	0.022818948784837617	0.0023152695015741754	0.008798789391864847	0.004662953529858735	0.0029572250671811456	0.009951923101430766	0.01918362550676297	0.003126919517601742
T[T>C]A	0.009763568417660897	0.014948590186994704	0.0014774127878915291	0.015351774994781435	0.008910913100078644	0.0030576836268293487	0.011755544960441788	0.01627783922594945	0.005777657132927054
T[T>C]C	0.0049507582811052255	0.0070661090515435595	0.0011278529742204876	0.020540201626222908	0.005417528273128646	0.007239746709333069	0.026407731890661024	0.013422333229166167	0.005090768754687348
T[T>C]G	0.0018290476148684598	0.005191185993966416	0.0005771221184053927	9.051326623905077e-06	0.0017804160210407511	0.003507700578489114	0.0012455940395765094	0.0003914211974310373	0.2558368920053347
T[T>C]T	0.009144650390289723	0.016154922466979114	0.0012118780772087962	0.020475488488948337	0.01034353446289343	0.00662576152835595	0.01205295941361342	0.02069799032817186	0.005947887208445842
T[T>G]A	0.0038645954091288425	0.004411310762037334	0.0006409475178178384	0.010068171230825413	0.0015524667440151125	0.0021526867145598406	0.012017653558588186	0.009611622389606982	0.002094390325210404
T[T>G]C	0.0012070609883608828	0.002644205410543812	0.00039344435766376217	0.005821443305990091	0.00016047951453269279	0.0007026093057640164	0.004017908228971461	0.005181760843278612	0.0017546111717607995
T[T>G]G	0.002497948645125399	0.013568868207258585	0.0016670240953810696	0.005427538113858181	0.0015968805744868998	0.004204063764067978	0.00675767611479738	0.008649895262989218	0.0015439773251039223
T[T>G]T	0.0038300337254563717	0.00894033392780633	0.0017366779601639029	0.015268361974953858	0.0024196205364343886	0.006074337385497266	0.012496812137300943	0.046536057038144736	0.0030877325547702503
