MutationType	SBS96A	SBS96B	SBS96C	SBS96D	SBS96E	SBS96F	SBS96G	SBS96H	SBS96I
A[C>A]A	2.40E-05	9.21E-05	1.76E-04	1.18E-04	3.55E-05	2.45E-05	6.14E-05	8.65E-05	6.35E-05
A[C>A]C	2.96E-05	5.80E-05	9.32E-05	8.62E-05	2.85E-05	2.31E-05	4.40E-05	5.60E-05	4.94E-05
A[C>A]G	4.15E-06	1.67E-05	2.81E-05	1.95E-05	1.34E-05	5.04E-06	1.76E-05	1.92E-05	1.46E-05
A[C>A]T	1.84E-05	5.43E-05	8.33E-05	6.70E-05	2.74E-05	1.65E-05	4.04E-05	5.53E-05	4.26E-05
A[C>G]A	1.60E-05	7.10E-05	9.16E-05	6.33E-05	3.74E-05	2.32E-05	5.20E-05	7.85E-05	1.07E-04
A[C>G]C	1.32E-05	4.82E-05	6.42E-05	4.53E-05	2.82E-05	1.74E-05	3.42E-05	4.58E-05	6.16E-05
A[C>G]G	3.35E-06	2.54E-05	2.02E-05	1.63E-05	1.11E-05	6.55E-06	1.86E-05	2.22E-05	1.84E-05
A[C>G]T	1.36E-05	7.25E-05	1.21E-04	5.29E-05	2.91E-05	2.66E-05	4.43E-05	6.94E-05	7.72E-05
A[C>T]A	7.63E-05	9.96E-05	1.52E-04	1.73E-04	5.22E-05	4.93E-05	6.10E-05	9.75E-05	6.94E-05
A[C>T]C	1.23E-04	7.86E-05	1.03E-04	8.76E-05	4.38E-05	8.47E-05	5.90E-05	7.70E-05	7.27E-05
A[C>T]G	5.01E-05	1.31E-04	2.04E-04	3.14E-04	7.56E-05	7.44E-05	9.72E-05	1.57E-04	1.50E-04
A[C>T]T	1.52E-04	1.07E-04	1.80E-04	1.62E-04	5.58E-05	1.01E-04	6.83E-05	1.09E-04	1.93E-05
A[T>A]A	1.73E-05	4.19E-05	1.04E-04	1.07E-04	3.07E-05	3.57E-05	3.62E-05	5.85E-05	6.15E-05
A[T>A]C	1.41E-05	4.72E-05	6.45E-05	4.90E-05	2.44E-05	1.77E-05	3.24E-05	4.51E-05	3.48E-05
A[T>A]G	1.46E-05	3.04E-05	7.36E-05	7.48E-05	2.41E-05	1.90E-05	4.01E-05	5.12E-05	4.43E-05
A[T>A]T	1.82E-05	5.49E-05	1.05E-04	7.38E-05	3.85E-05	2.69E-05	4.87E-05	6.76E-05	5.56E-05
A[T>C]A	2.47E-05	8.37E-05	1.30E-04	1.14E-04	4.62E-05	4.26E-05	5.67E-05	8.39E-05	6.88E-05
A[T>C]C	1.33E-05	4.31E-05	9.90E-05	7.06E-05	2.68E-05	2.13E-05	3.46E-05	5.37E-05	4.21E-05
A[T>C]G	1.60E-05	5.90E-05	8.68E-05	7.12E-05	1.64E-04	2.77E-05	4.81E-05	6.29E-05	5.77E-05
A[T>C]T	2.26E-05	7.09E-05	1.31E-04	1.96E-04	4.36E-05	5.56E-05	5.48E-05	7.81E-05	6.82E-05
A[T>G]A	1.11E-05	3.52E-05	1.59E-04	1.25E-04	2.31E-05	3.92E-05	1.33E-05	7.73E-05	1.08E-04
A[T>G]C	1.55E-06	2.69E-05	5.67E-05	2.70E-05	9.16E-06	1.17E-05	1.19E-05	3.50E-05	4.14E-05
A[T>G]G	2.16E-05	1.91E-05	2.07E-04	3.81E-04	3.70E-05	7.87E-05	3.20E-05	1.10E-04	7.07E-05
A[T>G]T	9.83E-06	2.87E-05	1.28E-04	6.79E-05	2.04E-05	1.88E-05	2.50E-05	4.37E-05	5.51E-05
C[C>A]A	3.31E-04	1.70E-04	4.29E-04	2.07E-04	6.96E-05	4.68E-05	4.24E-04	8.27E-05	8.64E-04
C[C>A]C	4.63E-05	6.93E-05	1.06E-04	6.20E-05	3.21E-05	2.11E-05	7.71E-05	6.30E-05	1.07E-04
C[C>A]G	4.26E-05	1.54E-06	7.16E-05	2.70E-05	1.89E-05	3.37E-06	7.11E-05	3.24E-05	1.13E-04
C[C>A]T	1.47E-04	9.64E-05	9.86E-05	1.46E-04	5.41E-05	3.15E-05	2.03E-04	4.52E-05	3.59E-04
C[C>G]A	1.09E-05	5.46E-05	7.22E-05	4.10E-05	2.03E-05	1.18E-05	3.55E-05	4.89E-05	4.10E-05
C[C>G]C	1.20E-05	5.03E-05	6.03E-05	3.80E-05	1.99E-05	1.09E-05	3.23E-05	4.17E-05	4.30E-05
C[C>G]G	6.28E-06	2.41E-05	2.83E-05	1.53E-05	9.53E-06	4.73E-06	1.42E-05	2.02E-05	1.92E-05
C[C>G]T	1.23E-05	7.32E-05	7.74E-05	4.75E-05	2.27E-05	1.89E-05	4.05E-05	5.58E-05	5.07E-05
C[C>T]A	6.89E-05	1.08E-04	1.83E-04	3.18E-04	4.91E-05	9.79E-05	7.01E-05	9.05E-05	9.17E-05
C[C>T]C	2.76E-04	2.57E-05	9.10E-05	3.87E-04	5.65E-05	2.15E-04	4.96E-05	8.34E-06	3.82E-04
C[C>T]G	2.67E-05	9.31E-05	1.10E-04	9.40E-05	5.14E-05	3.84E-05	6.49E-05	9.32E-05	7.72E-05
C[C>T]T	1.58E-04	1.09E-04	3.57E-04	5.65E-04	3.70E-05	2.06E-04	5.74E-05	5.22E-05	2.28E-04
C[T>A]A	2.39E-05	2.44E-05	6.57E-05	4.14E-05	2.70E-05	1.58E-05	3.00E-05	3.50E-05	7.62E-05
C[T>A]C	1.97E-05	3.81E-05	7.44E-05	4.46E-05	2.33E-05	1.02E-05	3.27E-05	4.12E-05	5.76E-05
C[T>A]G	2.31E-05	2.30E-05	7.46E-05	4.70E-05	2.49E-05	1.66E-05	3.02E-05	3.56E-05	6.33E-05
C[T>A]T	2.83E-05	2.12E-05	1.26E-04	5.85E-05	1.86E-05	1.63E-05	3.41E-05	4.53E-05	1.04E-04
C[T>C]A	1.52E-05	4.60E-05	7.56E-05	4.71E-05	4.64E-05	1.92E-05	3.79E-05	5.05E-05	6.42E-05
C[T>C]C	2.28E-05	5.65E-05	1.89E-04	6.28E-05	7.71E-05	2.25E-05	3.69E-05	7.87E-05	1.12E-04
C[T>C]G	1.69E-05	5.18E-05	7.72E-05	4.98E-05	1.10E-04	1.85E-05	4.50E-05	5.03E-05	5.13E-05
C[T>C]T	2.14E-05	6.04E-05	2.40E-04	9.17E-05	3.60E-05	2.58E-05	4.20E-05	6.92E-05	1.00E-04
C[T>G]A	8.36E-06	2.32E-05	4.93E-05	4.26E-05	2.75E-05	1.38E-05	2.27E-05	2.89E-05	2.90E-05
C[T>G]C	7.27E-06	2.36E-05	7.13E-05	3.13E-05	2.39E-05	8.77E-06	2.30E-05	3.26E-05	3.33E-05
C[T>G]G	1.77E-05	5.19E-05	1.25E-04	8.55E-05	3.21E-05	2.68E-05	3.68E-05	6.29E-05	5.00E-05
C[T>G]T	1.82E-05	4.81E-05	7.38E-04	1.70E-04	4.99E-05	2.68E-05	4.43E-05	8.24E-05	2.13E-04
G[C>A]A	2.36E-05	8.37E-05	1.83E-04	1.24E-04	2.55E-05	2.17E-05	5.57E-05	7.56E-05	6.92E-05
G[C>A]C	2.38E-05	5.05E-05	8.05E-05	4.19E-05	2.08E-05	1.50E-05	3.59E-05	4.60E-05	5.60E-05
G[C>A]G	1.72E-06	1.98E-05	2.53E-05	1.47E-05	6.11E-06	1.34E-06	1.35E-05	1.91E-05	9.24E-06
G[C>A]T	1.75E-05	6.53E-05	1.25E-04	8.27E-05	2.41E-05	1.52E-05	4.38E-05	5.84E-05	4.59E-05
G[C>G]A	9.76E-06	4.31E-05	5.72E-05	3.21E-05	2.12E-05	5.38E-06	3.66E-05	4.41E-05	4.84E-05
G[C>G]C	1.58E-05	5.07E-05	8.20E-05	2.96E-05	2.60E-05	1.81E-05	8.98E-06	6.14E-05	8.46E-05
G[C>G]G	1.23E-06	1.42E-05	2.48E-05	1.09E-05	9.06E-06	4.96E-06	1.37E-05	1.28E-05	6.79E-06
G[C>G]T	1.11E-05	5.58E-05	6.17E-05	4.09E-05	2.03E-05	1.44E-05	3.67E-05	4.92E-05	4.13E-05
G[C>T]A	3.18E-05	9.61E-05	1.07E-04	8.17E-05	4.19E-05	2.89E-05	5.74E-05	8.89E-05	8.47E-05
G[C>T]C	3.28E-05	8.74E-05	1.05E-04	8.47E-05	3.93E-05	4.26E-05	5.10E-05	9.70E-05	7.30E-05
G[C>T]G	4.07E-05	1.03E-04	1.68E-04	2.63E-04	7.44E-05	7.52E-05	8.42E-05	1.21E-04	1.21E-04
G[C>T]T	2.78E-05	7.45E-05	9.52E-05	7.86E-05	3.58E-05	3.08E-05	5.26E-05	7.13E-05	5.38E-05
G[T>A]A	7.15E-06	1.45E-05	4.39E-05	4.46E-05	1.53E-05	1.38E-05	2.40E-05	2.67E-05	3.34E-05
G[T>A]C	1.06E-05	3.05E-05	4.98E-05	3.12E-05	1.21E-05	8.80E-06	2.51E-05	3.25E-05	2.62E-05
G[T>A]G	9.63E-06	3.24E-05	4.61E-05	5.08E-05	1.96E-05	1.39E-05	2.43E-05	3.44E-05	2.76E-05
G[T>A]T	9.47E-06	3.06E-05	5.54E-05	4.16E-05	1.89E-05	1.40E-05	2.40E-05	3.42E-05	3.66E-05
G[T>C]A	1.55E-05	5.90E-05	1.09E-04	1.54E-04	3.52E-05	4.32E-05	3.88E-05	6.51E-05	5.76E-05
G[T>C]C	1.88E-05	3.09E-05	1.41E-04	9.57E-05	3.71E-05	3.49E-05	2.94E-05	7.95E-05	1.05E-04
G[T>C]G	1.88E-05	7.66E-06	1.14E-04	4.65E-05	3.15E-04	3.80E-05	6.47E-05	6.75E-05	8.62E-05
G[T>C]T	6.05E-05	5.23E-05	2.67E-04	6.50E-04	5.22E-05	1.71E-04	6.23E-05	1.33E-04	9.67E-05
G[T>G]A	6.84E-06	2.14E-05	3.76E-05	3.67E-05	1.35E-05	1.14E-05	5.60E-06	2.44E-05	2.41E-05
G[T>G]C	7.95E-06	2.02E-05	4.88E-05	3.92E-05	1.36E-05	1.06E-05	1.36E-05	2.91E-05	2.85E-05
G[T>G]G	2.59E-05	5.13E-05	2.22E-04	4.34E-04	5.95E-05	9.11E-05	3.35E-05	1.28E-04	7.29E-05
G[T>G]T	1.12E-05	3.54E-05	2.14E-04	7.25E-05	1.82E-05	1.95E-05	1.69E-05	5.24E-05	7.32E-05
T[C>A]A	2.22E-05	1.14E-04	1.51E-04	1.46E-04	3.82E-05	4.15E-05	5.73E-05	1.04E-04	7.28E-05
T[C>A]C	2.91E-05	8.72E-05	1.02E-04	6.53E-05	2.95E-05	2.58E-05	4.91E-05	8.20E-05	6.05E-05
T[C>A]G	5.95E-06	2.52E-05	3.04E-05	2.13E-05	1.22E-05	6.79E-06	2.00E-05	2.45E-05	6.37E-06
T[C>A]T	3.82E-05	1.66E-04	2.20E-04	2.00E-04	5.29E-05	5.54E-05	8.37E-05	1.60E-04	1.20E-04
T[C>G]A	1.98E-05	1.68E-04	6.12E-05	9.25E-05	4.27E-05	4.37E-05	9.05E-05	1.15E-04	1.06E-04
T[C>G]C	1.57E-05	9.47E-05	8.82E-05	6.45E-05	2.69E-05	2.70E-05	5.36E-05	7.00E-05	6.15E-05
T[C>G]G	3.81E-06	2.47E-05	2.46E-05	1.54E-05	1.08E-05	6.51E-06	6.52E-06	1.91E-05	1.28E-05
T[C>G]T	3.70E-05	2.66E-04	1.97E-04	1.80E-04	6.21E-05	8.06E-05	1.45E-04	1.61E-04	1.82E-04
T[C>T]A	1.92E-04	2.55E-04	3.74E-04	1.15E-03	9.38E-05	3.19E-04	1.55E-04	1.33E-04	1.19E-04
T[C>T]C	3.69E-04	3.63E-04	1.94E-04	8.93E-04	8.43E-05	2.89E-04	1.51E-04	2.47E-04	1.12E-04
T[C>T]G	1.05E-04	1.11E-04	1.13E-04	2.20E-04	5.03E-05	8.94E-05	7.16E-05	9.94E-05	6.47E-05
T[C>T]T	1.31E-04	1.91E-04	4.23E-04	7.36E-04	8.32E-05	2.52E-04	1.18E-04	1.43E-04	7.49E-05
T[T>A]A	1.89E-05	6.16E-05	2.83E-04	1.85E-04	4.21E-05	5.28E-05	5.56E-05	1.42E-04	7.59E-05
T[T>A]C	1.05E-05	3.74E-05	6.25E-05	4.38E-05	2.03E-05	1.50E-05	3.09E-05	3.95E-05	3.57E-05
T[T>A]G	1.09E-05	1.13E-05	5.90E-05	4.64E-05	1.77E-05	1.72E-05	2.65E-05	3.44E-05	3.70E-05
T[T>A]T	2.14E-05	5.63E-05	1.29E-04	1.15E-04	3.28E-05	4.48E-05	4.66E-05	8.37E-05	6.85E-05
T[T>C]A	2.03E-05	6.13E-05	9.46E-05	8.52E-05	3.53E-05	3.16E-05	4.51E-05	6.29E-05	5.87E-05
T[T>C]C	1.88E-05	6.60E-05	1.41E-04	6.90E-05	4.11E-05	2.67E-05	4.60E-05	9.06E-05	1.24E-04
T[T>C]G	1.84E-05	6.56E-05	5.10E-05	8.40E-05	4.13E-04	4.95E-05	7.28E-05	6.65E-06	8.68E-05
T[T>C]T	2.08E-05	6.75E-05	1.18E-04	1.13E-04	3.76E-05	3.75E-05	4.88E-05	7.76E-05	6.81E-05
T[T>G]A	1.07E-05	4.42E-05	1.48E-04	6.74E-05	2.43E-05	2.41E-05	2.38E-05	7.43E-05	8.86E-05
T[T>G]C	6.53E-06	2.04E-05	5.47E-05	3.14E-05	1.73E-05	1.16E-05	7.95E-06	3.08E-05	3.41E-05
T[T>G]G	1.55E-05	4.88E-05	1.02E-04	8.43E-05	2.21E-05	2.54E-05	3.26E-05	6.16E-05	4.63E-05
T[T>G]T	1.52E-05	6.05E-05	2.72E-04	9.87E-05	3.44E-05	2.84E-05	3.56E-05	9.94E-05	1.07E-04
