Iteration	L1	L1 %	L2	L2 %	KL Divergence
1	508.256	44.425	83.915	34.079	0.332
2	524.456	44.955	89.411	34.467	0.326
3	523.606	44.632	90.467	34.788	0.331
4	523.483	43.56	87.147	33.923	0.308
5	517.701	45.056	86.87	34.639	0.327
6	549.858	45.338	95.085	34.909	0.328
7	528.58	44.811	91.189	34.868	0.325
8	530.963	44.641	88.529	34.885	0.316
9	514.127	44.591	86.957	34.361	0.335
10	512.378	44.607	88.556	34.213	0.328
11	515.217	45.046	89.294	34.95	0.337
12	519.437	44.876	88.5	34.41	0.327
13	533.98	44.698	93.209	34.735	0.323
14	528.361	45.32	91.093	34.79	0.339
15	520.224	44.245	84.809	34.05	0.32
16	519.24	43.987	89.072	34.273	0.311
17	526.682	44.266	87.205	34.421	0.317
18	520.139	45.228	88.465	34.641	0.338
19	540.175	44.526	91.999	34.752	0.313
20	525.414	44.833	89.101	34.76	0.327
21	524.021	44.055	90.385	34.775	0.322
22	526.204	45.026	91.514	34.883	0.33
23	528.281	44.669	92.231	34.648	0.323
24	528.057	45.456	90.249	35.503	0.328
25	508.558	44.686	83.882	34.032	0.327
26	520.225	44.207	86.291	34.172	0.329
27	554.691	44.993	97.546	34.821	0.332
28	532.402	44.433	91.083	34.902	0.316
29	519.204	44.581	88.761	34.49	0.334
30	534.83	44.501	89.431	34.975	0.322
31	524.315	44.296	89.745	34.273	0.328
32	530.199	45.289	88.688	34.883	0.326
33	537.319	44.014	93.417	34.122	0.316
34	517.06	44.509	86.02	34.461	0.326
35	520.677	45.457	89.303	35.27	0.338
36	547.515	44.34	95.767	35.086	0.321
37	522.019	45.286	90.957	35.122	0.329
38	544.588	45.217	95.57	34.788	0.329
39	520.933	44.19	87.144	34.114	0.325
40	535.111	44.718	91.874	34.777	0.319
41	517.827	43.406	88.219	34.092	0.312
42	512.436	44.456	85.619	34.394	0.329
43	513.553	44.756	87.201	34.081	0.324
44	512.733	44.246	85.424	34.384	0.325
45	514.409	45.286	89.318	34.857	0.336
46	529.598	44.377	92.105	34.599	0.323
47	511.415	44.007	86.82	34.368	0.318
48	535.814	44.459	91.48	34.401	0.318
49	528.56	44.396	92.821	35.105	0.321
50	519.234	44.557	84.467	34.44	0.329
51	525.018	44.675	89.025	34.541	0.324
52	523.289	44.633	90.976	34.405	0.323
53	518.817	44.777	85.746	34.211	0.333
54	511.118	44.55	88.371	34.164	0.33
55	518.082	44.631	88.367	34.399	0.318
56	515.179	43.49	85.443	34.042	0.31
57	532.021	44.801	91.768	34.824	0.323
58	512.541	44.685	84.358	34.613	0.33
59	527.645	45.119	90.066	34.836	0.332
60	509.261	44.225	81.53	34.403	0.317
61	513.605	44.529	85.926	34.409	0.316
62	527.75	44.401	92.856	34.975	0.323
63	522.235	45.08	90.125	34.546	0.335
64	524.679	44.9	89.115	34.667	0.343
65	511.906	44.496	86.282	34.208	0.328
66	516.225	44.747	85.737	34.493	0.321
67	511.945	44.584	83.356	34.22	0.327
68	515.344	43.948	88.734	34.297	0.314
69	541.964	43.878	95.592	34.662	0.307
70	508.574	44.893	85.802	34.234	0.317
71	523.594	44.884	88.585	34.789	0.323
72	529.11	45.895	88.689	35.138	0.342
73	525.369	44.257	89.139	34.239	0.318
74	524.925	44.867	89.847	34.452	0.331
75	530.856	44.784	89.834	35.155	0.331
76	514.499	45.214	83.123	34.891	0.336
77	518.157	45.124	87.144	34.993	0.342
78	510.001	44.608	86.541	33.986	0.33
79	525.912	45.099	90.577	35.041	0.337
80	526.052	44.739	90.192	34.726	0.319
81	524.543	45.441	89.106	35.102	0.34
82	526.116	45.148	89.199	34.785	0.333
83	510.544	44.456	84.921	34.172	0.329
84	523.985	45.133	90.925	34.694	0.336
85	522.569	44.332	89.282	34.129	0.317
86	523.827	45.116	86.419	34.582	0.332
87	513.525	45.086	84.99	34.471	0.348
88	518.566	44.963	85.519	34.849	0.325
89	530.949	44.897	89.021	34.588	0.325
90	519.06	44.592	87.897	34.959	0.323
91	510.114	44.988	87.182	34.314	0.326
92	512.244	44.464	87.476	34.796	0.328
93	517.096	44.141	89.071	34.444	0.319
94	520.533	44.98	87.808	34.866	0.332
95	524.021	44.692	87.586	34.723	0.33
96	525.647	45.218	87.236	34.969	0.323
97	547.391	44.162	94.632	34.65	0.313
98	520.792	45.285	88.042	34.685	0.335
99	522.372	44.538	89.048	34.661	0.323
100	521.136	44.996	89.487	34.764	0.332
101	522.19	44.575	87.223	34.325	0.322
102	516.627	44.494	85.498	34.463	0.324
103	527.466	44.16	87.306	34.606	0.313
104	519.221	45.286	84.715	34.821	0.328
105	504.419	44.052	84.293	33.719	0.316
106	515.336	45.044	88.686	34.731	0.342
107	515.214	44.2	87.717	34.261	0.329
108	513.662	45.278	86.016	34.775	0.333
109	528.782	45.381	87.731	35.192	0.325
110	516.985	44.558	86.671	33.914	0.329
111	515.054	44.803	86.942	34.698	0.341
112	526.607	45.463	88.356	34.939	0.344
113	534.933	44.196	92.238	34.653	0.323
114	512.088	44.279	86.052	34.213	0.324
115	523.887	43.377	91.968	34.051	0.304
116	521.513	44.941	88.35	34.148	0.328
117	523.384	44.253	87.979	34.196	0.32
118	505.949	44.071	83.531	34.045	0.323
119	513.513	44.817	86.263	34.655	0.337
120	522.963	45.0	86.984	34.596	0.336
121	514.609	43.864	86.976	34.283	0.325
122	525.503	44.942	91.901	34.718	0.329
123	536.582	44.664	91.581	34.526	0.325
124	554.245	45.144	95.861	35.194	0.337
125	532.967	44.456	93.414	34.71	0.315
126	512.456	44.849	85.623	34.725	0.332
127	512.565	44.795	85.51	34.525	0.34
128	510.311	43.914	86.104	34.526	0.318
129	523.051	44.31	86.536	34.323	0.319
130	518.47	45.295	88.394	34.709	0.352
131	520.633	44.816	88.669	34.565	0.336
132	511.676	45.389	87.756	35.05	0.341
133	528.215	44.641	90.43	34.624	0.333
134	544.513	45.238	96.316	35.102	0.332
135	510.486	44.935	83.422	34.211	0.336
136	508.894	44.925	86.017	34.553	0.33
137	547.346	44.627	94.364	34.931	0.315
138	523.174	44.236	84.367	34.158	0.313
139	526.399	44.258	88.737	34.172	0.324
140	516.268	45.08	88.233	34.293	0.328
141	518.309	45.219	86.612	34.828	0.34
142	516.126	44.578	88.766	34.427	0.33
143	536.511	44.326	95.231	34.194	0.309
144	521.345	44.535	87.323	34.381	0.32
145	519.924	44.993	87.195	34.627	0.337
146	554.302	45.261	97.223	35.15	0.325
147	525.534	44.35	88.748	34.284	0.328
148	521.849	44.965	86.465	34.939	0.334
149	518.331	44.351	85.19	34.189	0.327
150	518.06	45.232	89.336	34.501	0.33
151	520.214	45.272	88.646	34.567	0.332
152	520.876	44.775	91.187	34.876	0.324
153	526.085	44.865	90.806	35.301	0.329
154	519.8	44.337	87.622	34.356	0.325
155	522.425	45.065	88.612	35.006	0.342
156	545.011	44.817	94.946	35.057	0.326
157	518.379	44.824	88.503	34.269	0.328
158	531.869	45.088	91.566	35.21	0.321
159	514.946	44.305	87.002	34.48	0.318
160	519.239	44.608	87.283	34.571	0.324
161	526.74	44.957	89.656	35.192	0.329
162	526.439	44.857	88.411	34.915	0.321
163	512.73	44.812	86.334	34.713	0.334
164	522.518	45.558	87.327	35.3	0.341
165	517.747	44.719	87.475	34.327	0.324
166	523.518	45.044	90.626	34.946	0.335
167	518.246	45.021	86.457	34.759	0.342
168	528.743	44.567	89.12	34.519	0.326
169	512.151	44.149	84.486	34.055	0.321
170	518.95	44.306	85.755	34.194	0.322
171	517.345	44.103	87.465	34.036	0.318
172	523.893	44.582	87.214	34.627	0.328
173	516.233	44.427	87.559	34.55	0.328
174	525.537	44.619	87.329	34.623	0.327
175	519.911	44.879	88.454	34.713	0.333
176	528.529	44.868	89.58	35.062	0.334
177	542.592	45.002	95.882	34.788	0.327
178	524.446	45.611	88.504	34.587	0.348
179	514.843	44.098	86.385	34.272	0.322
180	548.37	44.637	96.439	34.339	0.319
181	520.667	44.948	89.225	34.506	0.327
182	525.262	44.406	88.226	34.639	0.32
183	516.449	44.892	85.006	34.825	0.334
184	512.269	44.486	86.451	34.443	0.334
185	515.849	44.815	85.793	34.446	0.33
186	538.038	45.5	91.98	35.006	0.337
187	528.662	45.912	88.972	35.426	0.347
188	510.689	43.982	86.579	34.013	0.317
189	517.519	44.12	87.453	34.176	0.31
190	524.788	44.216	87.865	34.377	0.327
191	531.8	45.307	91.334	34.78	0.326
192	521.595	44.305	90.863	34.65	0.324
193	515.943	44.319	84.272	33.888	0.329
194	513.797	44.492	84.747	34.387	0.333
195	531.958	44.952	94.441	34.81	0.332
196	520.711	43.979	89.369	33.994	0.318
197	557.539	44.8	98.646	35.189	0.319
198	527.119	45.278	88.217	35.103	0.342
199	503.193	44.245	82.063	34.166	0.33
200	510.341	45.244	86.362	34.694	0.337
201	523.854	44.263	88.681	34.481	0.324
202	517.099	44.327	85.21	34.511	0.324
203	533.934	44.714	91.828	34.685	0.321
204	515.765	44.229	88.868	34.707	0.317
205	531.058	43.833	89.01	34.299	0.314
206	519.39	45.189	86.537	35.052	0.329
207	522.066	44.955	88.251	34.774	0.331
208	519.154	44.315	88.38	34.119	0.326
209	517.19	44.987	85.818	34.725	0.335
210	530.881	44.939	90.901	35.064	0.329
211	527.561	44.392	91.29	34.542	0.321
212	517.911	44.672	88.427	34.377	0.332
213	518.629	44.727	88.405	35.072	0.321
214	513.62	44.485	85.891	34.267	0.326
215	517.988	44.685	86.419	34.251	0.33
216	528.094	45.08	92.978	34.881	0.332
217	518.081	45.278	83.863	34.561	0.334
218	525.676	44.863	89.78	34.435	0.33
219	523.066	44.843	88.163	34.527	0.322
220	519.013	44.608	86.355	34.373	0.32
221	512.269	44.882	88.415	34.799	0.342
222	514.182	44.765	87.311	34.523	0.334
223	508.037	44.577	86.042	34.239	0.331
224	519.676	44.452	90.1	34.533	0.323
225	533.174	44.924	92.2	34.833	0.32
226	523.59	44.623	88.024	34.01	0.328
227	527.142	44.536	89.733	34.602	0.336
228	514.857	45.276	87.402	34.723	0.336
229	511.45	44.424	86.512	34.594	0.32
230	546.545	44.17	95.932	34.55	0.315
231	517.108	45.08	86.24	34.567	0.335
232	526.439	45.275	90.747	35.182	0.327
233	513.962	44.27	86.521	34.176	0.324
234	521.015	44.761	88.733	34.365	0.326
235	524.941	44.693	91.991	34.287	0.324
236	509.219	43.376	83.745	33.453	0.314
237	525.759	45.38	89.94	34.672	0.34
238	519.642	44.595	88.208	34.618	0.324
239	517.768	45.054	83.649	34.62	0.328
240	522.161	44.774	87.638	34.396	0.324
241	521.441	45.21	89.685	34.622	0.346
242	515.564	44.527	86.15	34.598	0.32
243	527.919	44.739	90.014	34.713	0.32
244	510.967	44.485	86.649	34.316	0.326
245	521.98	44.087	86.779	34.389	0.322
246	544.082	44.048	94.626	34.698	0.314
247	533.285	44.937	92.444	35.113	0.336
248	522.589	44.194	88.458	34.483	0.311
249	521.135	44.796	88.458	34.941	0.323
250	522.893	44.326	89.213	34.362	0.316
251	511.585	45.184	86.222	35.059	0.345
252	519.426	44.732	87.379	34.445	0.33
253	506.143	43.879	83.659	33.868	0.33
254	530.235	44.959	90.621	34.777	0.337
255	534.801	45.184	88.925	34.824	0.328
256	541.109	44.872	91.823	35.03	0.318
257	524.37	45.377	85.21	34.915	0.335
258	509.176	43.667	83.345	33.61	0.315
259	519.589	45.563	87.66	34.484	0.341
260	546.112	45.297	95.35	34.92	0.322
261	545.247	44.306	94.173	34.964	0.325
262	542.535	44.476	94.589	34.868	0.317
263	549.175	45.425	97.433	35.178	0.323
264	538.994	44.294	94.838	34.573	0.322
265	523.175	44.33	90.377	34.549	0.315
266	523.987	44.677	88.629	34.482	0.328
267	521.164	44.834	87.58	34.675	0.326
268	518.674	45.172	87.68	35.061	0.335
269	525.297	44.589	88.873	34.609	0.327
270	521.675	45.011	87.535	34.824	0.33
271	520.711	44.358	87.537	33.952	0.323
272	551.631	45.493	96.282	35.057	0.33
273	525.328	45.06	86.803	34.804	0.326
274	536.201	44.919	92.062	34.457	0.32
275	532.456	45.569	90.822	35.014	0.344
276	515.189	44.914	83.53	34.611	0.327
277	524.212	44.808	90.166	34.48	0.321
278	527.918	45.458	88.856	34.956	0.333
279	502.34	44.15	85.361	34.215	0.313
280	525.526	45.206	89.29	35.052	0.332
281	531.987	45.587	90.397	35.038	0.326
282	507.416	43.712	83.66	33.828	0.314
283	517.913	44.469	83.999	34.16	0.326
284	519.087	44.725	87.243	34.638	0.323
285	520.296	45.237	88.989	34.787	0.326
286	523.455	44.748	89.506	34.806	0.322
287	526.174	45.468	89.258	35.081	0.329
288	520.498	45.166	86.989	35.145	0.334
289	518.747	44.388	85.017	34.617	0.335
290	520.256	44.493	85.662	34.437	0.328
291	515.48	44.989	86.164	34.551	0.335
292	523.528	44.266	87.822	34.188	0.326
293	519.68	44.729	87.535	34.536	0.332
294	524.191	44.54	89.959	34.384	0.326
295	547.382	44.988	95.521	34.858	0.322
296	548.12	44.337	98.379	34.914	0.318
297	522.376	44.903	87.888	34.557	0.33
298	515.438	44.668	86.13	34.667	0.322
299	514.788	44.694	85.834	34.169	0.331
300	549.463	45.495	93.872	35.051	0.337
301	517.513	44.531	86.029	34.252	0.323
302	514.488	44.334	85.927	34.505	0.331
303	550.228	44.96	94.416	34.677	0.317
304	518.095	44.116	87.948	33.864	0.31
305	517.592	44.401	86.847	34.392	0.324
306	529.833	44.504	89.793	34.739	0.314
307	519.878	44.471	86.933	34.384	0.328
308	522.31	45.116	89.243	34.743	0.339
309	518.106	45.081	89.377	34.855	0.34
310	513.32	43.96	87.432	34.432	0.325
311	520.28	44.526	87.989	34.331	0.329
312	548.025	44.091	95.759	34.396	0.313
313	516.4	43.832	87.228	34.255	0.314
314	518.935	43.727	85.859	33.765	0.311
315	523.572	45.918	87.55	35.151	0.366
316	531.287	45.209	90.784	34.877	0.33
317	522.539	45.316	88.75	34.546	0.336
318	550.36	44.667	95.281	34.887	0.318
319	516.392	43.948	87.104	34.252	0.313
320	531.699	44.68	89.496	34.771	0.32
321	520.457	44.192	87.429	34.204	0.317
322	515.718	44.938	85.668	34.521	0.337
323	557.777	45.909	99.04	35.4	0.333
324	527.716	45.182	91.206	35.232	0.332
325	517.826	44.436	88.095	34.66	0.327
326	534.273	44.897	95.394	35.067	0.323
327	516.74	45.148	87.868	34.396	0.333
328	530.612	45.765	87.059	35.365	0.338
329	554.95	45.321	96.563	35.007	0.324
330	520.858	45.052	89.236	34.707	0.329
331	517.353	44.276	86.602	34.34	0.327
332	526.872	44.477	88.894	34.385	0.317
333	511.603	44.173	88.072	34.42	0.319
334	527.761	45.655	90.963	35.121	0.343
335	514.844	45.374	84.735	34.458	0.349
336	517.566	44.846	85.931	34.821	0.319
337	520.254	44.686	89.126	34.527	0.326
338	529.511	44.937	91.788	34.916	0.338
339	523.597	44.392	87.686	34.477	0.321
340	521.779	44.559	87.532	34.353	0.324
341	546.161	44.601	96.303	34.752	0.325
342	515.993	44.219	84.854	34.223	0.32
343	529.06	45.618	89.376	34.554	0.346
344	540.81	46.048	92.01	35.647	0.335
345	533.352	45.488	90.626	35.263	0.334
346	517.738	44.951	88.942	34.563	0.34
347	520.433	45.592	86.775	35.031	0.335
348	520.213	44.766	87.852	34.745	0.331
349	528.063	44.64	90.586	34.382	0.322
350	547.164	45.629	97.488	35.228	0.336
351	519.655	44.9	85.888	34.631	0.338
352	513.072	44.848	85.455	34.43	0.345
353	524.335	44.916	88.396	34.629	0.333
354	521.624	45.255	89.243	34.638	0.333
355	524.127	44.599	90.553	34.819	0.335
356	518.217	43.916	86.796	34.266	0.32
357	522.073	44.763	88.277	34.609	0.329
358	526.525	44.408	89.034	34.371	0.32
359	521.749	44.801	89.414	34.361	0.329
360	540.923	44.725	94.168	34.781	0.317
361	523.35	45.224	88.263	34.591	0.323
362	538.133	44.256	94.616	34.396	0.313
363	544.156	45.242	94.573	34.985	0.334
364	518.202	44.558	89.068	34.89	0.331
365	552.78	44.568	95.86	34.906	0.32
366	533.258	44.376	91.646	34.582	0.309
367	526.888	45.07	89.983	34.532	0.327
368	518.172	43.864	87.118	34.179	0.318
369	516.454	45.194	87.991	34.531	0.339
370	517.409	44.785	89.211	34.637	0.329
371	537.67	44.009	92.514	34.204	0.31
372	515.991	44.615	85.615	34.667	0.336
373	529.777	44.55	91.375	34.443	0.315
374	520.971	45.286	87.63	35.027	0.341
375	540.194	45.325	93.011	34.711	0.33
376	522.838	44.649	87.802	34.227	0.324
377	530.101	45.219	88.651	34.93	0.326
378	517.153	44.597	87.643	34.481	0.321
379	524.375	44.988	87.858	34.81	0.324
380	525.229	44.42	88.373	34.523	0.324
381	551.367	44.429	96.258	34.562	0.318
382	511.875	44.173	85.421	33.972	0.326
383	523.891	44.707	88.415	34.806	0.33
384	517.704	44.532	86.933	34.502	0.336
385	558.219	45.607	97.1	35.196	0.335
386	561.192	45.079	99.282	35.034	0.325
387	513.939	44.418	85.402	34.308	0.325
388	529.362	44.817	88.372	34.604	0.333
389	519.687	44.999	88.199	34.927	0.335
390	508.213	44.251	83.362	34.411	0.332
391	514.944	44.858	87.501	34.654	0.331
392	517.809	44.393	88.464	34.28	0.325
393	526.899	44.944	88.311	34.464	0.33
394	511.758	43.895	87.343	34.038	0.313
395	516.986	44.616	87.75	34.409	0.333
396	510.685	44.776	86.204	34.646	0.33
397	524.812	45.553	89.201	34.85	0.331
398	532.708	44.807	91.005	34.757	0.323
399	521.764	44.53	86.973	34.141	0.326
400	528.618	44.436	90.104	34.654	0.327
401	521.941	45.059	84.495	34.553	0.338
402	542.067	44.882	92.876	34.867	0.328
403	528.056	43.933	89.104	34.34	0.318
404	522.467	44.856	89.512	34.792	0.331
405	554.421	44.559	96.214	34.704	0.306
406	518.165	45.203	87.604	34.711	0.335
407	538.368	45.5	93.538	35.262	0.33
408	530.822	45.013	87.5	34.875	0.337
409	512.92	44.777	87.846	34.146	0.325
410	516.044	44.893	84.903	34.619	0.339
411	537.503	43.927	91.615	34.506	0.319
412	520.645	44.507	90.046	34.27	0.322
413	514.554	44.283	86.87	34.365	0.322
414	517.833	44.391	89.414	34.234	0.319
415	529.667	44.385	89.871	34.388	0.321
416	515.007	44.696	88.165	34.481	0.325
417	519.961	45.035	87.787	34.761	0.325
418	521.718	44.76	87.954	34.547	0.332
419	532.8	44.269	91.108	34.89	0.311
420	545.603	44.206	95.269	34.702	0.308
421	520.212	44.734	88.173	34.4	0.327
422	518.16	44.997	86.029	34.768	0.327
423	542.648	45.583	94.397	35.529	0.338
424	520.398	44.123	86.945	34.3	0.322
425	506.743	44.35	85.351	34.029	0.336
426	528.15	45.385	89.36	34.658	0.329
427	529.127	45.207	86.869	34.815	0.321
428	513.277	44.925	87.484	34.79	0.328
429	508.825	44.067	83.66	34.002	0.32
430	519.496	44.33	87.779	34.561	0.327
431	506.646	43.933	83.803	34.133	0.326
432	525.168	44.923	88.511	34.636	0.333
433	521.03	44.639	87.715	34.348	0.329
434	514.604	44.92	86.912	34.573	0.335
435	519.279	44.38	86.385	34.061	0.315
436	528.288	44.416	89.711	34.621	0.312
437	520.334	45.513	88.689	35.021	0.335
438	543.744	44.844	95.288	34.713	0.314
439	522.4	44.671	87.045	34.405	0.318
440	508.336	44.324	85.177	34.396	0.322
441	527.499	44.713	91.728	34.749	0.323
442	533.768	45.019	91.862	34.758	0.336
443	514.99	44.275	86.102	34.278	0.319
444	519.966	43.984	87.606	33.799	0.315
445	511.37	44.367	84.536	34.155	0.326
446	523.169	44.077	89.364	34.316	0.326
447	514.851	44.956	87.432	34.402	0.333
448	520.605	44.61	87.592	34.947	0.326
449	523.153	44.42	91.308	34.535	0.323
450	512.745	44.68	83.613	33.955	0.327
451	516.928	44.595	88.97	34.535	0.326
452	518.115	44.655	85.803	34.232	0.322
453	523.33	46.275	90.005	35.405	0.354
454	526.607	44.272	89.322	34.293	0.316
455	528.792	44.062	89.991	34.722	0.317
456	510.065	44.302	88.405	34.296	0.32
457	516.309	44.612	88.468	34.598	0.323
458	528.748	45.713	91.429	35.251	0.339
459	521.3	44.877	84.727	33.99	0.332
460	527.007	44.091	88.133	34.614	0.315
461	513.347	44.66	85.326	34.415	0.326
462	515.48	44.477	85.899	34.235	0.327
463	538.504	43.882	96.547	34.115	0.305
464	555.331	45.737	96.495	35.39	0.328
465	522.785	44.782	90.479	34.353	0.326
466	521.838	45.089	89.663	34.564	0.335
467	516.783	44.727	87.682	34.862	0.338
468	521.862	44.106	87.248	34.378	0.318
469	515.749	44.973	88.462	34.714	0.337
470	547.332	45.607	96.749	35.477	0.326
471	542.016	44.584	96.713	34.642	0.314
472	525.994	44.528	90.872	34.565	0.326
473	549.7	44.125	94.807	34.338	0.311
474	528.571	44.874	90.292	34.525	0.336
475	512.284	45.307	87.581	34.839	0.343
476	515.362	44.77	87.926	34.776	0.33
477	509.811	44.062	82.878	33.951	0.32
478	545.556	44.794	96.012	35.089	0.317
479	517.158	44.961	88.341	34.189	0.325
480	512.668	45.041	85.475	34.56	0.338
481	521.327	43.821	87.905	34.041	0.321
482	524.554	44.658	88.376	34.648	0.33
483	531.236	44.673	93.079	34.652	0.325
484	541.729	44.616	94.825	34.371	0.325
485	513.951	44.589	87.551	34.404	0.334
486	515.257	44.693	87.476	34.794	0.326
487	534.046	44.683	93.27	35.16	0.323
488	533.015	44.942	89.856	34.677	0.327
489	538.835	44.671	94.368	34.98	0.321
490	521.561	44.638	90.069	34.519	0.323
491	519.174	44.822	87.477	34.513	0.334
492	550.216	44.526	95.191	34.36	0.327
493	523.592	44.658	86.632	34.614	0.322
494	513.788	45.434	85.651	34.986	0.344
495	524.321	45.091	89.311	34.697	0.335
496	556.194	45.341	96.712	34.957	0.325
497	517.636	45.128	85.485	34.671	0.329
498	546.899	44.635	94.528	34.685	0.306
499	518.766	44.012	87.845	34.333	0.32
500	522.62	44.748	87.65	34.266	0.341
501	505.932	44.334	85.549	34.286	0.32
502	520.899	45.357	89.128	34.873	0.33
503	518.752	44.779	85.24	34.553	0.329
504	525.092	44.584	87.617	34.856	0.326
505	524.944	44.606	90.848	34.487	0.325
506	520.501	44.961	89.058	34.191	0.327
507	516.162	44.555	86.784	34.332	0.319
508	522.449	43.557	86.867	33.768	0.309
509	518.113	45.294	89.43	34.547	0.331
510	520.643	44.881	88.582	34.299	0.329
511	547.502	44.762	93.022	34.722	0.31
512	528.445	44.564	90.099	34.769	0.325
513	523.154	45.448	90.817	35.212	0.339
514	520.169	44.778	88.726	34.688	0.328
515	545.4	44.559	97.033	34.79	0.315
516	546.546	44.431	95.517	34.993	0.312
517	522.926	44.254	88.627	35.091	0.316
518	521.421	44.995	88.232	34.626	0.329
519	529.472	45.41	90.925	34.782	0.334
520	521.035	45.373	87.069	34.349	0.337
521	515.052	44.787	89.295	34.236	0.333
522	513.57	45.053	87.743	34.541	0.329
523	547.126	44.705	98.787	34.924	0.327
524	538.99	44.088	93.386	34.317	0.313
525	517.635	44.402	88.528	34.829	0.326
526	545.529	44.527	95.72	34.833	0.324
527	515.691	44.455	86.451	34.267	0.323
528	526.104	44.408	87.093	34.417	0.324
529	521.488	44.945	87.84	34.679	0.338
530	512.427	44.825	86.135	34.455	0.334
531	517.209	44.807	86.19	34.48	0.334
532	523.497	44.97	89.286	34.703	0.323
533	524.292	44.229	90.226	34.539	0.306
534	527.461	44.819	89.268	34.628	0.328
535	517.638	44.099	88.41	33.813	0.323
536	508.708	44.63	84.234	34.238	0.325
537	545.652	44.263	96.022	34.336	0.315
538	518.673	45.446	88.309	35.294	0.346
539	518.638	44.653	87.278	34.654	0.328
540	517.578	45.424	85.573	34.674	0.333
541	521.412	44.586	86.632	34.444	0.325
542	515.077	44.572	86.972	34.647	0.328
543	518.76	44.832	89.486	34.693	0.333
544	520.543	44.785	88.329	34.588	0.325
545	519.328	44.641	88.265	34.493	0.321
546	523.304	44.749	90.549	34.968	0.337
547	524.798	44.73	90.99	34.595	0.329
548	550.906	45.316	95.851	34.792	0.335
549	555.859	44.439	96.782	34.584	0.311
550	536.878	44.319	96.557	34.663	0.319
551	547.171	44.848	95.438	35.074	0.327
552	512.528	44.727	88.383	35.068	0.33
553	522.219	45.302	87.599	35.095	0.339
554	532.101	44.043	89.19	33.943	0.319
555	522.858	45.052	87.816	34.668	0.333
556	532.932	44.49	93.544	34.433	0.322
557	515.985	44.491	88.012	34.582	0.324
558	519.112	45.183	87.167	34.615	0.336
559	504.3	44.163	81.035	33.909	0.322
560	527.715	45.303	88.895	34.97	0.332
561	521.136	44.29	90.205	34.374	0.316
562	526.19	45.898	91.422	35.217	0.348
563	526.474	45.664	90.835	35.371	0.355
564	519.786	43.855	89.158	34.044	0.313
565	514.66	44.549	85.392	33.979	0.331
566	526.367	45.127	88.151	34.723	0.325
567	521.684	44.78	88.015	35.115	0.327
568	530.183	45.699	92.517	35.639	0.343
569	519.453	45.181	86.864	34.77	0.322
570	519.957	44.563	86.278	34.217	0.324
571	521.488	45.158	88.167	35.095	0.341
572	509.948	45.716	84.859	34.831	0.35
573	526.071	44.705	89.364	34.87	0.322
574	552.793	44.911	95.782	34.751	0.317
575	520.022	43.617	87.282	34.249	0.316
576	523.664	44.109	85.899	34.048	0.326
577	519.995	44.591	88.593	34.422	0.317
578	520.119	45.095	87.161	34.569	0.334
579	546.327	45.11	95.457	34.958	0.329
580	512.252	43.921	85.413	33.913	0.313
581	513.839	44.374	89.147	34.195	0.322
582	517.059	44.578	86.569	34.282	0.329
583	538.961	45.508	94.117	35.164	0.337
584	534.707	44.972	93.528	35.393	0.308
585	522.851	44.105	90.29	34.226	0.321
586	522.62	45.196	88.539	34.591	0.337
587	519.116	45.007	86.436	34.673	0.332
588	526.777	45.171	89.566	34.817	0.334
589	521.879	45.045	86.967	34.793	0.331
590	508.96	44.326	85.022	34.13	0.33
591	541.132	44.974	93.485	34.723	0.324
592	522.658	44.429	87.481	34.558	0.331
593	514.346	43.798	85.914	33.839	0.317
594	526.221	43.738	90.807	33.893	0.32
595	550.122	45.359	98.585	35.106	0.32
596	524.271	45.143	88.239	34.899	0.331
597	515.74	44.414	85.552	34.641	0.316
598	516.7	45.512	87.307	35.032	0.342
599	556.232	44.995	98.91	34.806	0.318
600	529.88	45.174	90.623	34.976	0.336
601	542.445	44.756	92.769	34.919	0.318
602	512.906	45.398	86.761	34.6	0.341
603	517.717	44.913	83.641	34.962	0.334
604	519.065	44.363	88.65	34.432	0.321
605	520.792	44.259	84.803	34.414	0.33
606	516.354	44.377	88.846	34.496	0.32
607	537.471	45.493	93.362	35.234	0.342
608	516.876	44.513	85.27	34.571	0.325
609	516.91	44.139	86.407	34.068	0.317
610	516.82	44.755	85.506	34.645	0.326
611	518.516	44.803	89.13	34.783	0.326
612	526.922	44.682	90.944	34.86	0.33
613	532.189	45.147	88.465	34.597	0.327
614	511.549	44.219	84.941	33.753	0.322
615	525.866	44.391	89.606	34.621	0.318
616	527.05	44.642	87.871	34.43	0.321
617	511.245	43.812	86.102	34.03	0.318
618	539.973	44.929	93.616	34.717	0.326
619	529.347	45.197	92.591	34.989	0.331
620	517.659	44.738	86.789	34.396	0.318
621	523.185	44.926	89.556	35.09	0.329
622	545.767	45.108	95.671	34.836	0.319
623	514.736	44.988	85.099	34.413	0.335
624	520.872	44.742	88.217	34.901	0.333
625	514.158	45.016	87.265	34.596	0.333
626	525.679	44.642	90.37	34.347	0.32
627	544.965	43.936	96.443	34.244	0.306
628	520.681	44.573	90.764	34.696	0.326
629	548.768	44.372	98.279	34.783	0.319
630	523.778	44.962	86.414	34.734	0.336
631	517.343	44.583	84.986	34.509	0.327
632	509.174	43.91	84.94	33.961	0.324
633	517.333	45.16	88.181	34.366	0.342
634	512.478	45.525	83.317	34.66	0.341
635	515.656	44.414	83.59	34.025	0.33
636	516.173	44.126	90.275	34.199	0.321
637	516.523	44.473	87.799	34.5	0.334
638	530.225	45.579	91.72	35.02	0.335
639	544.966	45.889	94.633	35.218	0.339
640	519.873	44.813	87.262	34.581	0.328
641	520.489	45.296	88.644	35.131	0.334
642	516.585	43.776	85.61	34.582	0.313
643	519.512	44.682	88.947	34.212	0.33
644	541.237	44.508	95.664	34.567	0.314
645	523.117	45.159	90.372	34.668	0.334
646	527.786	44.979	89.692	34.843	0.32
647	529.593	44.495	87.952	34.466	0.325
648	517.579	44.314	83.755	34.297	0.329
649	508.895	44.881	84.717	34.758	0.334
650	514.457	43.958	90.083	34.538	0.323
651	513.289	44.45	84.012	34.682	0.327
652	528.08	44.765	89.035	34.539	0.324
653	510.946	44.108	85.274	34.351	0.327
654	521.99	44.857	84.119	34.622	0.33
655	512.307	44.091	88.677	34.335	0.314
656	537.641	45.312	91.679	34.916	0.339
657	515.146	44.544	86.864	34.292	0.332
658	525.842	45.107	89.582	34.684	0.33
659	537.788	44.98	93.7	34.758	0.322
660	524.374	44.527	89.625	34.604	0.321
661	514.846	45.21	88.366	34.928	0.338
662	527.042	45.895	87.567	35.364	0.342
663	525.473	44.218	91.667	34.181	0.312
664	515.091	44.771	87.302	34.632	0.334
665	521.573	44.475	88.644	34.84	0.323
666	529.17	45.012	89.176	34.653	0.333
667	525.007	44.654	88.736	34.895	0.321
668	513.278	44.451	84.498	34.363	0.323
669	523.773	44.945	88.913	34.795	0.33
670	515.02	44.32	86.068	34.167	0.329
671	537.045	44.853	91.169	34.479	0.324
672	553.954	45.159	96.357	35.221	0.327
673	531.562	45.123	88.482	34.355	0.317
674	518.928	44.562	88.725	33.94	0.321
675	527.634	45.224	89.283	34.87	0.327
676	516.136	45.026	88.627	34.775	0.334
677	529.347	44.467	88.499	34.267	0.32
678	521.971	44.383	88.654	34.384	0.329
679	532.77	45.006	93.148	34.79	0.318
680	521.114	44.774	88.518	34.595	0.333
681	530.11	44.394	89.375	34.523	0.311
682	519.3	44.772	83.74	34.801	0.326
683	509.634	44.104	85.009	34.339	0.325
684	511.04	44.228	87.793	34.091	0.326
685	522.715	44.71	87.466	34.763	0.327
686	519.869	45.046	86.656	34.527	0.338
687	514.187	44.637	86.019	34.619	0.335
688	519.575	44.216	87.052	34.637	0.322
689	522.937	44.827	87.843	34.513	0.335
690	514.394	44.396	84.915	34.301	0.322
691	514.027	44.558	86.162	34.653	0.325
692	532.875	45.409	91.764	35.267	0.334
693	529.708	44.822	90.308	34.729	0.332
694	515.25	44.34	87.484	34.417	0.315
695	519.613	45.089	89.133	35.121	0.338
696	520.722	44.893	87.9	34.724	0.334
697	522.239	44.029	86.257	34.14	0.317
698	524.199	45.135	88.182	34.81	0.328
699	519.061	44.892	87.821	34.171	0.335
700	526.947	45.331	87.933	35.199	0.339
701	528.983	44.878	90.717	34.882	0.327
702	526.508	45.13	87.468	35.113	0.334
703	521.557	44.886	87.261	34.302	0.327
704	518.271	45.249	86.42	34.764	0.332
705	519.442	44.735	89.793	34.507	0.323
706	521.961	44.628	88.6	34.759	0.317
707	511.842	44.153	88.142	34.712	0.325
708	513.894	43.83	87.927	34.448	0.319
709	545.988	44.216	96.995	34.597	0.314
710	540.185	44.548	94.375	34.574	0.318
711	519.841	44.431	87.657	34.525	0.327
712	517.036	44.488	87.932	34.613	0.328
713	519.182	44.696	89.43	34.792	0.318
714	526.326	44.904	89.612	34.67	0.328
715	523.282	44.524	87.191	34.552	0.321
716	522.367	45.265	87.767	34.637	0.332
717	524.115	44.923	90.519	34.418	0.323
718	503.524	44.428	79.964	34.294	0.33
719	524.746	45.236	89.361	34.448	0.335
720	549.985	45.233	95.544	34.714	0.33
721	525.496	44.413	90.422	34.43	0.327
722	519.25	45.359	83.648	34.616	0.332
723	524.859	44.554	88.398	34.73	0.329
724	516.27	45.424	86.879	34.785	0.343
725	519.649	44.62	89.592	34.302	0.323
726	525.436	44.758	90.261	34.788	0.322
727	528.323	45.047	88.568	34.917	0.331
728	522.129	45.227	87.873	34.882	0.331
729	528.27	44.728	91.73	34.268	0.325
730	509.665	44.822	86.417	34.442	0.336
731	529.305	44.042	88.508	33.997	0.319
732	512.878	44.16	85.163	34.149	0.323
733	523.604	45.321	87.49	35.061	0.339
734	529.096	45.366	92.053	34.904	0.335
735	524.201	44.904	88.128	34.672	0.326
736	517.044	43.935	88.38	34.333	0.318
737	523.131	44.997	86.36	34.844	0.324
738	519.638	45.85	90.557	35.284	0.346
739	523.94	45.652	88.179	34.654	0.35
740	518.921	44.716	85.415	35.224	0.336
741	517.347	43.703	86.37	33.704	0.306
742	518.09	44.526	84.693	34.355	0.325
743	511.299	44.732	86.832	34.223	0.345
744	533.809	45.242	92.17	35.187	0.337
745	517.563	44.567	87.118	34.455	0.325
746	520.015	44.524	89.709	34.386	0.329
747	511.638	44.6	87.696	34.438	0.334
748	522.595	44.303	86.2	34.44	0.328
749	518.213	44.304	89.254	34.258	0.328
750	523.806	44.865	88.034	34.898	0.331
751	522.004	45.061	88.932	34.849	0.327
752	529.996	44.361	90.187	34.471	0.32
753	511.283	44.852	83.497	34.59	0.329
754	514.349	44.752	85.912	34.469	0.335
755	517.476	44.205	87.508	34.372	0.324
756	529.74	45.015	90.045	34.767	0.331
757	519.243	45.053	87.049	34.708	0.335
758	519.563	44.68	86.052	34.73	0.337
759	527.322	44.471	92.933	34.62	0.326
760	517.549	44.757	87.928	34.279	0.335
761	529.471	45.016	92.144	34.753	0.333
762	521.623	44.634	89.041	34.498	0.315
763	519.269	45.076	87.712	34.843	0.335
764	514.42	45.166	84.499	34.947	0.331
765	526.741	45.743	90.372	35.255	0.331
766	547.167	45.05	94.716	35.111	0.324
767	535.973	44.408	91.409	34.409	0.313
768	521.846	44.167	87.35	34.776	0.317
769	514.209	44.16	87.52	34.264	0.327
770	523.202	45.429	88.623	34.914	0.336
771	517.681	44.544	89.444	34.82	0.327
772	525.659	45.549	88.15	35.037	0.344
773	517.38	44.295	85.143	34.153	0.323
774	524.385	44.618	88.064	34.329	0.333
775	515.739	44.537	87.757	34.636	0.325
776	520.776	44.494	88.39	34.747	0.329
777	517.14	45.034	86.259	34.231	0.336
778	518.35	44.297	85.822	34.308	0.329
779	524.65	44.611	87.954	34.371	0.334
780	530.154	45.065	89.596	34.537	0.335
781	525.004	45.186	85.935	34.445	0.332
782	524.921	44.377	88.491	34.631	0.327
783	554.159	44.722	98.093	34.686	0.315
784	531.909	45.984	90.932	35.202	0.344
785	527.523	44.597	88.876	35.055	0.328
786	518.919	44.258	89.776	34.508	0.328
787	535.036	44.519	94.309	34.926	0.324
788	533.568	44.219	89.411	34.637	0.311
789	524.579	44.734	88.765	34.379	0.329
790	529.096	44.999	88.052	34.849	0.316
791	517.388	44.779	88.817	35.007	0.328
792	513.243	44.934	87.473	34.785	0.33
793	509.798	43.878	84.237	34.128	0.325
794	520.482	45.399	87.08	34.629	0.335
795	545.697	44.62	95.263	34.544	0.321
796	556.092	44.928	98.059	35.255	0.327
797	518.18	44.189	89.265	34.334	0.318
798	516.933	44.864	88.702	34.442	0.335
799	518.636	44.013	88.118	34.124	0.32
800	517.183	44.283	87.651	34.255	0.327
801	521.249	44.084	90.762	34.424	0.311
802	531.509	44.658	91.443	35.008	0.316
803	519.807	44.424	86.857	33.939	0.324
804	502.285	43.635	85.159	33.924	0.325
805	518.397	44.325	87.765	34.52	0.327
806	509.967	44.635	89.191	34.76	0.329
807	517.652	45.009	87.391	34.819	0.335
808	517.533	44.405	86.033	34.126	0.323
809	513.991	44.674	86.804	34.642	0.324
810	528.594	44.938	90.478	34.994	0.323
811	553.469	45.555	95.835	34.898	0.323
812	518.891	44.588	87.075	34.47	0.32
813	510.882	44.773	84.736	34.55	0.335
814	515.373	44.514	86.542	34.121	0.322
815	519.879	44.626	87.624	34.322	0.322
816	521.489	45.018	88.829	34.515	0.328
817	519.944	44.696	88.096	34.469	0.325
818	511.919	44.798	87.628	34.362	0.324
819	523.763	44.06	89.624	34.623	0.318
820	523.27	44.036	90.421	34.324	0.322
821	526.724	44.934	90.106	34.633	0.322
822	527.972	45.379	91.185	34.716	0.342
823	516.812	44.196	87.378	34.425	0.316
824	510.369	44.973	85.598	34.665	0.333
825	522.902	45.309	87.831	34.863	0.344
826	528.298	44.499	89.488	34.651	0.314
827	511.166	44.464	84.434	34.335	0.329
828	524.264	44.985	89.099	34.808	0.334
829	515.884	44.746	86.099	34.452	0.331
830	523.643	44.059	87.707	34.204	0.323
831	530.092	45.363	90.377	34.822	0.331
832	531.746	44.245	91.21	34.316	0.321
833	551.296	44.586	97.248	34.72	0.314
834	513.49	44.646	85.161	34.286	0.33
835	550.767	45.983	93.341	35.282	0.345
836	522.217	44.659	88.026	34.74	0.338
837	522.618	44.021	87.964	34.463	0.319
838	515.665	44.806	87.153	34.619	0.329
839	519.884	43.808	87.921	34.419	0.309
840	531.493	45.2	92.006	34.906	0.329
841	532.243	44.969	89.203	34.905	0.323
842	528.057	44.357	90.789	34.398	0.314
843	521.874	44.949	87.948	35.016	0.342
844	525.167	45.62	90.2	35.143	0.337
845	515.765	44.852	89.004	34.107	0.329
846	517.168	44.46	87.356	34.487	0.331
847	517.639	44.785	87.761	34.101	0.324
848	533.694	43.971	93.416	34.319	0.303
849	526.564	44.412	92.425	34.745	0.329
850	531.03	44.874	91.283	34.862	0.327
851	515.124	44.894	87.258	34.561	0.336
852	521.049	45.127	91.105	34.664	0.325
853	534.53	45.044	91.248	35.043	0.324
854	519.25	45.271	88.48	34.661	0.336
855	530.309	45.161	90.915	35.064	0.329
856	521.962	44.667	88.606	34.7	0.323
857	521.012	44.814	87.09	34.569	0.321
858	519.376	45.0	86.809	34.917	0.329
859	521.685	44.596	90.899	34.693	0.335
860	527.628	45.302	90.433	34.653	0.341
861	510.468	45.273	87.152	34.885	0.336
862	511.443	44.027	83.26	34.306	0.319
863	539.335	45.123	94.621	35.244	0.331
864	528.796	45.082	90.77	34.969	0.322
865	522.227	44.897	87.489	34.49	0.325
866	526.85	45.711	89.604	35.408	0.345
867	518.186	44.458	85.851	34.441	0.325
868	523.146	45.513	89.173	34.517	0.334
869	528.998	45.284	89.464	34.78	0.332
870	521.442	45.75	84.311	34.893	0.338
871	520.075	44.703	84.241	34.608	0.339
872	526.792	44.757	89.485	34.719	0.325
873	529.452	45.108	91.685	34.982	0.336
874	541.338	43.446	93.536	33.896	0.304
875	515.396	44.222	85.599	34.182	0.316
876	559.768	44.871	99.817	34.963	0.313
877	533.215	45.538	88.874	35.023	0.332
878	513.967	45.313	86.321	34.865	0.341
879	512.389	44.73	88.366	34.573	0.333
880	514.341	44.778	84.341	34.23	0.329
881	523.436	44.796	88.185	34.605	0.334
882	512.279	43.984	87.995	34.161	0.325
883	540.654	44.79	93.473	35.02	0.326
884	527.562	44.371	87.986	34.047	0.319
885	515.817	44.811	87.508	34.395	0.329
886	532.62	44.786	91.888	35.196	0.323
887	548.076	45.449	95.533	35.252	0.332
888	515.877	44.495	86.744	34.331	0.329
889	513.55	44.378	84.143	34.456	0.327
890	513.904	44.833	87.234	34.816	0.334
891	518.048	44.256	86.005	34.405	0.325
892	516.7	44.978	87.538	34.699	0.335
893	514.009	44.596	85.327	34.536	0.33
894	509.73	44.905	85.412	34.652	0.329
895	529.625	44.852	88.64	34.468	0.322
896	515.049	44.889	89.466	34.891	0.335
897	523.717	44.197	88.02	34.657	0.315
898	518.177	44.403	88.539	34.216	0.329
899	510.841	44.626	86.23	34.722	0.328
900	514.022	44.536	88.143	34.81	0.333
901	537.233	44.625	90.732	34.8	0.316
902	518.627	44.226	88.204	34.539	0.324
903	514.349	44.756	83.496	34.337	0.324
904	508.937	43.938	86.673	34.106	0.312
905	513.51	44.901	85.262	34.639	0.327
906	523.035	45.251	88.876	35.181	0.339
907	515.403	44.025	89.798	33.971	0.325
908	560.219	45.294	98.212	35.106	0.323
909	514.532	44.257	82.424	34.362	0.318
910	516.481	44.401	85.642	34.308	0.327
911	517.561	44.891	87.406	34.859	0.33
912	543.318	45.342	94.475	34.572	0.323
913	524.37	44.884	90.767	34.549	0.325
914	530.713	44.489	92.405	34.692	0.317
915	527.63	44.804	88.421	35.013	0.324
916	530.919	44.067	90.49	33.886	0.314
917	508.494	44.455	81.567	34.904	0.32
918	519.174	44.723	88.748	34.673	0.322
919	527.141	45.79	90.706	35.167	0.338
920	520.271	45.24	86.85	34.888	0.334
921	529.718	44.726	91.163	34.497	0.327
922	524.587	44.673	88.463	34.629	0.325
923	531.923	44.962	94.028	34.659	0.319
924	547.062	44.305	95.53	34.759	0.321
925	522.551	44.983	90.782	34.794	0.338
926	525.512	45.167	89.641	35.054	0.339
927	517.49	44.206	88.407	34.531	0.323
928	541.917	44.687	95.762	34.746	0.317
929	533.499	45.296	93.806	35.607	0.334
930	527.76	44.946	90.495	34.308	0.332
931	529.838	45.195	89.968	34.835	0.318
932	522.61	44.828	89.696	34.621	0.327
933	527.283	45.552	89.601	34.996	0.334
934	525.571	45.085	87.785	34.716	0.325
935	540.403	45.313	96.108	34.875	0.327
936	534.425	45.608	90.151	35.057	0.337
937	529.432	44.899	91.368	35.063	0.332
938	543.11	45.15	95.239	35.01	0.326
939	518.898	44.624	87.248	34.821	0.319
940	535.347	45.654	92.109	35.112	0.334
941	514.239	44.096	85.736	34.124	0.321
942	521.151	44.661	89.903	34.485	0.328
943	525.83	44.386	88.801	34.506	0.321
944	518.952	45.144	87.566	34.513	0.333
945	524.991	44.651	90.423	34.731	0.329
946	544.606	45.058	92.265	34.895	0.332
947	547.427	45.461	96.723	35.025	0.335
948	522.928	45.142	88.618	34.759	0.333
949	517.939	44.767	86.474	34.608	0.333
950	518.4	44.443	87.677	34.524	0.325
951	546.142	44.299	95.252	34.626	0.315
952	519.474	44.112	87.076	34.298	0.319
953	519.747	44.42	87.335	34.145	0.328
954	529.171	45.353	89.294	34.805	0.337
955	528.518	44.26	91.865	34.568	0.312
956	528.266	44.856	87.657	34.231	0.33
957	513.39	44.267	88.485	34.131	0.326
958	542.086	44.833	96.03	34.925	0.327
959	518.256	44.429	86.391	34.742	0.32
960	528.886	44.752	90.064	34.993	0.326
961	524.36	44.899	88.401	34.689	0.327
962	532.312	45.158	91.684	34.798	0.341
963	525.794	44.308	90.081	34.623	0.319
964	552.603	45.463	95.127	35.126	0.328
965	527.726	44.798	90.174	34.663	0.329
966	526.356	45.153	88.848	34.806	0.33
967	521.91	44.837	89.146	34.886	0.326
968	524.667	45.047	85.807	34.947	0.332
969	521.177	44.78	88.526	35.001	0.335
970	518.232	44.808	89.097	34.906	0.331
971	507.671	44.453	87.405	34.532	0.32
972	517.24	44.825	87.387	34.667	0.337
973	533.473	45.721	94.191	35.384	0.334
974	546.942	44.493	96.11	34.548	0.318
975	521.659	44.518	89.699	34.533	0.32
976	523.912	44.696	89.376	34.768	0.323
977	525.115	45.007	89.222	34.616	0.327
978	541.293	44.806	93.552	34.412	0.329
979	555.94	44.273	97.478	34.73	0.315
980	524.662	45.424	89.222	34.792	0.331
981	525.474	45.199	91.593	35.395	0.329
982	513.544	44.69	88.059	34.418	0.326
983	521.569	45.12	87.326	34.657	0.335
984	523.048	44.805	88.997	34.912	0.318
985	518.309	44.239	86.471	34.211	0.327
986	522.39	44.34	90.715	34.318	0.322
987	528.013	44.681	88.922	34.895	0.327
988	518.061	45.04	88.77	34.85	0.333
989	522.499	44.955	88.891	34.477	0.329
990	517.863	44.992	87.924	34.745	0.334
991	541.006	44.714	97.492	35.012	0.327
992	527.218	44.545	88.468	34.779	0.323
993	517.456	44.732	87.179	34.386	0.325
994	526.85	44.97	89.573	34.579	0.324
995	524.516	45.422	90.057	34.889	0.33
996	526.019	43.988	89.002	34.579	0.317
997	521.662	45.016	89.392	34.509	0.332
998	525.454	45.34	90.336	34.764	0.339
999	517.119	45.144	88.008	34.608	0.329
1000	507.832	44.5	86.509	34.224	0.318
