Iteration	L1	L1 %	L2	L2 %	KL Divergence
1	85.17	7.559	23.214	3.547	0.028
2	85.616	7.631	23.061	3.594	0.028
3	88.603	7.809	25.054	3.756	0.027
4	79.658	7.06	19.513	2.984	0.028
5	86.059	7.641	23.338	3.56	0.027
6	86.52	7.778	24.037	3.719	0.028
7	82.109	7.314	20.786	3.154	0.029
8	83.314	7.383	21.993	3.325	0.028
9	85.218	7.644	21.971	3.438	0.029
10	80.543	7.124	21.055	3.182	0.027
11	78.784	6.867	19.867	2.919	0.027
12	84.093	7.484	23.005	3.496	0.027
13	85.067	7.622	22.18	3.436	0.028
14	78.928	6.998	19.743	3.008	0.028
15	88.923	8.012	25.007	3.923	0.028
16	85.479	7.722	23.66	3.686	0.028
17	84.42	7.512	23.114	3.53	0.027
18	86.469	7.578	22.671	3.416	0.028
19	83.873	7.33	21.378	3.198	0.027
20	84.29	7.379	21.658	3.247	0.028
21	81.84	7.242	21.51	3.245	0.028
22	84.207	7.465	21.972	3.367	0.028
23	79.107	6.999	20.325	3.105	0.027
24	83.883	7.493	21.117	3.241	0.03
25	83.581	7.504	21.217	3.32	0.029
26	86.036	7.578	22.887	3.409	0.028
27	87.506	7.695	23.707	3.529	0.028
28	87.909	7.707	23.596	3.528	0.028
29	84.69	7.506	23.564	3.526	0.027
30	84.747	7.686	23.25	3.66	0.029
31	83.419	7.359	22.558	3.315	0.027
32	80.803	7.125	21.425	3.204	0.027
33	83.873	7.497	22.175	3.439	0.028
34	84.689	7.623	22.951	3.574	0.029
35	79.902	7.096	20.258	3.113	0.027
36	81.831	7.315	21.448	3.364	0.027
37	82.474	7.409	21.819	3.404	0.027
38	82.568	7.471	21.431	3.386	0.028
39	84.968	7.68	23.488	3.583	0.028
40	84.413	7.389	22.796	3.376	0.027
41	81.982	7.292	20.343	3.095	0.029
42	82.988	7.459	21.895	3.339	0.028
43	82.228	7.382	21.796	3.404	0.028
44	81.867	7.338	21.014	3.26	0.027
45	89.534	8.052	24.433	3.805	0.03
46	79.007	6.977	20.333	3.043	0.027
47	84.361	7.526	23.309	3.585	0.027
48	83.963	7.43	22.229	3.344	0.028
49	86.0	7.782	23.351	3.697	0.029
50	82.757	7.424	21.985	3.356	0.027
51	82.711	7.367	21.549	3.329	0.027
52	80.392	7.264	19.569	3.073	0.029
53	80.53	7.194	20.981	3.251	0.027
54	85.392	7.518	22.483	3.366	0.029
55	86.697	7.714	23.127	3.538	0.028
56	81.243	7.38	21.116	3.336	0.028
57	82.657	7.407	20.975	3.318	0.028
58	83.136	7.569	21.362	3.469	0.029
59	78.973	7.043	19.911	3.034	0.029
60	79.288	7.099	19.696	3.038	0.028
61	77.062	6.942	19.197	2.996	0.027
62	81.864	7.411	21.494	3.363	0.028
63	85.23	7.589	22.709	3.459	0.028
64	78.431	6.981	20.012	3.056	0.027
65	85.077	7.608	22.991	3.578	0.028
66	81.477	7.231	21.126	3.231	0.027
67	76.063	6.709	19.04	2.891	0.026
68	87.682	7.779	23.652	3.597	0.028
69	79.664	7.058	19.842	3.01	0.028
70	85.806	7.591	21.943	3.366	0.029
71	85.112	7.633	22.29	3.457	0.029
72	87.976	7.877	24.131	3.779	0.028
73	84.482	7.474	22.877	3.419	0.028
74	78.676	7.004	19.432	2.962	0.028
75	79.747	7.035	20.513	3.079	0.026
76	80.861	7.18	20.018	3.086	0.028
77	83.746	7.495	21.331	3.289	0.029
78	74.377	6.657	17.563	2.698	0.027
79	86.006	7.677	23.329	3.617	0.028
80	83.316	7.386	22.349	3.375	0.028
81	84.066	7.612	22.592	3.519	0.029
82	88.03	7.931	23.903	3.71	0.029
83	89.686	7.876	24.384	3.63	0.028
84	90.34	7.944	25.427	3.805	0.028
85	82.091	7.32	22.29	3.345	0.028
86	82.07	7.349	21.758	3.311	0.027
87	83.987	7.423	22.607	3.403	0.027
88	92.029	8.08	25.872	3.808	0.029
89	82.605	7.386	20.933	3.216	0.029
90	79.099	7.194	20.752	3.287	0.027
91	80.964	7.203	20.68	3.162	0.027
92	77.087	6.939	18.598	2.893	0.028
93	84.209	7.392	22.627	3.387	0.027
94	83.83	7.562	22.781	3.578	0.027
95	84.831	7.694	22.615	3.554	0.028
96	83.718	7.434	21.221	3.257	0.028
97	86.127	7.665	23.177	3.56	0.028
98	85.969	7.651	22.522	3.464	0.029
99	84.611	7.605	23.012	3.586	0.027
100	79.386	7.081	20.002	3.042	0.028
101	81.319	7.295	21.134	3.212	0.028
102	85.442	7.625	22.111	3.411	0.029
103	84.902	7.592	22.295	3.472	0.028
104	83.528	7.395	21.865	3.361	0.027
105	76.258	6.865	18.304	2.889	0.028
106	82.608	7.353	21.629	3.284	0.029
107	82.169	7.316	21.345	3.264	0.028
108	80.606	7.269	20.032	3.115	0.029
109	81.319	7.268	20.692	3.179	0.028
110	80.117	7.155	19.735	3.096	0.028
111	80.602	7.165	20.576	3.14	0.027
112	82.199	7.268	20.852	3.212	0.028
113	88.691	7.891	25.217	3.821	0.029
114	82.691	7.49	22.801	3.565	0.026
115	76.299	6.791	18.7	2.834	0.027
116	84.207	7.536	22.446	3.509	0.028
117	81.506	7.245	21.407	3.234	0.027
118	85.882	7.698	23.328	3.583	0.028
119	91.122	8.162	25.673	3.964	0.029
120	78.053	6.913	19.393	2.949	0.027
121	80.854	7.417	21.114	3.469	0.027
122	81.748	7.23	21.147	3.213	0.028
123	87.156	7.969	24.168	3.928	0.028
124	83.545	7.511	22.03	3.423	0.028
125	81.851	7.279	20.029	3.074	0.028
126	85.54	7.642	22.79	3.499	0.028
127	82.542	7.322	22.882	3.407	0.026
128	88.174	7.843	24.404	3.711	0.028
129	81.792	7.333	21.1	3.284	0.028
130	83.875	7.4	22.823	3.366	0.027
131	80.856	7.149	20.812	3.168	0.027
132	88.113	7.782	24.223	3.648	0.027
133	81.29	7.236	21.164	3.233	0.028
134	84.945	7.569	22.989	3.506	0.029
135	87.427	7.794	23.47	3.592	0.028
136	82.142	7.461	21.088	3.385	0.028
137	82.49	7.38	20.897	3.251	0.027
138	80.595	7.276	20.398	3.191	0.028
139	88.111	7.824	23.312	3.518	0.029
140	83.087	7.483	21.385	3.393	0.028
141	82.379	7.367	21.419	3.291	0.028
142	84.888	7.492	22.059	3.354	0.028
143	82.282	7.385	21.284	3.309	0.027
144	83.009	7.437	21.901	3.392	0.028
145	81.35	7.258	20.768	3.179	0.027
146	82.404	7.455	21.059	3.289	0.029
147	83.122	7.399	22.349	3.419	0.027
148	88.568	7.914	24.511	3.745	0.028
149	85.031	7.638	22.094	3.436	0.029
150	91.151	8.19	25.912	3.974	0.029
151	83.01	7.426	22.662	3.427	0.027
152	86.307	7.618	23.207	3.504	0.028
153	86.079	7.652	23.517	3.54	0.028
154	80.822	7.284	21.282	3.396	0.027
155	82.9	7.321	21.468	3.269	0.027
156	78.092	7.063	20.069	3.134	0.027
157	87.329	7.64	23.878	3.52	0.028
158	80.791	7.41	21.203	3.456	0.028
159	85.773	7.651	23.089	3.608	0.027
160	87.001	7.733	24.643	3.761	0.028
161	84.558	7.51	22.709	3.416	0.028
162	90.408	8.032	24.607	3.764	0.029
163	81.539	7.328	21.401	3.292	0.028
164	81.985	7.235	21.093	3.195	0.028
165	87.004	7.861	23.694	3.686	0.029
166	84.64	7.444	22.206	3.342	0.027
167	82.995	7.302	22.248	3.274	0.027
168	80.19	7.097	21.094	3.237	0.026
169	81.538	7.424	21.523	3.408	0.027
170	80.134	7.196	20.922	3.18	0.028
171	81.215	7.246	20.934	3.266	0.027
172	83.945	7.575	22.588	3.5	0.029
173	80.425	7.15	20.359	3.147	0.028
174	85.389	7.686	22.923	3.546	0.028
175	84.545	7.514	22.303	3.382	0.028
176	79.888	7.235	19.965	3.12	0.029
177	83.826	7.401	21.347	3.217	0.028
178	83.649	7.453	21.678	3.278	0.029
179	89.05	7.829	24.955	3.715	0.028
180	81.446	7.322	21.608	3.422	0.027
181	82.986	7.267	22.005	3.255	0.027
182	86.82	7.749	23.38	3.608	0.027
183	82.214	7.289	22.418	3.447	0.027
184	82.726	7.487	21.495	3.39	0.029
185	77.029	6.874	18.897	2.882	0.027
186	78.269	7.071	19.271	3.019	0.027
187	77.52	6.965	19.422	2.984	0.027
188	81.344	7.287	20.751	3.272	0.028
189	80.035	7.251	20.269	3.185	0.028
190	82.53	7.284	21.884	3.251	0.027
191	80.157	7.275	20.095	3.159	0.028
192	82.18	7.241	21.396	3.229	0.027
193	78.266	7.065	19.842	3.103	0.029
194	79.21	7.111	20.386	3.163	0.027
195	85.959	7.586	22.724	3.401	0.028
196	82.019	7.322	21.294	3.258	0.028
197	85.593	7.64	22.63	3.452	0.028
198	88.973	7.919	24.323	3.708	0.029
199	85.117	7.524	23.21	3.481	0.027
200	82.06	7.405	22.529	3.532	0.027
201	82.719	7.479	21.431	3.35	0.029
202	85.699	7.692	23.004	3.538	0.028
203	77.54	6.944	19.699	3.082	0.027
204	85.673	7.656	22.776	3.463	0.028
205	85.345	7.772	22.829	3.672	0.028
206	86.798	7.917	23.098	3.631	0.029
207	87.41	7.815	23.762	3.623	0.028
208	78.465	7.04	20.026	3.056	0.028
209	84.887	7.619	22.762	3.551	0.028
210	81.997	7.333	20.594	3.249	0.028
211	81.479	7.261	21.199	3.259	0.028
212	82.576	7.313	21.413	3.292	0.028
213	87.614	7.731	24.208	3.602	0.027
214	80.556	7.257	21.041	3.267	0.027
215	85.489	7.566	23.833	3.542	0.028
216	89.643	8.007	26.011	3.907	0.028
217	80.155	7.234	20.783	3.28	0.027
218	84.279	7.504	21.802	3.32	0.029
219	84.894	7.596	22.816	3.524	0.028
220	85.417	7.655	23.533	3.662	0.026
221	84.772	7.606	23.364	3.582	0.028
222	82.651	7.248	21.928	3.246	0.027
223	83.464	7.368	21.717	3.285	0.028
224	83.507	7.365	22.373	3.402	0.027
225	72.281	6.436	16.209	2.522	0.028
226	85.665	7.69	22.948	3.574	0.028
227	85.659	7.607	23.615	3.603	0.027
228	86.379	7.601	23.764	3.553	0.027
229	86.18	7.719	23.803	3.691	0.027
230	81.362	7.311	20.499	3.171	0.029
231	84.052	7.52	22.587	3.524	0.027
232	78.186	6.982	19.451	3.009	0.027
233	80.163	7.249	19.754	3.134	0.028
234	86.444	7.875	23.713	3.785	0.028
235	87.732	7.661	24.711	3.667	0.027
236	82.883	7.385	21.986	3.437	0.027
237	89.012	7.849	24.413	3.696	0.029
238	88.748	7.834	24.442	3.616	0.029
239	86.61	7.641	22.752	3.446	0.028
240	84.846	7.659	23.311	3.677	0.027
241	80.607	7.136	19.933	3.067	0.027
242	80.841	7.275	22.11	3.4	0.026
243	81.908	7.26	20.796	3.161	0.029
244	81.796	7.242	21.53	3.279	0.027
245	84.698	7.549	22.77	3.488	0.027
246	86.664	7.728	23.011	3.518	0.028
247	86.769	7.785	23.821	3.61	0.029
248	86.826	7.836	23.142	3.722	0.029
249	84.516	7.479	22.877	3.448	0.028
250	86.639	7.601	23.469	3.502	0.027
251	87.611	7.664	23.451	3.479	0.028
252	81.687	7.253	21.293	3.257	0.027
253	87.4	7.879	24.178	3.814	0.028
254	83.704	7.388	22.647	3.364	0.028
255	85.063	7.666	22.876	3.531	0.028
256	84.101	7.615	22.554	3.528	0.027
257	86.63	7.633	22.803	3.391	0.028
258	83.859	7.465	21.683	3.302	0.028
259	84.371	7.525	22.503	3.495	0.027
260	87.482	7.717	23.147	3.426	0.029
261	82.156	7.354	21.637	3.32	0.027
262	77.972	6.949	19.109	2.93	0.027
263	83.285	7.384	22.256	3.361	0.028
264	85.945	7.762	22.978	3.643	0.028
265	86.913	7.69	23.496	3.596	0.028
266	85.175	7.494	22.18	3.382	0.027
267	85.302	7.541	23.164	3.527	0.027
268	81.242	7.216	20.334	3.107	0.028
269	76.951	6.933	18.591	2.923	0.027
270	84.423	7.486	21.971	3.322	0.029
271	81.152	7.27	21.519	3.32	0.027
272	86.873	7.852	23.552	3.693	0.027
273	80.693	7.27	20.997	3.291	0.028
274	87.122	7.601	22.441	3.312	0.029
275	85.226	7.623	22.54	3.459	0.029
276	87.153	7.759	22.673	3.496	0.029
277	80.644	7.101	20.174	3.025	0.028
278	85.845	7.73	23.173	3.584	0.028
279	83.137	7.391	21.963	3.389	0.027
280	85.95	7.787	22.846	3.658	0.028
281	84.08	7.43	22.596	3.448	0.027
282	89.5	7.96	25.403	3.846	0.028
283	83.399	7.515	21.695	3.417	0.029
284	83.388	7.504	22.369	3.509	0.027
285	84.616	7.476	22.389	3.434	0.027
286	79.428	7.132	20.159	3.126	0.028
287	89.482	7.9	24.657	3.666	0.029
288	85.405	7.515	23.338	3.48	0.028
289	83.796	7.445	22.131	3.322	0.028
290	80.0	7.141	20.354	3.175	0.027
291	85.093	7.658	23.326	3.601	0.028
292	85.198	7.556	22.797	3.421	0.029
293	86.702	7.789	23.21	3.581	0.028
294	78.955	6.955	20.325	3.072	0.027
295	82.973	7.438	21.679	3.324	0.028
296	87.59	7.797	24.824	3.726	0.027
297	83.758	7.466	21.582	3.296	0.029
298	87.415	7.758	23.789	3.605	0.029
299	90.612	8.045	25.706	3.961	0.028
300	80.494	7.173	21.971	3.332	0.027
301	81.433	7.261	20.644	3.192	0.028
302	87.287	7.715	23.983	3.641	0.027
303	86.341	7.767	23.042	3.54	0.03
304	86.323	7.782	23.396	3.664	0.028
305	76.785	6.709	19.166	2.849	0.027
306	82.793	7.346	21.43	3.232	0.028
307	90.559	7.988	25.126	3.808	0.028
308	84.278	7.336	21.881	3.233	0.028
309	88.43	7.942	24.356	3.75	0.028
310	82.115	7.278	21.918	3.3	0.028
311	81.074	7.2	20.552	3.183	0.026
312	84.685	7.579	22.331	3.434	0.028
313	82.052	7.26	21.658	3.288	0.028
314	86.239	7.62	23.154	3.526	0.028
315	83.683	7.594	22.323	3.56	0.027
316	83.064	7.373	21.259	3.232	0.028
317	81.446	7.222	21.09	3.208	0.027
318	81.662	7.33	21.217	3.253	0.027
319	88.796	7.765	24.255	3.579	0.028
320	81.21	7.27	20.435	3.158	0.028
321	88.07	7.897	23.952	3.671	0.029
322	82.816	7.237	21.681	3.234	0.027
323	83.87	7.473	22.499	3.442	0.027
324	89.008	7.9	24.44	3.745	0.029
325	89.494	7.851	24.657	3.621	0.029
326	82.617	7.498	21.793	3.463	0.028
327	83.03	7.39	21.38	3.252	0.028
328	82.977	7.512	21.928	3.532	0.027
329	79.858	7.109	19.3	2.967	0.028
330	87.374	7.809	23.481	3.621	0.029
331	85.037	7.556	22.455	3.442	0.028
332	83.791	7.474	22.659	3.486	0.027
333	78.907	7.001	20.534	3.117	0.027
334	87.115	7.786	23.08	3.525	0.03
335	89.201	7.912	24.868	3.79	0.028
336	84.18	7.584	22.395	3.493	0.029
337	85.844	7.624	23.209	3.507	0.028
338	88.405	7.918	24.52	3.804	0.027
339	79.324	7.086	20.1	3.083	0.027
340	81.625	7.23	21.63	3.318	0.027
341	86.651	7.737	23.887	3.642	0.028
342	84.19	7.388	22.444	3.421	0.027
343	80.782	7.096	20.398	3.095	0.027
344	83.016	7.359	22.179	3.363	0.028
345	85.01	7.473	22.795	3.465	0.027
346	83.299	7.386	21.432	3.304	0.028
347	85.137	7.508	22.369	3.371	0.028
348	83.06	7.332	20.428	3.158	0.029
349	85.634	7.639	22.538	3.429	0.028
350	79.474	7.203	20.001	3.195	0.027
351	84.731	7.552	22.641	3.42	0.029
352	78.995	7.097	18.83	2.9	0.028
353	87.648	7.807	23.253	3.543	0.029
354	90.057	7.902	26.1	3.861	0.028
355	80.777	7.302	21.013	3.344	0.027
356	90.529	8.17	26.986	4.155	0.027
357	83.415	7.49	21.713	3.416	0.028
358	83.099	7.396	21.434	3.298	0.028
359	81.193	7.168	21.177	3.173	0.027
360	84.629	7.521	22.269	3.369	0.028
361	73.85	6.574	17.647	2.723	0.026
362	84.754	7.52	22.874	3.478	0.027
363	87.423	7.743	24.071	3.687	0.027
364	85.108	7.785	22.566	3.615	0.029
365	83.3	7.397	22.052	3.336	0.028
366	83.653	7.512	22.213	3.393	0.028
367	84.343	7.569	22.139	3.403	0.029
368	82.559	7.173	21.595	3.22	0.027
369	82.35	7.359	20.756	3.229	0.027
370	82.597	7.312	20.935	3.201	0.027
371	79.25	7.203	19.682	3.165	0.027
372	85.48	7.715	23.68	3.736	0.028
373	88.95	8.019	25.452	3.948	0.028
374	85.291	7.708	23.221	3.604	0.028
375	84.158	7.486	21.752	3.354	0.028
376	76.522	6.829	18.542	2.848	0.028
377	78.411	7.002	20.601	3.173	0.027
378	79.378	7.17	20.664	3.318	0.026
379	84.72	7.522	23.364	3.561	0.026
380	76.5	6.834	18.223	2.797	0.028
381	81.915	7.358	21.358	3.295	0.027
382	81.166	7.301	20.96	3.252	0.028
383	80.485	7.256	20.898	3.292	0.028
384	87.318	7.795	24.022	3.707	0.028
385	86.027	7.72	22.965	3.591	0.027
386	84.149	7.491	22.876	3.572	0.027
387	81.329	7.179	20.71	3.118	0.028
388	82.999	7.411	21.527	3.378	0.027
389	86.84	7.78	22.907	3.561	0.029
390	79.23	7.022	20.028	3.018	0.027
391	81.866	7.255	20.493	3.117	0.028
392	79.701	7.19	20.237	3.174	0.027
393	85.788	7.747	23.833	3.726	0.027
394	89.932	7.901	25.585	3.783	0.027
395	81.505	7.345	21.504	3.322	0.029
396	82.301	7.366	20.836	3.232	0.028
397	78.259	7.001	19.443	3.003	0.027
398	82.769	7.416	21.351	3.394	0.027
399	86.169	7.585	23.538	3.553	0.027
400	82.919	7.247	22.13	3.291	0.027
401	84.007	7.517	22.783	3.489	0.027
402	87.564	7.791	24.344	3.705	0.027
403	81.469	7.279	20.799	3.21	0.028
404	85.378	7.706	22.885	3.549	0.028
405	83.648	7.541	22.009	3.416	0.029
406	86.355	7.859	23.2	3.664	0.028
407	83.031	7.426	22.01	3.374	0.027
408	85.302	7.55	22.491	3.394	0.027
409	85.226	7.42	22.69	3.326	0.027
410	88.617	7.851	24.511	3.662	0.027
411	80.252	7.263	21.414	3.337	0.026
412	81.038	7.214	20.234	3.155	0.028
413	81.091	7.301	21.37	3.386	0.027
414	87.543	7.763	22.745	3.428	0.029
415	81.643	7.404	20.73	3.255	0.029
416	83.703	7.351	22.963	3.436	0.026
417	79.584	7.049	20.139	3.105	0.027
418	84.425	7.567	22.018	3.447	0.029
419	85.715	7.715	23.202	3.634	0.027
420	80.195	7.111	20.047	3.105	0.028
421	82.673	7.316	21.869	3.326	0.027
422	74.883	6.855	18.585	2.978	0.028
423	90.256	7.965	25.912	3.839	0.027
424	80.555	7.283	20.636	3.293	0.027
425	82.061	7.399	21.328	3.418	0.028
426	80.004	7.216	20.99	3.289	0.027
427	83.339	7.515	21.576	3.396	0.028
428	84.797	7.75	22.89	3.599	0.029
429	83.238	7.379	22.02	3.331	0.027
430	81.205	7.166	21.508	3.245	0.026
431	84.405	7.557	22.924	3.558	0.027
432	86.244	7.685	22.393	3.51	0.029
433	83.51	7.496	21.711	3.367	0.029
434	83.539	7.366	22.698	3.405	0.026
435	88.55	7.863	24.297	3.703	0.028
436	81.276	7.179	20.008	3.07	0.028
437	77.122	6.782	18.932	2.87	0.027
438	85.574	7.612	23.014	3.517	0.028
439	84.046	7.557	22.925	3.553	0.027
440	88.028	7.934	24.014	3.748	0.029
441	85.021	7.684	22.051	3.447	0.029
442	84.759	7.649	23.232	3.599	0.029
443	80.203	7.178	19.876	3.07	0.028
444	89.264	7.79	24.421	3.608	0.028
445	86.669	7.692	22.726	3.461	0.029
446	78.616	6.968	19.042	2.909	0.027
447	82.498	7.316	20.887	3.206	0.028
448	89.055	7.84	24.137	3.667	0.029
449	83.468	7.458	21.73	3.453	0.028
450	84.201	7.321	21.954	3.211	0.028
451	83.776	7.44	21.066	3.211	0.029
452	80.924	7.365	21.18	3.388	0.028
453	80.929	7.34	21.56	3.519	0.027
454	81.21	7.408	21.14	3.413	0.027
455	80.687	7.367	20.494	3.213	0.029
456	77.824	7.025	19.352	2.994	0.028
457	81.968	7.302	21.109	3.229	0.029
458	82.339	7.289	21.352	3.24	0.028
459	85.927	7.718	22.626	3.497	0.028
460	85.922	7.58	23.445	3.504	0.028
461	86.885	7.763	23.451	3.676	0.027
462	83.428	7.34	21.394	3.248	0.027
463	84.496	7.675	22.357	3.566	0.028
464	86.49	7.634	23.782	3.595	0.027
465	81.38	7.039	20.009	2.958	0.028
466	85.983	7.612	23.772	3.576	0.027
467	83.363	7.4	21.471	3.342	0.028
468	82.502	7.308	22.047	3.332	0.027
469	85.941	7.728	23.096	3.602	0.028
470	84.555	7.47	22.846	3.478	0.027
471	88.025	7.8	24.36	3.711	0.028
472	84.324	7.459	22.951	3.478	0.028
473	83.219	7.414	21.525	3.282	0.029
474	77.514	6.918	20.094	3.104	0.026
475	80.446	7.104	20.659	3.13	0.027
476	83.872	7.662	21.765	3.498	0.028
477	84.312	7.565	22.347	3.441	0.028
478	80.032	7.119	19.716	3.075	0.028
479	84.088	7.471	21.963	3.34	0.028
480	77.476	6.827	19.434	2.954	0.027
481	80.815	7.293	20.627	3.242	0.028
482	83.036	7.418	21.286	3.278	0.028
483	85.622	7.581	22.473	3.479	0.029
484	82.343	7.355	21.428	3.335	0.028
485	78.359	6.993	19.466	3.054	0.027
486	84.172	7.531	22.587	3.52	0.028
487	83.716	7.492	22.14	3.481	0.028
488	81.171	7.076	21.534	3.117	0.027
489	84.023	7.592	22.0	3.456	0.029
490	79.315	7.179	18.871	2.991	0.03
491	83.333	7.285	21.731	3.229	0.027
492	80.724	7.194	21.003	3.244	0.027
493	87.02	7.646	23.721	3.541	0.028
494	80.87	7.203	20.073	3.085	0.029
495	81.252	7.287	21.214	3.294	0.027
496	84.835	7.585	22.912	3.561	0.027
497	74.396	6.649	18.073	2.799	0.028
498	84.226	7.466	22.42	3.416	0.028
499	84.761	7.612	22.972	3.614	0.028
500	82.418	7.325	20.453	3.18	0.028
501	85.101	7.665	23.006	3.599	0.028
502	89.273	7.946	24.701	3.784	0.028
503	88.113	7.832	24.942	3.731	0.027
504	88.104	7.855	24.649	3.775	0.029
505	84.439	7.637	22.284	3.556	0.029
506	83.256	7.412	21.416	3.328	0.027
507	84.499	7.453	22.68	3.439	0.027
508	81.63	7.413	20.516	3.226	0.029
509	85.862	7.67	23.23	3.571	0.029
510	83.757	7.537	22.145	3.472	0.028
511	85.866	7.775	23.053	3.622	0.027
512	81.978	7.187	21.324	3.172	0.028
513	87.547	7.734	23.127	3.51	0.029
514	85.739	7.674	23.427	3.572	0.027
515	80.986	7.238	20.119	3.114	0.027
516	85.773	7.567	22.822	3.434	0.029
517	91.837	8.267	25.384	3.903	0.029
518	83.885	7.512	22.237	3.427	0.028
519	81.989	7.269	21.429	3.25	0.027
520	83.387	7.431	22.776	3.508	0.027
521	90.0	7.851	25.339	3.686	0.028
522	82.557	7.364	22.336	3.426	0.027
523	83.912	7.487	21.34	3.315	0.029
524	84.972	7.468	23.306	3.464	0.026
525	81.642	7.362	21.434	3.361	0.028
526	87.38	7.677	23.786	3.495	0.029
527	85.636	7.57	23.012	3.479	0.028
528	84.026	7.588	22.515	3.584	0.027
529	87.339	7.756	23.47	3.585	0.029
530	86.561	7.663	23.025	3.514	0.027
531	84.525	7.639	22.823	3.608	0.028
532	86.345	7.783	24.071	3.731	0.028
533	84.702	7.665	22.293	3.572	0.028
534	89.285	7.858	24.614	3.628	0.029
535	86.982	7.758	23.578	3.617	0.029
536	79.912	7.191	20.049	3.155	0.028
537	81.987	7.343	21.46	3.343	0.027
538	87.395	7.81	23.384	3.593	0.028
539	82.418	7.393	20.311	3.204	0.029
540	82.803	7.468	22.697	3.492	0.027
541	88.869	7.892	24.958	3.804	0.028
542	87.264	7.808	23.156	3.614	0.029
543	86.743	7.813	23.793	3.68	0.028
544	84.502	7.473	22.486	3.385	0.028
545	79.018	7.138	19.399	3.007	0.029
546	82.792	7.383	21.789	3.311	0.028
547	81.868	7.335	21.72	3.409	0.026
548	83.462	7.501	21.53	3.427	0.028
549	86.581	7.757	23.812	3.656	0.028
550	91.546	8.075	25.765	3.863	0.029
551	79.889	7.275	20.082	3.196	0.028
552	85.58	7.809	23.936	3.901	0.027
553	75.585	6.774	18.106	2.811	0.028
554	82.77	7.419	21.597	3.363	0.028
555	87.365	7.876	23.006	3.639	0.028
556	86.556	7.841	23.117	3.702	0.029
557	82.252	7.464	22.034	3.418	0.028
558	86.957	7.73	23.088	3.513	0.029
559	85.539	7.633	23.309	3.542	0.027
560	79.769	7.139	21.585	3.345	0.025
561	80.689	7.093	20.745	3.093	0.027
562	82.994	7.434	21.941	3.438	0.026
563	82.849	7.296	22.208	3.309	0.026
564	87.434	7.791	23.603	3.615	0.028
565	82.172	7.317	20.52	3.131	0.029
566	84.228	7.468	21.794	3.337	0.027
567	88.089	7.892	24.445	3.764	0.028
568	85.345	7.66	23.361	3.599	0.028
569	80.098	7.121	19.794	3.013	0.028
570	87.004	7.696	23.868	3.622	0.028
571	84.892	7.485	22.867	3.443	0.027
572	82.857	7.343	22.23	3.382	0.028
573	83.148	7.519	22.703	3.568	0.027
574	82.97	7.316	21.124	3.202	0.028
575	79.111	7.041	19.689	2.981	0.028
576	85.476	7.643	21.771	3.396	0.029
577	81.604	7.16	20.306	3.056	0.028
578	83.452	7.518	21.535	3.388	0.029
579	82.273	7.339	20.411	3.174	0.029
580	86.181	7.884	22.571	3.6	0.03
581	81.785	7.202	21.61	3.242	0.027
582	86.025	7.569	23.387	3.517	0.027
583	84.757	7.784	22.854	3.675	0.028
584	79.094	6.983	20.177	3.05	0.027
585	85.298	7.663	21.63	3.368	0.029
586	79.776	7.077	20.375	3.074	0.028
587	82.584	7.297	21.135	3.164	0.028
588	85.374	7.618	23.703	3.652	0.027
589	85.002	7.656	23.177	3.615	0.027
590	84.404	7.526	21.849	3.351	0.03
591	87.902	7.804	24.108	3.684	0.028
592	80.042	7.275	20.222	3.274	0.027
593	80.002	7.067	20.415	3.081	0.026
594	77.653	6.926	18.969	2.909	0.028
595	84.884	7.605	22.715	3.448	0.028
596	86.379	7.606	23.655	3.582	0.027
597	83.946	7.471	21.736	3.329	0.028
598	86.988	7.738	23.933	3.695	0.027
599	79.626	7.05	21.385	3.208	0.026
600	86.059	7.726	23.923	3.688	0.029
601	84.703	7.488	23.494	3.54	0.027
602	80.765	7.111	20.753	3.074	0.027
603	79.966	7.174	20.098	3.138	0.027
604	81.202	7.187	21.542	3.243	0.027
605	86.833	7.8	23.865	3.726	0.029
606	86.376	7.692	22.327	3.497	0.029
607	90.346	8.072	24.177	3.805	0.029
608	75.909	6.753	17.985	2.756	0.028
609	80.205	7.156	20.42	3.219	0.027
610	81.77	7.201	20.965	3.181	0.027
611	87.041	7.694	24.625	3.708	0.027
612	86.812	7.889	23.053	3.666	0.029
613	89.525	7.996	25.247	3.894	0.028
614	84.343	7.502	22.723	3.49	0.028
615	83.789	7.58	22.411	3.524	0.028
616	84.397	7.599	22.333	3.508	0.028
617	83.688	7.411	22.571	3.455	0.027
618	84.78	7.637	22.799	3.594	0.027
619	81.306	7.238	20.66	3.197	0.028
620	79.56	7.153	19.894	3.11	0.028
621	82.475	7.471	21.945	3.476	0.028
622	84.106	7.616	21.728	3.402	0.03
623	88.303	7.911	23.592	3.622	0.03
624	79.143	6.986	20.815	3.126	0.026
625	87.422	7.841	22.532	3.514	0.029
626	88.72	7.849	25.393	3.803	0.027
627	78.975	7.036	19.221	2.966	0.029
628	79.263	7.223	20.21	3.239	0.028
629	85.042	7.645	22.435	3.48	0.028
630	79.774	7.077	20.825	3.152	0.027
631	84.482	7.56	22.73	3.501	0.028
632	85.647	7.647	23.265	3.592	0.028
633	78.342	7.12	20.158	3.225	0.027
634	87.842	7.778	23.494	3.575	0.029
635	84.692	7.634	22.709	3.572	0.028
636	77.524	6.914	19.382	2.996	0.026
637	82.491	7.505	20.608	3.302	0.029
638	85.337	7.624	22.507	3.388	0.03
639	83.368	7.491	22.818	3.561	0.027
640	79.461	7.102	19.192	3.012	0.028
641	80.41	7.226	20.265	3.132	0.029
642	87.386	7.74	23.045	3.489	0.029
643	83.322	7.477	21.489	3.338	0.029
644	90.49	8.013	24.707	3.767	0.028
645	84.399	7.465	22.393	3.359	0.028
646	84.438	7.496	22.655	3.468	0.027
647	80.163	7.161	20.814	3.233	0.027
648	82.861	7.434	21.837	3.41	0.027
649	82.227	7.377	21.535	3.406	0.027
650	87.228	7.698	24.176	3.619	0.028
651	82.833	7.331	22.257	3.35	0.027
652	85.036	7.48	22.443	3.383	0.028
653	78.542	7.081	18.801	2.991	0.028
654	82.214	7.285	20.937	3.193	0.027
655	85.996	7.635	22.215	3.339	0.029
656	76.311	6.715	18.073	2.739	0.027
657	88.964	7.903	24.253	3.687	0.029
658	89.523	8.034	24.49	3.763	0.03
659	85.853	7.671	23.847	3.631	0.027
660	84.888	7.547	22.656	3.493	0.028
661	79.565	7.063	19.975	3.014	0.028
662	83.445	7.481	22.392	3.475	0.027
663	80.005	7.047	20.003	3.041	0.027
664	85.291	7.653	22.242	3.464	0.029
665	87.271	7.796	23.87	3.668	0.029
666	84.187	7.556	22.273	3.46	0.028
667	84.327	7.527	21.961	3.361	0.028
668	81.216	7.229	21.288	3.259	0.028
669	81.33	7.29	21.46	3.326	0.027
670	86.561	7.707	23.006	3.518	0.029
671	85.136	7.732	23.181	3.708	0.028
672	85.465	7.69	22.763	3.588	0.028
673	86.906	7.705	22.756	3.435	0.029
674	84.308	7.537	22.972	3.539	0.027
675	87.033	7.747	23.984	3.644	0.028
676	85.272	7.709	23.228	3.62	0.027
677	87.231	7.706	23.486	3.53	0.028
678	85.028	7.589	22.026	3.354	0.029
679	88.523	7.962	25.336	3.899	0.028
680	85.393	7.576	22.694	3.451	0.028
681	82.267	7.271	21.323	3.218	0.027
682	82.793	7.338	21.038	3.213	0.028
683	78.595	6.994	18.869	2.906	0.027
684	83.154	7.33	22.233	3.38	0.027
685	81.589	7.153	21.198	3.127	0.028
686	83.475	7.564	22.539	3.538	0.028
687	82.546	7.392	22.259	3.442	0.028
688	84.535	7.505	22.217	3.417	0.028
689	77.083	6.872	18.439	2.857	0.027
690	89.235	7.916	25.102	3.748	0.028
691	83.747	7.503	21.971	3.385	0.027
692	88.528	7.799	24.18	3.653	0.028
693	82.582	7.491	21.836	3.417	0.028
694	82.325	7.415	21.763	3.443	0.027
695	84.116	7.526	22.208	3.402	0.028
696	85.982	7.774	22.701	3.634	0.029
697	81.524	7.263	21.232	3.266	0.028
698	83.723	7.347	22.492	3.378	0.026
699	90.021	8.008	24.844	3.794	0.029
700	84.44	7.462	22.975	3.47	0.027
701	85.195	7.458	23.666	3.494	0.027
702	82.352	7.399	21.186	3.276	0.027
703	81.064	7.255	21.035	3.226	0.028
704	83.746	7.548	22.273	3.461	0.028
705	82.106	7.285	19.599	3.037	0.028
706	83.438	7.443	21.647	3.322	0.028
707	87.794	7.795	23.286	3.579	0.028
708	88.006	7.708	24.573	3.642	0.027
709	82.108	7.265	21.065	3.197	0.026
710	81.493	7.258	20.678	3.15	0.028
711	85.603	7.574	22.395	3.386	0.028
712	82.515	7.3	21.43	3.289	0.027
713	85.23	7.576	22.856	3.461	0.028
714	86.605	7.815	23.201	3.657	0.028
715	83.708	7.613	22.137	3.512	0.029
716	85.605	7.742	23.216	3.668	0.027
717	79.821	7.18	20.812	3.211	0.027
718	84.249	7.611	22.453	3.532	0.028
719	83.444	7.492	21.752	3.391	0.028
720	83.744	7.536	21.507	3.332	0.029
721	82.817	7.47	21.413	3.386	0.029
722	87.156	7.723	24.612	3.72	0.027
723	88.373	7.749	25.301	3.742	0.026
724	84.923	7.532	23.268	3.476	0.027
725	90.697	8.099	25.761	3.923	0.028
726	87.812	7.926	24.384	3.799	0.028
727	85.177	7.606	23.12	3.591	0.027
728	88.849	7.78	24.077	3.615	0.027
729	85.408	7.66	23.24	3.659	0.027
730	90.132	7.943	24.431	3.678	0.028
731	81.572	7.271	22.181	3.345	0.026
732	88.754	7.925	25.287	3.862	0.027
733	85.062	7.419	22.584	3.348	0.028
734	80.971	7.249	20.437	3.215	0.029
735	84.464	7.577	22.618	3.518	0.028
736	83.574	7.367	21.116	3.161	0.028
737	76.322	6.866	17.667	2.789	0.028
738	88.961	7.973	24.093	3.722	0.029
739	78.828	7.053	19.23	2.934	0.029
740	83.464	7.51	22.099	3.413	0.028
741	83.754	7.397	21.687	3.28	0.027
742	91.84	8.144	25.776	3.833	0.03
743	86.482	7.803	24.071	3.728	0.028
744	89.246	7.844	25.796	3.85	0.027
745	84.595	7.57	22.032	3.348	0.03
746	84.941	7.626	23.066	3.501	0.028
747	80.371	7.157	20.379	3.116	0.028
748	82.173	7.278	21.159	3.199	0.029
749	82.263	7.255	21.853	3.308	0.027
750	79.93	7.083	21.127	3.152	0.026
751	88.895	7.93	25.174	3.775	0.027
752	82.22	7.325	21.368	3.289	0.028
753	81.958	7.486	21.504	3.436	0.028
754	81.355	7.272	21.343	3.283	0.027
755	83.448	7.377	22.009	3.311	0.028
756	84.915	7.583	22.31	3.424	0.028
757	79.732	7.195	19.815	3.168	0.027
758	86.572	7.682	23.283	3.539	0.028
759	81.26	7.291	20.924	3.326	0.027
760	88.024	7.865	23.575	3.642	0.03
761	80.115	7.255	20.472	3.226	0.027
762	80.247	7.273	19.591	3.112	0.028
763	85.132	7.719	22.718	3.584	0.029
764	76.791	6.808	18.694	2.845	0.027
765	81.071	7.297	20.755	3.273	0.027
766	79.252	7.14	20.135	3.14	0.028
767	81.743	7.31	21.967	3.444	0.026
768	85.793	7.644	22.946	3.542	0.027
769	79.98	7.246	19.925	3.179	0.029
770	81.977	7.38	22.325	3.496	0.026
771	78.935	7.148	19.371	3.082	0.028
772	85.062	7.605	23.012	3.591	0.027
773	82.501	7.356	21.985	3.409	0.027
774	82.691	7.481	21.915	3.461	0.028
775	81.757	7.294	21.17	3.242	0.028
776	82.053	7.436	21.684	3.375	0.028
777	85.083	7.549	22.724	3.495	0.027
778	79.422	7.147	19.562	3.069	0.028
779	84.652	7.548	21.711	3.301	0.029
780	85.447	7.727	23.067	3.6	0.028
781	79.934	7.155	19.684	3.056	0.029
782	80.274	7.2	20.335	3.123	0.028
783	84.886	7.587	21.956	3.491	0.028
784	88.31	7.769	23.987	3.648	0.027
785	86.318	7.604	23.299	3.49	0.027
786	82.215	7.312	21.556	3.279	0.027
787	87.14	7.652	24.421	3.635	0.028
788	86.467	7.733	22.537	3.484	0.028
789	82.669	7.266	22.988	3.407	0.027
790	86.871	7.8	24.077	3.692	0.028
791	79.054	7.047	19.702	3.039	0.027
792	84.937	7.745	23.578	3.714	0.029
793	87.104	7.697	23.091	3.49	0.029
794	83.153	7.436	22.289	3.351	0.029
795	88.951	7.89	26.052	3.948	0.027
796	80.54	7.19	20.49	3.163	0.028
797	81.845	7.363	21.32	3.342	0.029
798	78.382	7.076	19.346	3.035	0.028
799	83.924	7.657	23.068	3.664	0.028
800	84.738	7.54	23.052	3.444	0.028
801	82.702	7.489	21.971	3.446	0.028
802	87.034	7.66	24.025	3.614	0.027
803	80.163	7.186	20.011	3.183	0.026
804	76.732	6.903	17.983	2.801	0.028
805	83.269	7.449	22.365	3.421	0.027
806	87.49	7.854	23.744	3.682	0.029
807	89.275	7.842	25.034	3.74	0.028
808	79.97	7.207	20.697	3.236	0.027
809	79.589	7.081	19.48	3.014	0.029
810	85.304	7.476	23.765	3.483	0.027
811	83.595	7.495	22.095	3.469	0.028
812	84.428	7.451	21.711	3.274	0.028
813	80.871	7.255	20.479	3.19	0.028
814	79.29	7.112	19.675	3.114	0.027
815	80.976	7.188	21.001	3.183	0.027
816	86.597	7.726	23.404	3.588	0.028
817	79.37	6.939	19.516	2.914	0.027
818	86.793	7.603	23.951	3.548	0.027
819	84.649	7.454	22.141	3.307	0.028
820	89.18	8.0	25.499	4.022	0.027
821	85.191	7.646	23.331	3.559	0.029
822	83.787	7.426	22.008	3.335	0.027
823	84.424	7.672	22.706	3.596	0.028
824	84.463	7.363	21.773	3.207	0.028
825	83.293	7.557	22.217	3.509	0.028
826	76.544	6.89	20.022	3.101	0.026
827	79.558	7.036	19.799	2.967	0.028
828	84.986	7.474	22.08	3.325	0.028
829	80.479	7.323	21.151	3.36	0.027
830	77.542	6.908	18.672	2.88	0.027
831	83.177	7.328	22.526	3.344	0.027
832	84.128	7.416	21.914	3.297	0.028
833	83.319	7.469	21.423	3.362	0.029
834	79.786	6.972	19.51	2.922	0.028
835	85.527	7.628	22.904	3.564	0.027
836	85.537	7.57	23.052	3.476	0.028
837	79.455	7.048	20.019	3.057	0.027
838	85.06	7.588	23.747	3.616	0.027
839	82.256	7.408	21.426	3.399	0.027
840	82.628	7.498	21.344	3.421	0.028
841	85.147	7.712	22.839	3.584	0.029
842	86.788	7.848	23.835	3.759	0.028
843	84.428	7.473	22.28	3.399	0.028
844	88.163	7.895	24.338	3.771	0.028
845	83.671	7.626	21.662	3.451	0.027
846	74.496	6.576	17.585	2.691	0.028
847	82.178	7.457	21.661	3.433	0.027
848	81.77	7.302	21.529	3.418	0.027
849	86.042	7.666	23.194	3.536	0.028
850	81.228	7.27	20.927	3.214	0.029
851	78.023	6.881	18.604	2.862	0.027
852	87.132	7.769	23.619	3.612	0.03
853	86.013	7.747	23.117	3.666	0.027
854	85.743	7.657	22.846	3.551	0.028
855	86.823	7.785	23.814	3.682	0.028
856	80.596	7.158	21.18	3.205	0.027
857	81.909	7.289	21.122	3.231	0.028
858	79.541	7.172	19.818	3.146	0.028
859	81.764	7.329	21.314	3.297	0.027
860	81.472	7.313	22.207	3.435	0.027
861	86.583	7.597	23.175	3.391	0.029
862	86.922	7.692	23.76	3.688	0.027
863	79.086	7.059	19.546	3.064	0.027
864	74.963	6.686	18.436	2.835	0.026
865	88.202	7.851	24.695	3.787	0.027
866	86.855	7.742	23.48	3.644	0.028
867	88.707	7.929	24.949	3.838	0.028
868	82.335	7.426	22.056	3.409	0.028
869	81.824	7.204	21.628	3.234	0.028
870	79.698	7.099	20.424	3.112	0.028
871	83.423	7.297	20.799	3.101	0.028
872	81.68	7.217	21.888	3.308	0.027
873	87.167	7.719	23.327	3.55	0.029
874	81.785	7.122	21.563	3.154	0.026
875	82.812	7.324	21.954	3.301	0.027
876	87.544	7.832	23.892	3.659	0.028
877	84.644	7.44	23.311	3.426	0.027
878	88.705	7.94	24.632	3.821	0.028
879	89.186	7.992	24.811	3.791	0.029
880	82.522	7.446	22.153	3.448	0.027
881	83.91	7.649	22.897	3.639	0.027
882	88.606	7.987	24.729	3.834	0.028
883	86.442	7.844	23.16	3.672	0.028
884	81.71	7.287	21.774	3.29	0.027
885	80.811	7.244	20.506	3.195	0.027
886	86.702	7.694	23.541	3.613	0.028
887	85.454	7.77	22.288	3.582	0.028
888	83.563	7.443	22.988	3.5	0.027
889	82.027	7.308	21.482	3.328	0.027
890	81.903	7.414	21.041	3.299	0.028
891	79.579	6.973	19.175	2.936	0.027
892	90.264	7.938	25.037	3.749	0.028
893	78.51	6.907	18.323	2.808	0.028
894	83.759	7.459	22.056	3.406	0.027
895	83.252	7.375	21.627	3.315	0.027
896	85.53	7.502	23.406	3.504	0.027
897	83.248	7.57	21.721	3.472	0.029
898	84.971	7.467	22.144	3.302	0.028
899	80.4	7.121	20.353	3.124	0.027
900	82.546	7.328	21.895	3.336	0.027
901	83.624	7.52	22.453	3.559	0.028
902	86.179	7.753	23.645	3.743	0.027
903	79.462	7.063	19.841	3.05	0.027
904	88.568	7.983	24.351	3.806	0.029
905	84.813	7.622	22.712	3.588	0.027
906	84.751	7.461	22.585	3.424	0.027
907	83.727	7.543	22.293	3.485	0.029
908	86.076	7.673	23.73	3.571	0.028
909	84.676	7.551	22.359	3.485	0.028
910	78.353	7.014	19.34	3.041	0.028
911	85.423	7.617	23.396	3.584	0.027
912	81.027	7.259	20.914	3.218	0.028
913	84.695	7.556	22.577	3.455	0.028
914	79.791	7.17	20.429	3.135	0.029
915	87.084	7.731	23.541	3.594	0.028
916	85.062	7.706	22.708	3.624	0.028
917	89.885	7.946	24.335	3.664	0.029
918	82.601	7.449	21.571	3.391	0.028
919	79.336	7.24	19.833	3.188	0.028
920	82.991	7.341	21.747	3.3	0.027
921	84.369	7.466	22.261	3.41	0.027
922	85.262	7.582	22.315	3.435	0.028
923	85.275	7.599	23.082	3.478	0.029
924	83.538	7.54	22.736	3.532	0.027
925	83.172	7.312	21.905	3.315	0.027
926	88.845	7.977	24.076	3.767	0.028
927	89.509	7.978	25.482	3.867	0.027
928	86.09	7.578	22.94	3.427	0.028
929	86.459	7.888	24.123	3.817	0.028
930	81.819	7.423	20.968	3.317	0.029
931	82.719	7.459	21.293	3.316	0.028
932	77.707	6.897	19.965	3.038	0.027
933	86.672	7.846	23.523	3.694	0.028
934	79.578	7.282	19.75	3.188	0.029
935	84.615	7.723	23.014	3.694	0.028
936	81.625	7.201	21.704	3.233	0.026
937	83.675	7.433	22.234	3.406	0.028
938	85.594	7.614	23.518	3.608	0.028
939	82.555	7.358	21.655	3.289	0.028
940	88.778	7.96	24.515	3.843	0.028
941	84.636	7.55	22.445	3.437	0.029
942	81.995	7.405	22.099	3.452	0.028
943	83.057	7.4	21.885	3.379	0.027
944	83.308	7.449	22.646	3.442	0.028
945	86.243	7.76	22.935	3.51	0.029
946	86.952	7.835	24.025	3.832	0.028
947	80.987	7.07	21.632	3.178	0.026
948	74.119	6.595	17.332	2.69	0.028
949	83.794	7.434	23.429	3.52	0.026
950	84.788	7.621	22.577	3.522	0.028
951	82.524	7.387	21.044	3.287	0.028
952	83.542	7.449	22.526	3.456	0.027
953	90.153	8.007	24.421	3.661	0.03
954	81.188	7.332	21.376	3.317	0.028
955	82.809	7.29	21.752	3.275	0.027
956	79.418	7.107	20.239	3.099	0.028
957	78.374	6.92	19.739	2.938	0.028
958	84.965	7.551	22.978	3.523	0.028
959	78.085	7.068	19.362	3.076	0.028
960	88.131	8.025	24.207	3.804	0.029
961	76.81	6.904	19.491	3.05	0.026
962	77.922	6.935	19.357	2.985	0.027
963	83.346	7.48	22.331	3.413	0.028
964	84.622	7.509	22.676	3.49	0.027
965	82.554	7.368	22.24	3.401	0.027
966	85.431	7.623	23.033	3.545	0.027
967	86.24	7.755	23.515	3.718	0.027
968	82.108	7.289	20.93	3.157	0.027
969	75.894	6.764	17.989	2.805	0.028
970	80.555	7.126	20.057	3.052	0.028
971	79.574	7.105	19.785	3.057	0.027
972	82.71	7.254	21.042	3.133	0.028
973	84.537	7.558	22.521	3.504	0.027
974	79.761	7.106	19.611	3.055	0.027
975	83.195	7.426	21.374	3.275	0.028
976	77.352	6.914	18.378	2.872	0.028
977	82.464	7.35	21.285	3.261	0.027
978	85.449	7.738	23.351	3.666	0.027
979	84.169	7.54	22.214	3.443	0.028
980	89.936	7.995	25.471	3.803	0.028
981	84.393	7.624	22.194	3.495	0.028
982	77.679	7.02	19.131	3.052	0.028
983	80.136	7.134	20.909	3.217	0.027
984	83.207	7.409	21.465	3.316	0.027
985	84.677	7.417	22.394	3.359	0.027
986	84.439	7.538	22.364	3.454	0.028
987	82.32	7.283	20.67	3.157	0.027
988	82.593	7.369	21.782	3.348	0.027
989	86.297	7.643	23.546	3.524	0.028
990	84.866	7.637	22.674	3.445	0.029
991	82.866	7.457	22.227	3.427	0.027
992	82.845	7.358	21.923	3.37	0.027
993	85.309	7.613	22.638	3.544	0.028
994	80.601	7.181	20.94	3.286	0.026
995	80.296	7.145	20.265	3.147	0.027
996	84.437	7.415	22.81	3.459	0.027
997	83.328	7.343	21.863	3.307	0.027
998	90.297	8.099	24.184	3.745	0.029
999	80.395	7.237	20.013	3.147	0.029
1000	83.611	7.443	22.887	3.468	0.027
