Iteration	L1	L1 %	L2	L2 %	KL Divergence
1	893.006	55.787	175.114	48.386	0.441
2	913.266	55.521	178.747	48.479	0.426
3	900.272	55.553	174.849	47.878	0.425
4	902.705	55.2	175.62	48.344	0.425
5	910.192	55.527	176.052	48.152	0.418
6	905.011	55.887	174.916	48.086	0.428
7	889.338	54.721	173.142	47.766	0.414
8	899.565	55.686	176.075	48.251	0.431
9	896.883	55.102	176.16	48.317	0.424
10	911.856	55.819	177.84	48.582	0.426
11	897.696	55.174	175.166	48.181	0.427
12	912.402	56.22	179.728	48.723	0.437
13	911.026	55.345	175.454	47.839	0.421
14	920.796	55.954	178.884	48.06	0.423
15	899.641	54.702	173.319	47.397	0.413
16	901.812	56.43	173.678	48.118	0.443
17	898.195	55.071	173.871	47.912	0.426
18	906.57	56.306	175.17	48.264	0.424
19	901.015	55.02	174.32	47.914	0.424
20	896.716	55.307	173.015	47.762	0.418
21	903.551	55.435	172.752	48.004	0.418
22	911.519	55.385	176.924	48.212	0.418
23	912.965	56.14	176.52	48.747	0.438
24	895.902	55.109	173.872	48.276	0.425
25	897.455	56.156	173.544	48.157	0.431
26	910.574	55.164	177.191	47.724	0.415
27	892.441	55.183	172.891	47.917	0.42
28	897.24	55.088	174.495	48.042	0.427
29	898.075	55.772	175.705	48.353	0.44
30	903.641	55.416	175.225	47.717	0.419
31	912.853	56.493	176.688	48.627	0.434
32	895.707	54.943	173.643	47.937	0.416
33	898.691	54.559	174.12	47.904	0.403
34	900.316	55.234	176.021	48.382	0.417
35	904.599	55.698	174.605	48.082	0.425
36	900.691	54.84	174.664	48.248	0.426
37	913.58	56.93	177.981	48.512	0.444
38	904.58	56.182	176.113	48.732	0.431
39	910.648	55.323	178.345	48.297	0.413
40	914.514	56.509	176.686	48.535	0.441
41	903.096	55.635	176.304	48.798	0.43
42	908.527	55.752	175.953	48.043	0.426
43	913.918	55.695	175.026	48.117	0.429
44	885.594	55.052	170.892	47.305	0.42
45	900.331	54.631	175.642	47.623	0.408
46	915.932	56.109	178.679	48.699	0.429
47	906.764	55.648	177.636	47.989	0.436
48	902.681	54.967	174.406	48.115	0.41
49	893.619	55.333	171.355	48.087	0.423
50	888.457	55.567	173.597	48.3	0.427
51	910.884	54.879	178.32	47.957	0.409
52	910.063	55.36	178.027	48.346	0.419
53	904.52	55.322	177.552	48.502	0.419
54	907.166	55.522	177.569	48.636	0.427
55	899.947	54.727	173.652	47.528	0.416
56	900.443	55.372	174.915	48.07	0.429
57	897.443	56.131	172.715	48.018	0.439
58	901.442	55.704	175.531	48.298	0.431
59	909.481	56.016	177.849	48.616	0.435
60	905.65	55.312	176.925	47.974	0.42
61	910.566	55.029	176.85	48.004	0.417
62	898.663	55.176	175.074	47.961	0.424
63	891.013	54.727	173.785	48.181	0.412
64	906.848	55.595	177.795	48.314	0.432
65	904.724	55.104	177.241	48.02	0.417
66	904.24	54.713	175.609	47.885	0.411
67	898.317	55.393	175.276	48.178	0.416
68	900.792	54.725	175.886	47.907	0.408
69	894.728	55.668	174.007	48.3	0.434
70	901.639	55.327	176.112	48.376	0.411
71	900.122	54.802	173.336	47.549	0.421
72	896.199	56.265	176.461	48.484	0.441
73	904.528	55.005	177.469	47.992	0.416
74	895.728	55.2	176.893	48.229	0.419
75	904.684	55.386	175.565	48.557	0.412
76	905.303	55.599	175.913	48.075	0.427
77	905.855	54.691	175.018	48.14	0.416
78	903.68	55.252	174.209	47.791	0.413
79	902.977	55.182	175.236	47.87	0.418
80	906.186	55.671	178.187	48.487	0.43
81	907.657	55.328	176.092	48.237	0.417
82	905.202	55.894	175.117	48.247	0.421
83	907.916	55.526	177.149	47.779	0.42
84	902.741	55.889	176.603	48.346	0.428
85	904.656	55.376	175.797	48.22	0.422
86	902.708	54.63	174.845	47.819	0.402
87	905.763	55.041	175.493	48.392	0.435
88	903.371	55.411	174.861	47.892	0.427
89	898.513	55.164	175.15	48.042	0.412
90	900.128	54.785	175.128	47.857	0.41
91	895.862	55.381	173.801	48.098	0.428
92	908.615	55.657	175.765	48.047	0.42
93	906.14	54.665	173.633	47.803	0.408
94	897.36	55.299	173.795	47.967	0.43
95	899.735	57.116	175.168	48.822	0.455
96	902.526	55.234	175.116	48.287	0.424
97	905.278	55.213	175.051	48.3	0.418
98	898.1	55.808	175.554	48.214	0.436
99	907.648	55.991	178.976	49.154	0.452
100	895.724	54.794	175.371	47.908	0.425
101	915.273	56.143	177.245	48.305	0.432
102	894.825	55.341	174.873	48.052	0.423
103	903.003	54.959	175.879	48.034	0.414
104	903.052	55.811	174.273	48.045	0.439
105	904.1	54.97	175.705	47.953	0.414
106	893.955	54.377	172.82	47.481	0.412
107	888.738	54.688	174.275	47.927	0.415
108	907.293	55.987	177.759	48.373	0.434
109	916.398	54.578	178.196	47.824	0.402
110	903.071	56.025	175.621	48.747	0.434
111	909.224	55.138	176.351	47.828	0.418
112	908.266	55.976	174.962	48.375	0.429
113	903.718	56.676	176.985	48.477	0.441
114	895.883	55.273	175.4	48.015	0.419
115	909.486	55.772	178.191	48.496	0.442
116	889.458	55.581	172.398	48.66	0.426
117	911.569	55.999	178.817	48.949	0.424
118	913.135	55.246	177.964	48.417	0.413
119	898.63	55.342	174.794	48.284	0.42
120	904.944	56.203	176.588	48.169	0.446
121	908.524	56.149	177.396	48.908	0.438
122	889.118	55.083	172.138	47.731	0.416
123	897.196	54.89	173.948	47.776	0.413
124	902.901	55.72	176.843	48.368	0.421
125	901.131	54.763	175.904	48.023	0.416
126	905.731	55.518	178.097	48.278	0.43
127	891.881	55.454	173.612	48.304	0.42
128	897.323	55.451	175.253	47.81	0.433
129	902.317	55.834	175.558	48.304	0.431
130	916.901	56.514	179.328	48.875	0.441
131	904.213	54.893	175.881	47.805	0.42
132	898.838	54.826	174.563	48.014	0.408
133	903.859	55.588	173.378	48.204	0.423
134	896.229	55.07	175.115	48.241	0.418
135	904.241	55.362	175.406	47.732	0.425
136	889.969	55.784	171.951	47.977	0.433
137	895.864	55.295	174.917	48.291	0.44
138	899.179	55.6	175.416	48.082	0.426
139	912.442	54.761	176.189	47.956	0.411
140	910.233	56.655	177.958	48.577	0.444
141	902.727	55.553	172.919	47.717	0.417
142	892.146	54.935	174.202	47.957	0.425
143	899.004	55.132	173.854	48.253	0.423
144	898.002	54.85	175.006	48.0	0.406
145	899.45	56.026	175.126	48.259	0.446
146	902.119	55.228	175.334	48.17	0.426
147	903.221	56.386	173.609	48.27	0.439
148	910.445	54.922	177.139	48.023	0.414
149	914.549	56.069	176.78	48.406	0.425
150	896.812	55.094	173.191	48.063	0.431
151	905.236	55.308	174.477	47.905	0.416
152	898.88	55.579	174.263	48.253	0.425
153	901.048	55.619	177.643	48.423	0.436
154	909.491	55.629	177.295	48.362	0.426
155	909.912	55.16	176.495	47.909	0.423
156	907.82	54.421	176.409	47.715	0.395
157	899.006	54.867	173.188	48.025	0.419
158	903.884	54.781	176.53	47.828	0.406
159	888.346	55.863	171.643	47.747	0.429
160	898.009	55.215	177.37	48.434	0.42
161	904.941	55.321	175.964	47.956	0.421
162	906.641	55.489	176.889	47.846	0.41
163	899.568	54.792	173.916	47.845	0.414
164	907.746	55.88	174.991	48.023	0.429
165	892.641	54.419	174.248	47.549	0.407
166	895.568	55.079	173.789	48.234	0.43
167	900.896	55.041	177.264	48.347	0.415
168	911.522	55.865	176.054	48.289	0.42
169	909.378	55.95	175.69	48.102	0.426
170	918.823	55.808	179.67	48.262	0.428
171	912.84	55.884	175.018	47.983	0.429
172	887.959	55.611	172.952	48.338	0.441
173	902.585	56.15	175.576	47.92	0.445
174	904.954	55.412	176.05	48.385	0.426
175	882.132	55.029	172.152	47.742	0.417
176	899.764	54.826	175.21	47.891	0.411
177	890.407	55.544	173.832	47.89	0.439
178	902.974	55.693	177.941	48.444	0.434
179	913.778	55.569	178.491	48.336	0.418
180	899.315	55.531	175.301	47.882	0.431
181	902.723	56.095	174.748	48.469	0.441
182	897.224	55.159	174.15	48.592	0.423
183	897.697	55.461	175.652	48.267	0.439
184	907.436	54.944	177.054	48.041	0.416
185	890.122	54.804	173.229	47.51	0.425
186	901.988	54.806	175.686	47.61	0.416
187	907.093	54.74	175.015	47.928	0.414
188	893.528	55.793	176.379	48.693	0.434
189	912.496	56.099	177.661	48.351	0.421
190	902.299	55.894	174.658	48.28	0.43
191	895.544	54.986	173.874	47.682	0.415
192	910.362	56.126	178.186	48.336	0.427
193	918.743	55.358	178.44	48.656	0.418
194	909.153	55.098	178.2	48.346	0.422
195	895.232	55.532	173.618	47.862	0.423
196	897.108	55.286	173.825	47.526	0.419
197	907.249	55.144	177.981	48.101	0.422
198	903.753	56.073	176.892	48.352	0.442
199	903.04	55.313	172.61	47.826	0.412
200	898.805	54.686	174.509	47.714	0.409
201	900.627	55.624	177.233	48.545	0.422
202	901.546	54.885	175.26	47.805	0.406
203	903.17	55.538	175.781	48.01	0.43
204	904.468	55.498	175.316	48.426	0.423
205	896.518	55.064	175.906	47.897	0.432
206	887.097	54.788	174.275	47.976	0.419
207	902.525	55.695	176.886	48.406	0.432
208	907.557	55.901	176.473	48.161	0.416
209	898.157	55.321	174.191	47.739	0.426
210	901.235	55.7	174.933	48.283	0.425
211	899.614	55.39	174.739	47.958	0.428
212	896.855	55.322	175.341	48.171	0.429
213	901.395	54.996	174.172	47.668	0.414
214	894.274	55.083	174.222	47.988	0.424
215	884.915	55.201	171.647	47.821	0.424
216	891.625	55.113	172.487	47.731	0.411
217	913.166	55.774	178.594	48.267	0.426
218	904.246	55.002	176.145	48.04	0.421
219	901.306	55.486	176.438	48.298	0.418
220	894.824	55.788	175.328	48.363	0.428
221	910.505	56.186	176.833	48.235	0.439
222	905.004	55.556	174.235	48.09	0.434
223	901.278	55.444	175.129	47.882	0.42
224	891.971	55.064	173.212	47.556	0.422
225	902.31	54.574	177.021	47.883	0.415
226	893.82	55.599	174.754	47.833	0.421
227	900.562	55.536	177.476	48.103	0.432
228	908.71	55.114	175.393	48.513	0.42
229	898.868	55.485	174.982	48.007	0.431
230	889.505	54.627	172.531	47.302	0.406
231	900.128	54.936	177.055	48.18	0.416
232	903.174	54.954	174.151	47.796	0.415
233	907.229	54.737	177.25	47.597	0.405
234	914.826	55.575	177.34	48.085	0.421
235	895.8	55.051	174.394	47.964	0.412
236	910.493	55.774	174.129	48.335	0.423
237	891.455	55.628	173.476	47.845	0.432
238	895.595	55.02	174.727	47.834	0.409
239	901.251	55.102	175.506	48.024	0.407
240	904.053	55.603	175.223	47.967	0.43
241	896.769	55.136	173.367	48.162	0.416
242	907.675	54.452	175.226	47.573	0.394
243	907.033	55.789	177.129	48.751	0.435
244	903.592	55.407	176.761	48.157	0.436
245	912.704	56.311	175.412	48.496	0.435
246	904.361	55.631	177.799	47.679	0.417
247	892.648	55.656	174.854	47.93	0.429
248	900.609	55.529	175.82	47.906	0.433
249	905.629	55.195	176.289	48.305	0.427
250	912.09	55.49	178.608	48.766	0.421
251	908.27	55.118	173.752	47.867	0.409
252	894.446	55.29	171.966	47.71	0.42
253	912.954	55.367	177.558	48.415	0.418
254	890.227	54.904	173.091	47.643	0.422
255	896.882	54.933	174.9	47.921	0.419
256	891.776	55.647	175.089	48.283	0.434
257	903.804	54.927	173.584	48.064	0.416
258	911.581	56.001	179.13	48.146	0.435
259	889.277	56.051	174.172	48.578	0.451
260	899.146	54.201	176.433	47.538	0.396
261	913.218	55.636	178.71	48.334	0.429
262	904.325	55.959	174.676	48.206	0.445
263	915.666	56.203	178.844	48.744	0.43
264	889.141	55.459	172.992	47.984	0.43
265	892.776	55.666	174.396	48.296	0.419
266	909.215	54.649	177.816	48.084	0.419
267	914.96	55.393	177.972	47.978	0.428
268	895.622	54.434	175.287	47.797	0.409
269	893.294	55.25	172.524	47.827	0.43
270	904.259	55.245	176.092	48.224	0.419
271	907.916	55.08	175.149	47.874	0.418
272	908.048	55.254	176.527	48.301	0.428
273	904.751	54.965	175.735	47.659	0.422
274	896.625	54.72	173.581	47.488	0.415
275	913.523	54.925	176.483	47.848	0.418
276	898.514	55.718	174.09	47.893	0.43
277	900.096	54.221	175.219	47.533	0.41
278	903.711	54.568	175.387	47.667	0.42
279	901.927	54.938	174.591	47.528	0.418
280	903.88	55.607	177.323	48.77	0.422
281	901.676	54.182	175.141	47.746	0.413
282	900.104	54.418	173.324	47.653	0.404
283	906.664	55.487	177.549	48.53	0.416
284	897.224	55.755	174.895	48.083	0.431
285	905.752	54.467	174.9	47.559	0.42
286	907.807	54.996	175.946	48.031	0.411
287	907.435	55.154	175.487	48.246	0.416
288	897.606	54.991	173.475	47.633	0.422
289	912.126	55.646	176.079	48.398	0.428
290	904.572	55.394	177.974	48.158	0.43
291	898.386	54.943	176.767	48.111	0.42
292	894.646	56.727	173.151	48.89	0.437
293	903.78	54.831	175.447	48.049	0.413
294	889.4	54.705	172.306	47.396	0.419
295	916.445	55.514	178.484	48.294	0.411
296	913.797	56.612	176.819	48.491	0.442
297	903.671	55.321	176.802	47.96	0.423
298	904.538	54.543	176.603	47.755	0.408
299	901.161	55.547	173.873	48.05	0.427
300	917.502	55.556	180.119	48.445	0.43
301	908.708	55.866	174.653	48.324	0.426
302	903.707	55.11	175.68	47.889	0.419
303	899.989	55.073	177.475	47.959	0.435
304	904.442	56.651	174.623	48.553	0.446
305	910.371	55.925	177.892	48.203	0.433
306	913.036	55.548	177.764	48.443	0.426
307	904.328	54.994	174.714	47.833	0.41
308	897.43	55.029	174.562	48.023	0.411
309	901.025	55.519	177.774	48.012	0.437
310	899.831	55.507	176.596	48.204	0.42
311	897.807	55.588	173.248	48.301	0.422
312	892.02	54.307	172.427	47.338	0.404
313	894.481	54.448	173.991	47.574	0.417
314	895.618	55.192	173.753	47.712	0.417
315	908.528	55.994	176.828	48.738	0.431
316	908.283	55.952	176.901	48.548	0.425
317	904.234	55.475	175.408	48.16	0.421
318	895.783	55.606	174.639	48.267	0.421
319	902.981	55.771	175.791	48.25	0.429
320	897.066	55.583	174.145	48.127	0.431
321	902.242	55.479	175.263	48.014	0.442
322	903.734	55.327	176.247	48.243	0.412
323	904.725	55.568	175.725	48.666	0.423
324	892.914	54.949	173.337	47.92	0.429
325	910.104	55.881	177.094	48.396	0.429
326	901.816	56.063	173.892	48.344	0.448
327	888.574	55.036	174.519	48.152	0.429
328	908.958	56.492	177.693	48.674	0.44
329	912.478	54.761	178.578	48.03	0.41
330	908.278	55.381	177.461	48.168	0.422
331	907.281	55.322	176.253	48.551	0.417
332	899.341	55.24	172.565	47.702	0.421
333	905.443	55.329	173.951	47.912	0.43
334	900.988	55.089	174.477	47.884	0.418
335	907.411	54.344	174.831	47.82	0.399
336	906.34	56.03	176.869	48.517	0.422
337	900.815	55.253	173.548	47.741	0.419
338	909.549	55.428	177.483	47.887	0.421
339	908.995	55.341	175.711	47.911	0.429
340	899.782	54.687	173.492	47.711	0.41
341	902.91	56.184	174.717	48.345	0.441
342	908.395	55.106	176.46	48.232	0.426
343	902.172	55.228	174.212	48.295	0.426
344	886.647	54.47	171.999	47.652	0.406
345	910.705	56.271	176.198	48.117	0.441
346	913.707	55.039	177.445	48.515	0.413
347	895.184	55.748	175.508	48.204	0.455
348	908.847	55.331	175.157	48.081	0.418
349	904.033	55.335	175.774	48.428	0.422
350	896.199	55.226	174.425	47.606	0.425
351	899.037	53.805	173.572	47.459	0.393
352	916.233	55.795	178.168	48.622	0.427
353	902.429	55.849	176.075	48.462	0.436
354	896.311	55.417	177.6	48.184	0.428
355	909.688	55.614	176.044	47.96	0.423
356	907.735	55.375	174.312	47.962	0.43
357	906.902	55.977	176.663	48.49	0.435
358	912.878	55.161	178.358	48.369	0.423
359	892.672	54.805	173.795	47.894	0.416
360	896.772	54.916	176.066	48.225	0.415
361	905.506	56.244	173.985	48.33	0.449
362	906.111	55.539	176.698	48.215	0.428
363	903.47	55.837	176.84	48.387	0.436
364	903.159	55.694	175.416	47.874	0.428
365	913.09	55.37	179.451	48.184	0.426
366	910.236	56.046	175.499	48.286	0.44
367	896.313	55.906	174.412	48.026	0.435
368	898.944	55.213	175.702	48.099	0.423
369	892.159	55.063	174.459	47.609	0.416
370	897.855	55.341	174.094	47.753	0.423
371	910.855	55.103	175.84	47.779	0.412
372	905.377	54.877	177.015	48.098	0.414
373	901.811	54.662	175.485	47.668	0.425
374	902.011	55.309	175.568	48.012	0.426
375	906.078	55.189	175.163	47.909	0.416
376	898.46	55.969	175.606	48.209	0.441
377	895.106	55.696	171.202	48.343	0.425
378	892.394	55.316	173.602	47.695	0.43
379	896.305	54.99	174.895	48.074	0.415
380	902.437	56.087	175.009	48.567	0.441
381	909.355	55.363	178.131	48.236	0.424
382	912.494	56.001	176.411	48.608	0.429
383	900.576	55.384	174.574	48.5	0.417
384	898.465	54.62	175.918	48.133	0.413
385	895.758	55.621	174.593	48.702	0.424
386	895.024	54.725	173.746	47.665	0.409
387	902.919	55.622	177.952	48.264	0.421
388	896.59	55.637	171.605	48.27	0.427
389	911.122	54.425	177.402	48.045	0.402
390	908.651	55.831	175.994	48.012	0.438
391	903.3	55.941	175.009	48.16	0.438
392	904.684	55.626	175.396	48.34	0.43
393	907.284	55.535	178.008	48.491	0.42
394	905.493	56.441	174.903	48.546	0.431
395	907.068	54.96	179.068	48.0	0.419
396	903.105	55.062	176.136	47.708	0.431
397	907.162	56.371	175.891	48.774	0.442
398	895.97	55.06	176.734	47.777	0.406
399	913.991	55.442	176.258	47.968	0.41
400	897.232	55.944	175.572	48.284	0.437
401	908.939	54.883	175.632	47.801	0.401
402	903.826	55.631	176.664	48.445	0.429
403	907.221	55.301	176.831	48.39	0.42
404	894.716	54.646	173.453	47.628	0.41
405	899.996	55.764	174.925	48.131	0.423
406	915.348	56.309	178.896	48.614	0.444
407	902.01	55.189	175.413	48.006	0.412
408	893.001	55.483	175.389	48.104	0.42
409	902.997	54.531	174.247	47.733	0.407
410	902.589	55.586	174.842	48.158	0.432
411	901.636	55.827	176.239	48.221	0.432
412	901.866	55.368	174.251	47.667	0.414
413	898.298	54.593	174.097	47.938	0.409
414	899.125	55.084	173.219	47.755	0.417
415	896.709	54.618	172.763	47.753	0.409
416	904.771	56.676	174.472	48.21	0.449
417	912.649	55.279	176.592	47.958	0.421
418	905.065	56.043	177.755	48.632	0.431
419	900.422	55.598	175.691	48.036	0.44
420	897.56	54.931	175.651	48.137	0.425
421	910.441	55.843	175.552	48.074	0.431
422	910.833	55.698	178.516	48.36	0.422
423	899.753	55.024	174.982	47.879	0.406
424	891.102	54.981	172.548	47.548	0.42
425	900.764	54.97	174.427	47.907	0.409
426	897.686	54.783	175.464	47.481	0.412
427	906.611	55.398	177.395	48.304	0.423
428	905.535	55.121	175.098	47.866	0.425
429	893.785	54.836	176.59	47.714	0.413
430	894.773	54.997	172.702	47.771	0.429
431	908.73	55.209	177.872	48.604	0.42
432	899.547	55.888	176.186	48.596	0.43
433	913.114	55.516	177.753	48.552	0.426
434	902.075	55.115	174.677	47.946	0.419
435	898.424	55.131	172.422	47.514	0.417
436	895.724	54.257	172.477	47.17	0.402
437	901.473	55.728	175.59	48.149	0.425
438	893.718	54.608	175.792	47.579	0.407
439	900.632	54.465	176.451	47.657	0.416
440	899.578	55.213	177.169	48.412	0.421
441	898.073	56.667	177.04	48.472	0.455
442	890.605	54.766	172.764	47.826	0.409
443	915.046	55.485	179.1	48.019	0.42
444	909.989	55.406	174.497	47.853	0.421
445	906.791	55.156	175.709	48.15	0.428
446	912.335	55.409	177.471	48.332	0.415
447	902.225	55.215	175.322	47.71	0.414
448	899.534	55.608	175.655	48.23	0.418
449	907.206	55.081	176.179	47.918	0.417
450	891.592	55.573	172.906	47.822	0.426
451	894.108	55.918	174.141	48.368	0.43
452	902.35	55.477	175.604	47.93	0.423
453	900.64	55.984	173.377	48.114	0.423
454	904.713	55.015	178.262	47.899	0.43
455	896.297	55.772	173.25	48.193	0.431
456	909.856	56.285	175.891	48.165	0.432
457	893.155	55.578	170.935	47.978	0.424
458	895.171	56.08	173.531	48.603	0.439
459	902.632	54.892	174.38	48.096	0.423
460	916.049	55.872	177.37	48.375	0.442
461	906.716	55.302	175.34	47.937	0.415
462	901.834	55.52	174.943	47.846	0.431
463	903.161	55.81	175.578	48.136	0.438
464	910.008	55.374	174.854	48.088	0.423
465	897.143	54.971	176.904	48.152	0.427
466	905.275	55.235	175.896	48.28	0.428
467	897.529	54.58	174.18	47.623	0.408
468	909.426	55.869	178.737	48.764	0.434
469	906.437	55.868	176.014	48.212	0.417
470	904.632	55.211	175.187	47.737	0.416
471	894.703	54.741	173.818	47.733	0.421
472	903.028	55.152	175.821	47.842	0.427
473	903.521	55.583	175.402	48.16	0.431
474	904.616	55.582	177.646	48.34	0.423
475	913.3	55.14	180.048	48.591	0.413
476	908.405	56.536	177.835	48.672	0.443
477	896.047	55.071	173.422	47.699	0.414
478	902.361	56.047	177.812	48.32	0.441
479	890.099	54.626	171.288	47.807	0.417
480	906.661	55.046	176.283	48.104	0.414
481	915.842	55.149	179.199	47.79	0.413
482	898.378	55.486	176.82	48.194	0.421
483	905.905	54.926	177.028	47.804	0.411
484	905.037	55.596	175.811	48.448	0.421
485	917.64	55.395	178.597	47.97	0.421
486	911.739	55.896	177.789	48.643	0.426
487	900.914	54.919	172.575	48.008	0.429
488	897.15	55.166	175.702	48.073	0.427
489	897.223	55.061	175.692	48.215	0.405
490	899.155	55.996	174.914	48.555	0.435
491	901.841	56.331	177.351	48.584	0.443
492	919.209	55.53	179.007	48.242	0.422
493	901.745	55.382	175.208	48.554	0.427
494	912.842	55.793	178.346	48.773	0.424
495	898.563	54.531	173.988	47.692	0.402
496	913.352	55.518	177.462	48.141	0.413
497	908.258	56.381	176.174	48.641	0.434
498	905.108	55.897	176.016	48.386	0.428
499	907.936	54.925	177.579	48.037	0.416
500	898.96	54.529	174.0	47.919	0.411
501	917.273	55.618	179.295	48.076	0.421
502	906.352	55.388	178.971	48.032	0.423
503	896.134	55.261	172.521	47.948	0.423
504	893.105	55.87	175.207	48.005	0.425
505	894.751	55.143	173.021	47.942	0.415
506	899.283	54.964	175.02	47.44	0.417
507	899.312	55.257	174.664	48.349	0.42
508	911.272	55.618	178.943	48.491	0.439
509	906.29	55.091	175.127	47.751	0.407
510	900.233	55.273	174.932	48.332	0.412
511	906.802	55.913	176.694	48.163	0.436
512	897.272	55.417	174.095	47.999	0.429
513	902.476	55.979	175.094	47.951	0.438
514	901.974	55.393	177.5	48.247	0.422
515	900.298	55.427	177.051	48.139	0.421
516	913.998	56.351	176.945	48.162	0.443
517	887.937	54.776	173.265	47.95	0.416
518	897.266	55.972	174.745	48.326	0.432
519	899.592	55.651	176.075	48.525	0.43
520	903.495	54.76	175.622	47.663	0.419
521	898.084	54.993	173.909	47.791	0.438
522	901.778	55.037	175.014	47.898	0.414
523	899.711	55.591	174.729	48.085	0.43
524	905.127	55.875	175.883	48.349	0.421
525	903.81	55.943	175.883	48.183	0.427
526	889.017	54.654	170.763	47.32	0.426
527	908.938	55.314	177.801	48.09	0.429
528	905.589	55.208	174.696	47.712	0.413
529	890.054	55.408	172.242	48.058	0.422
530	897.006	55.125	175.95	48.201	0.423
531	908.976	55.713	176.285	47.974	0.42
532	899.475	54.801	176.494	48.176	0.415
533	896.142	54.859	172.388	47.591	0.412
534	898.929	55.213	174.899	47.93	0.416
535	906.821	55.704	175.408	48.18	0.427
536	890.698	55.587	174.794	47.983	0.431
537	894.258	54.876	174.248	47.553	0.411
538	907.915	55.849	175.111	48.075	0.423
539	900.037	55.361	176.179	48.217	0.423
540	897.292	55.342	174.228	48.192	0.423
541	908.196	55.426	176.601	48.133	0.418
542	897.876	54.993	172.491	47.855	0.421
543	898.769	55.217	172.551	48.115	0.415
544	891.136	55.346	172.322	47.644	0.425
545	898.784	54.873	176.127	47.939	0.427
546	890.531	54.742	173.156	47.697	0.418
547	896.993	54.926	172.829	47.862	0.413
548	896.817	55.027	173.516	48.073	0.421
549	901.511	55.468	174.701	48.009	0.423
550	905.089	56.074	176.736	48.355	0.435
551	900.111	54.84	175.06	48.067	0.421
552	910.534	56.151	177.284	48.638	0.43
553	905.61	56.435	175.948	48.214	0.444
554	909.221	55.707	176.71	48.28	0.418
555	905.415	55.528	175.702	48.031	0.432
556	902.327	55.7	178.171	48.333	0.434
557	890.68	55.178	172.53	47.613	0.418
558	908.251	55.747	176.798	48.521	0.419
559	896.156	54.664	174.117	48.238	0.404
560	915.476	56.268	181.553	49.129	0.436
561	904.233	55.608	175.898	48.147	0.43
562	904.223	56.108	177.089	48.556	0.426
563	906.843	54.901	174.163	47.949	0.416
564	895.789	55.007	174.227	48.014	0.417
565	905.607	55.626	176.265	48.571	0.419
566	901.593	54.768	176.513	47.686	0.406
567	900.039	55.294	174.519	48.301	0.431
568	905.931	55.556	175.154	47.916	0.441
569	904.727	55.912	175.045	48.333	0.434
570	895.511	55.301	173.079	47.713	0.429
571	912.099	56.021	175.846	48.64	0.427
572	905.491	55.19	178.334	48.059	0.423
573	905.156	55.557	176.596	48.248	0.425
574	903.635	56.162	176.12	48.257	0.427
575	910.508	55.065	177.131	47.846	0.412
576	910.345	55.721	178.305	48.098	0.423
577	902.416	55.078	174.731	48.073	0.426
578	894.669	55.33	173.042	48.057	0.43
579	893.943	55.131	174.371	48.026	0.42
580	897.713	54.537	175.099	47.919	0.426
581	905.963	56.254	175.8	48.3	0.44
582	906.33	55.924	176.414	48.616	0.432
583	903.191	56.043	174.887	48.036	0.425
584	901.765	55.697	174.303	48.333	0.421
585	910.646	56.021	177.056	48.308	0.43
586	903.965	54.991	174.335	47.59	0.404
587	908.879	55.401	175.408	48.195	0.422
588	895.419	54.865	173.837	48.123	0.422
589	897.144	55.237	174.135	47.602	0.425
590	907.644	55.184	175.378	47.893	0.415
591	897.665	55.541	174.099	48.116	0.428
592	902.908	55.29	175.907	48.226	0.427
593	906.881	55.214	176.659	48.039	0.429
594	904.951	55.656	174.804	47.928	0.428
595	901.73	55.916	175.237	48.354	0.427
596	898.949	55.002	173.957	47.395	0.427
597	888.87	55.735	174.366	48.278	0.429
598	901.803	55.302	176.786	48.357	0.424
599	904.153	55.699	174.963	48.172	0.428
600	900.943	54.753	174.421	47.389	0.416
601	892.916	56.3	175.825	48.472	0.425
602	895.709	55.181	175.006	47.883	0.411
603	915.76	55.945	178.456	48.396	0.437
604	902.01	54.897	176.368	48.22	0.415
605	899.89	55.24	179.114	48.242	0.425
606	906.28	54.986	175.995	47.948	0.419
607	917.303	56.356	178.515	48.769	0.425
608	902.328	54.597	174.653	47.593	0.411
609	905.731	55.175	176.277	47.949	0.416
610	900.863	55.178	175.103	47.874	0.427
611	893.777	55.253	173.328	47.861	0.422
612	898.82	55.219	173.209	47.888	0.419
613	907.46	55.723	176.176	48.451	0.429
614	896.854	55.835	173.652	48.468	0.426
615	892.02	54.847	173.784	47.751	0.421
616	898.895	56.162	174.102	48.24	0.431
617	902.983	55.023	175.789	48.17	0.416
618	899.229	55.5	173.679	47.433	0.426
619	905.512	55.481	174.864	47.814	0.415
620	905.455	55.061	175.847	47.925	0.422
621	897.688	55.177	172.585	47.959	0.42
622	903.073	55.898	176.727	48.361	0.441
623	904.095	55.178	177.241	48.225	0.43
624	897.531	55.304	175.146	48.03	0.419
625	918.632	56.32	176.044	48.078	0.429
626	905.477	55.363	173.477	47.696	0.424
627	895.359	55.16	171.659	47.779	0.423
628	907.913	55.536	176.129	48.209	0.43
629	899.716	55.214	173.745	47.909	0.419
630	901.082	55.497	176.189	48.195	0.429
631	897.252	55.84	174.06	48.23	0.432
632	905.786	55.511	175.386	48.1	0.416
633	902.438	56.092	175.665	48.167	0.443
634	899.132	55.153	173.681	48.199	0.415
635	906.84	55.677	175.645	48.101	0.424
636	907.165	54.986	177.756	47.944	0.421
637	891.723	55.691	172.711	47.716	0.436
638	899.541	55.492	175.628	48.052	0.416
639	906.176	56.328	175.575	48.293	0.437
640	896.986	56.058	174.068	48.087	0.444
641	901.119	55.293	174.822	47.838	0.424
642	894.267	54.331	174.416	47.554	0.402
643	891.664	55.769	173.516	48.379	0.428
644	900.403	55.317	174.27	48.12	0.425
645	901.578	55.18	174.547	48.181	0.416
646	903.887	55.73	176.378	48.241	0.431
647	898.824	54.154	174.082	47.866	0.415
648	911.835	55.594	175.135	48.444	0.424
649	908.39	56.28	176.099	48.443	0.438
650	896.876	54.959	175.607	48.096	0.422
651	902.036	55.464	174.764	48.283	0.418
652	912.66	55.66	177.359	48.328	0.425
653	899.171	54.933	176.198	48.242	0.414
654	904.24	55.088	176.233	48.202	0.431
655	906.872	55.686	175.469	48.205	0.426
656	901.494	55.585	175.436	48.063	0.423
657	897.995	55.17	172.676	47.53	0.424
658	898.064	55.421	174.485	47.878	0.413
659	905.393	55.086	176.169	47.907	0.409
660	909.971	54.456	175.435	47.756	0.408
661	905.313	56.1	176.972	48.537	0.433
662	906.867	54.758	177.541	48.162	0.404
663	905.417	55.636	174.74	48.456	0.427
664	899.29	55.789	174.811	48.637	0.431
665	896.484	55.114	174.573	48.085	0.419
666	892.858	55.13	173.264	47.863	0.415
667	924.321	55.795	178.922	48.625	0.43
668	910.278	55.184	176.536	47.953	0.43
669	900.823	55.355	176.195	47.974	0.411
670	895.769	55.63	174.73	47.959	0.437
671	898.098	55.295	175.695	47.929	0.432
672	899.504	55.829	175.337	48.223	0.436
673	892.997	55.317	174.498	47.521	0.435
674	896.659	55.025	175.979	48.06	0.419
675	896.195	55.888	175.905	48.606	0.425
676	901.308	55.939	173.114	48.111	0.432
677	916.195	55.796	179.503	48.482	0.427
678	901.641	55.778	176.221	48.159	0.431
679	902.83	55.437	174.868	48.34	0.432
680	904.469	55.024	177.563	47.829	0.409
681	905.36	54.812	175.662	47.928	0.407
682	914.893	55.388	178.814	48.091	0.42
683	894.625	54.805	172.829	47.531	0.411
684	896.999	56.584	174.851	48.383	0.432
685	913.223	55.198	178.115	48.195	0.417
686	913.259	55.438	175.962	48.159	0.425
687	894.823	54.934	175.548	48.22	0.421
688	901.394	54.403	176.933	47.724	0.408
689	913.358	55.727	180.305	48.227	0.431
690	897.941	55.64	177.245	48.482	0.426
691	889.684	55.897	173.538	48.211	0.438
692	897.163	55.429	173.825	47.947	0.425
693	892.989	54.934	172.233	47.369	0.419
694	900.558	55.807	173.627	48.12	0.439
695	903.146	55.361	172.837	48.14	0.419
696	909.512	55.504	175.631	48.187	0.42
697	912.507	55.686	176.321	47.941	0.421
698	902.186	56.056	177.132	48.587	0.426
699	907.323	55.552	177.313	48.244	0.429
700	905.975	55.738	177.753	48.399	0.432
701	917.559	55.964	175.711	48.352	0.436
702	897.878	55.527	175.165	48.073	0.432
703	902.298	55.456	173.511	48.041	0.421
704	888.774	55.012	171.211	47.989	0.415
705	905.283	54.893	174.183	47.483	0.416
706	894.725	54.433	173.754	47.285	0.42
707	894.956	55.566	174.434	48.433	0.427
708	909.237	55.342	178.207	48.509	0.413
709	905.465	54.577	174.897	47.282	0.425
710	899.964	55.048	173.735	48.111	0.413
711	898.538	54.906	175.598	47.931	0.414
712	899.264	54.315	174.491	47.569	0.414
713	911.927	55.114	176.988	47.865	0.412
714	907.716	56.394	177.461	48.63	0.442
715	903.399	55.512	178.31	48.39	0.435
716	897.149	55.253	175.024	47.494	0.425
717	894.231	54.869	172.852	47.278	0.423
718	904.817	55.814	175.007	48.402	0.439
719	896.481	54.781	172.945	47.903	0.414
720	908.318	55.706	175.329	48.733	0.425
721	897.496	55.863	175.017	48.184	0.428
722	903.03	55.176	174.201	47.944	0.417
723	917.925	55.595	179.613	48.543	0.431
724	901.528	55.461	173.481	48.067	0.425
725	910.242	55.865	178.308	48.287	0.442
726	901.167	55.373	175.679	48.376	0.415
727	905.512	55.256	175.149	48.113	0.418
728	907.666	54.708	174.645	48.004	0.423
729	902.691	56.233	175.971	48.464	0.436
730	903.393	55.487	174.82	47.662	0.429
731	900.96	55.271	176.038	48.126	0.425
732	913.426	55.493	178.425	48.157	0.413
733	902.696	55.803	174.694	48.525	0.42
734	894.5	55.029	174.481	47.799	0.429
735	904.695	54.752	174.635	47.793	0.402
736	901.016	55.492	172.887	48.137	0.423
737	897.507	54.587	175.791	47.79	0.414
738	914.183	55.516	177.024	48.261	0.424
739	903.481	55.115	175.186	48.074	0.427
740	903.411	55.405	174.521	47.656	0.424
741	900.597	55.433	176.852	48.339	0.421
742	907.603	55.979	178.562	48.537	0.444
743	905.904	55.182	176.865	48.042	0.416
744	898.082	55.886	174.238	47.763	0.436
745	895.777	55.684	173.651	48.22	0.431
746	896.374	55.526	173.151	48.266	0.421
747	909.493	55.673	174.973	48.175	0.427
748	907.28	55.126	174.023	47.876	0.42
749	890.537	56.039	173.628	47.855	0.464
750	901.737	55.983	174.97	47.79	0.43
751	899.854	55.944	175.789	48.516	0.427
752	912.941	55.143	177.62	47.983	0.412
753	915.539	55.964	179.349	48.893	0.424
754	907.03	54.964	176.336	47.936	0.422
755	904.353	56.017	176.818	48.577	0.44
756	896.469	54.639	173.271	47.824	0.416
757	902.215	54.927	174.315	47.94	0.401
758	908.758	55.463	177.335	48.258	0.434
759	907.816	55.252	176.927	48.24	0.425
760	894.872	55.539	173.764	48.004	0.429
761	895.565	55.698	175.382	48.188	0.424
762	914.344	56.154	177.701	48.674	0.434
763	897.42	55.903	172.712	48.188	0.434
764	897.606	55.19	174.104	48.148	0.422
765	907.352	55.904	177.237	48.548	0.433
766	909.573	55.706	176.34	48.419	0.416
767	904.466	56.027	175.015	48.248	0.445
768	896.983	55.532	174.53	48.347	0.426
769	908.208	56.066	179.538	48.764	0.428
770	887.616	55.157	174.574	48.062	0.416
771	891.287	54.289	175.42	47.357	0.421
772	898.228	55.234	173.957	48.227	0.416
773	899.478	55.645	175.314	48.33	0.441
774	890.506	55.22	172.926	47.884	0.42
775	907.454	55.594	175.186	48.217	0.426
776	904.593	55.394	177.578	47.893	0.43
777	905.465	55.344	173.848	47.867	0.42
778	903.805	56.084	176.776	48.509	0.424
779	895.112	55.001	175.195	47.884	0.426
780	900.027	55.491	176.387	48.391	0.422
781	911.253	55.019	178.957	47.922	0.418
782	901.729	54.836	175.34	48.09	0.409
783	901.31	54.455	174.483	47.645	0.403
784	912.665	54.887	177.445	48.111	0.408
785	896.188	55.526	174.534	48.396	0.431
786	897.198	55.634	172.788	47.809	0.43
787	901.222	55.583	174.755	48.072	0.42
788	901.792	55.668	175.459	48.277	0.432
789	904.409	55.154	176.765	48.069	0.427
790	902.294	55.298	175.378	47.673	0.415
791	916.075	55.875	178.901	48.345	0.432
792	904.452	56.211	175.6	48.292	0.437
793	903.44	55.893	176.078	48.471	0.445
794	907.841	55.668	177.639	48.222	0.429
795	897.066	55.065	177.817	48.255	0.425
796	901.346	54.512	176.426	47.916	0.409
797	910.649	55.267	175.223	47.928	0.422
798	901.208	56.211	174.911	48.238	0.445
799	904.185	54.872	174.879	47.962	0.412
800	895.869	54.464	170.672	47.672	0.408
801	901.369	56.433	175.019	48.604	0.436
802	894.902	56.105	173.933	48.442	0.441
803	901.658	55.569	174.206	48.445	0.423
804	901.253	55.174	174.83	48.072	0.415
805	898.546	55.289	173.964	47.775	0.435
806	905.326	55.75	176.213	48.494	0.425
807	902.012	55.131	174.861	47.922	0.432
808	903.185	55.316	178.378	48.598	0.422
809	897.849	55.563	175.604	48.449	0.419
810	903.16	55.272	174.979	47.959	0.41
811	900.892	55.177	174.176	47.82	0.417
812	912.229	55.616	176.377	47.924	0.412
813	907.264	55.901	174.583	48.065	0.433
814	902.597	55.588	175.994	48.172	0.435
815	899.914	55.426	174.999	48.122	0.417
816	897.32	55.826	172.18	48.14	0.425
817	897.076	55.516	175.467	48.238	0.425
818	915.939	54.631	178.084	47.831	0.4
819	893.3	55.037	172.198	47.441	0.432
820	895.579	54.225	174.466	47.185	0.401
821	904.319	56.075	175.08	48.56	0.431
822	905.849	54.289	175.107	48.003	0.401
823	896.795	55.176	175.21	48.051	0.421
824	904.928	56.134	174.47	48.205	0.424
825	905.015	55.85	176.407	48.432	0.438
826	893.527	54.624	172.731	47.279	0.419
827	906.714	55.995	176.126	48.158	0.442
828	911.384	55.233	177.264	48.076	0.414
829	914.716	55.307	177.151	48.415	0.427
830	892.292	55.114	173.627	47.623	0.426
831	911.837	54.949	177.114	48.121	0.413
832	896.692	55.238	175.379	47.922	0.422
833	907.93	56.158	178.181	48.902	0.439
834	899.596	54.631	176.659	48.077	0.416
835	902.694	55.903	175.697	48.203	0.441
836	901.83	56.077	176.525	48.282	0.437
837	901.973	54.98	176.275	47.816	0.418
838	904.615	56.54	176.367	48.083	0.435
839	902.993	55.092	175.433	47.786	0.417
840	890.078	55.085	173.782	47.539	0.43
841	910.093	55.147	177.156	48.248	0.423
842	907.781	54.612	177.973	47.888	0.424
843	911.617	55.928	177.676	48.345	0.428
844	902.51	56.033	175.135	48.556	0.431
845	891.18	55.19	175.085	48.204	0.426
846	910.135	55.303	178.482	48.364	0.414
847	893.528	55.276	172.138	47.677	0.422
848	905.667	56.016	176.29	48.468	0.437
849	901.485	54.901	175.092	48.228	0.419
850	897.341	54.675	174.093	47.871	0.401
851	894.871	54.236	173.992	47.868	0.403
852	898.746	56.07	174.906	48.261	0.432
853	913.082	55.794	178.056	48.3	0.432
854	895.043	55.836	175.948	48.591	0.435
855	898.305	55.329	174.989	48.124	0.425
856	898.666	55.684	176.261	48.254	0.448
857	916.528	55.479	177.508	48.446	0.424
858	897.702	56.04	172.694	48.148	0.445
859	893.799	54.585	174.26	47.808	0.412
860	883.591	55.23	171.219	47.669	0.434
861	899.367	56.251	175.208	48.483	0.446
862	901.138	55.499	175.463	48.027	0.432
863	906.812	55.812	175.601	48.402	0.428
864	909.929	55.033	178.349	48.225	0.408
865	908.674	55.808	179.642	48.504	0.426
866	891.288	55.207	172.96	48.454	0.423
867	898.738	54.839	174.775	47.594	0.417
868	901.704	55.695	174.86	48.486	0.434
869	891.417	55.478	174.044	47.945	0.433
870	900.18	56.046	174.312	48.21	0.421
871	891.025	54.93	173.6	47.589	0.424
872	898.95	55.625	176.089	47.735	0.435
873	905.574	54.825	174.69	47.904	0.411
874	894.785	55.107	173.967	47.629	0.419
875	913.585	55.356	177.958	48.253	0.421
876	898.28	55.597	173.55	48.222	0.428
877	906.346	54.824	175.814	47.668	0.415
878	901.383	55.522	176.907	48.194	0.42
879	902.307	55.617	176.739	48.624	0.438
880	905.297	55.025	175.293	47.793	0.416
881	902.925	56.233	175.29	48.845	0.442
882	902.551	55.284	174.818	48.052	0.427
883	895.061	56.176	174.447	48.136	0.436
884	904.831	55.567	174.594	48.21	0.425
885	900.221	55.151	177.385	48.301	0.414
886	892.899	55.282	172.739	47.766	0.427
887	899.986	54.785	175.86	47.745	0.407
888	904.991	55.796	175.417	48.303	0.429
889	901.657	55.851	173.407	47.835	0.429
890	895.866	55.883	173.981	48.298	0.426
891	897.618	55.433	174.813	48.158	0.428
892	893.947	54.635	174.655	48.046	0.421
893	911.697	56.28	177.378	48.639	0.441
894	894.086	55.764	171.545	48.078	0.442
895	895.842	55.216	173.708	47.999	0.417
896	903.878	55.328	175.825	48.568	0.422
897	911.236	55.673	176.619	48.301	0.415
898	900.65	55.364	176.303	48.51	0.421
899	896.556	54.623	174.092	47.888	0.416
900	912.579	54.492	176.69	48.015	0.423
901	900.537	55.373	173.895	48.236	0.425
902	909.206	56.21	176.085	48.27	0.437
903	910.766	55.386	176.258	47.862	0.424
904	892.175	55.536	174.424	48.159	0.434
905	902.014	55.121	175.936	48.013	0.421
906	899.552	55.681	175.279	47.937	0.435
907	914.178	55.212	179.461	48.165	0.417
908	894.993	55.334	174.745	48.461	0.429
909	912.244	56.145	176.931	48.694	0.431
910	913.735	55.762	179.783	48.545	0.444
911	909.476	56.2	176.702	48.275	0.43
912	912.368	55.623	177.913	48.294	0.415
913	901.354	55.511	175.729	47.96	0.426
914	902.538	55.144	174.022	47.5	0.415
915	893.115	56.038	172.68	48.618	0.427
916	900.225	55.78	176.924	48.804	0.432
917	903.896	54.859	176.16	48.353	0.413
918	901.528	55.69	176.685	47.889	0.436
919	904.546	54.949	176.476	47.889	0.41
920	906.032	56.095	173.971	48.23	0.44
921	903.512	54.55	175.268	48.095	0.407
922	889.033	54.908	173.291	47.628	0.415
923	900.847	54.853	175.804	48.158	0.42
924	914.429	55.615	178.246	48.472	0.436
925	893.64	55.421	172.658	47.519	0.415
926	890.462	55.315	172.733	48.002	0.417
927	890.483	54.939	175.019	47.899	0.414
928	902.01	55.076	175.417	47.951	0.418
929	893.71	54.579	173.198	47.303	0.405
930	915.229	55.53	178.096	48.144	0.414
931	905.58	55.463	176.82	48.076	0.428
932	886.67	55.044	171.597	48.006	0.417
933	888.476	54.514	171.095	47.424	0.411
934	893.525	55.469	175.375	48.393	0.426
935	912.82	55.926	176.746	48.529	0.422
936	897.164	54.772	175.459	48.743	0.405
937	901.598	54.933	176.455	47.781	0.409
938	901.805	54.696	174.736	48.24	0.418
939	906.549	55.508	175.518	48.29	0.425
940	911.149	55.552	177.859	48.471	0.433
941	898.168	55.119	174.427	47.992	0.417
942	898.076	55.298	173.497	47.536	0.422
943	896.853	55.407	173.15	48.18	0.419
944	900.642	56.56	174.568	48.247	0.436
945	900.98	55.745	176.865	48.452	0.44
946	899.89	55.318	175.72	47.915	0.427
947	905.825	55.078	175.953	47.848	0.412
948	910.662	55.718	175.395	48.41	0.423
949	902.44	55.847	175.707	48.167	0.427
950	899.775	55.281	173.708	47.835	0.42
951	922.082	55.934	178.84	48.776	0.428
952	908.199	55.557	176.422	47.93	0.43
953	901.357	55.967	176.625	48.308	0.433
954	912.439	55.546	175.888	48.073	0.437
955	911.139	55.346	176.363	48.18	0.414
956	903.028	55.023	175.274	47.714	0.425
957	896.719	55.49	175.274	48.342	0.427
958	909.494	55.66	177.166	48.834	0.417
959	912.223	55.751	176.721	47.936	0.414
960	904.509	55.179	176.698	47.95	0.42
961	911.884	56.002	178.644	48.432	0.437
962	900.145	55.384	175.384	47.82	0.427
963	895.03	55.711	171.79	48.274	0.416
964	894.149	55.758	175.642	48.538	0.422
965	904.81	55.588	176.264	48.146	0.427
966	902.739	54.912	174.181	47.471	0.416
967	901.632	55.598	173.294	48.298	0.433
968	898.567	54.779	175.14	47.753	0.413
969	906.193	55.032	175.95	47.919	0.414
970	889.751	56.047	174.688	48.106	0.438
971	888.753	55.852	172.334	47.94	0.438
972	902.126	55.24	175.552	48.637	0.413
973	901.296	56.367	176.506	48.648	0.44
974	902.313	54.682	175.372	47.711	0.421
975	902.641	55.981	175.793	48.194	0.436
976	901.697	56.275	178.253	48.646	0.431
977	905.15	54.904	175.802	47.833	0.411
978	892.263	55.07	175.71	48.028	0.416
979	902.27	55.022	172.888	47.395	0.41
980	898.234	55.276	173.551	47.869	0.425
981	915.429	55.012	180.279	48.118	0.411
982	906.569	55.42	176.209	48.09	0.425
983	901.701	55.987	177.12	48.465	0.43
984	894.494	55.385	174.393	48.171	0.429
985	898.484	55.114	174.612	48.171	0.422
986	891.13	54.888	173.389	47.953	0.419
987	898.516	55.329	174.425	48.254	0.418
988	908.188	55.499	177.316	47.977	0.422
989	905.45	55.208	175.924	47.95	0.425
990	917.348	56.093	177.968	48.237	0.433
991	896.988	54.299	174.081	47.727	0.41
992	898.762	55.044	174.796	47.641	0.425
993	914.119	55.259	178.8	48.339	0.416
994	902.457	55.562	175.261	48.274	0.438
995	907.693	55.647	174.871	48.069	0.425
996	909.618	56.135	178.558	48.326	0.447
997	905.072	55.27	175.831	47.826	0.421
998	909.015	55.594	176.907	47.96	0.416
999	910.249	56.02	175.522	48.018	0.443
1000	895.903	54.59	174.559	47.689	0.418
