Samples	DBS78A	DBS78B	DBS78C	DBS78D	DBS78E	DBS78F	DBS78G	DBS78H	DBS78I	DBS78J	DBS78K	DBS78L	DBS78M
PGENE_1T	2	0	0	0	0	8	0	0	0	0	0	0	0
PGENE_2T	1	0	0	0	0	0	0	0	0	0	0	0	0
PGENE_4T	102	3	0	0	0	0	0	0	0	8	1	0	4
PGENE_5T	0	0	1	0	0	0	0	0	1	0	0	2	0
PGENE_8T	5	1	0	0	0	5	0	5	0	7	0	0	0
PGENE_9T	0	0	0	1	4	0	0	0	0	0	0	1	0
PGENE_10T	0	0	0	0	0	2	0	0	3	0	0	0	0
AC_WGS_1T	0	0	0	0	0	1	0	0	0	0	4	0	0
AC_WGS_2T	12	5	203	0	1	0	2	1	3	3	1	0	0
AC_WGS_4	12	0	0	0	0	0	2	2	2	2	0	0	0
AC_WGS_5	0	212	0	0	0	0	1	0	0	0	0	2	0
AC_WGS_6	4	2	0	0	9	0	1	3	3	1	0	1	6
AC_WGS_9T	0	0	0	0	3	0	4	2	4	0	0	1	0
AC_WGS_10	4	0	0	0	7	3	0	0	2	2	0	2	0
AC_WGS_44	0	0	0	0	0	1	0	0	0	0	0	0	0
AC_WGS_12	3	0	0	0	0	0	0	0	0	0	3	2	0
AC_WGS_13T	0	0	0	2	1	0	0	0	2	0	0	6	0
AC_WGS_15	2	0	0	0	0	1	0	0	0	0	0	0	0
AC_WGS_17	3	0	0	0	8	0	0	0	2	0	4	1	0
AC_WGS_22	1	0	0	0	0	0	0	2	0	0	1	0	0
AC_WGS_23	32	0	0	0	0	2	4	1	15	0	3	0	0
AC_WGS_25	1	0	0	0	0	0	6	1	0	0	1	0	0
AC_WGS_26	0	0	0	2	0	0	0	0	0	0	0	0	0
AC_WGS_27	1	0	0	0	0	0	0	0	1	7	0	0	0
AC_WGS_30	0	0	0	9	0	0	0	0	0	0	0	0	0
AC_WGS_32	1	0	0	3	2	0	16	3	0	1	1	0	0
AC_WGS_33	137	0	0	100	0	0	0	10	0	0	1	0	0
AC_WGS_34	1	0	0	1	4	0	2	7	9	0	0	0	0
AC_WGS_35	1	0	0	0	0	0	0	0	0	0	0	0	0
AC_WGS_36	1	0	0	0	1	0	2	0	0	6	0	3	0
AC_WGS_39	0	0	0	0	0	0	1	0	0	3	4	1	0
AC_WGS_41	7	0	0	16	0	0	7	0	6	1	2	0	0
AC_WGS_49	2	0	0	0	0	1	0	0	4	0	2	0	0
AC_WGS_50	1	6	21	0	10	2	6	0	0	0	0	11	2
AC_WGS_51	5	0	0	0	0	0	4	0	0	0	0	6	0
AC_WGS_52	8	0	0	0	6	0	0	0	0	3	1	0	1
AC_WGS_53	4	0	0	0	0	1	0	0	0	0	0	0	1
AC_WGS_11	1	0	1	0	0	0	2	3	0	0	5	0	0
AC_WGS_37	2	0	0	0	2	0	2	0	0	0	0	0	0
RC596TH1	1	0	0	0	0	5	0	0	0	0	4	0	0
RC597TH1	1	0	0	0	0	2	0	3	0	0	0	0	0
RC598TH1	2	0	0	0	0	3	0	0	0	0	0	0	1
RC599TH1	0	0	0	0	0	0	0	7	0	2	0	0	0
RC602TH1	7	0	0	0	0	0	1	1	0	1	3	6	0
RC603TH1	232	4	0	3	33	34	0	11	0	3	9	0	16
