MutationType	DBS78A	DBS78B	DBS78C	DBS78D	DBS78E	DBS78F	DBS78G	DBS78H	DBS78I	DBS78J	DBS78K	DBS78L	DBS78M
AC>CA	0.00022151168341885924	2.449879563881619e-07	1.6721098435343445e-05	0.00809054303986825	0.008257614164898591	0.0244165014059722	0.002944100488676222	0.009173086979465978	0.036943653150661476	0.002130477709266657	0.0031137722897599646	0.006320390213266348	0.008752875496456302
AC>CG	0.0012146420520004876	4.002738819789987e-07	3.16580825822067e-07	0.000318425355900733	0.00022217344118483656	0.00031724905950571966	0.0015892798816122444	0.0010157993870350038	0.00035761318008783116	0.005866869292458213	0.0007551918654822843	0.0015450740822402634	0.0026595132480177015
AC>CT	0.0007175572583918563	2.915253192950237e-07	0.0001607140507153258	0.005993348209958267	0.027059379531452144	0.01828690124825171	0.00655720001615752	0.010766090493243478	0.0030939977065672472	0.0058868454723599445	0.0033104965468638836	0.012647432172658828	0.009935664497040024
AC>GA	0.0010090409296748236	2.0717821056708885e-07	0.0001869788091860256	0.011231398791348286	0.00983748718114604	0.010199387559456131	0.029654907064212217	0.017456036910492842	0.00437337978549135	0.014317599149794517	0.005246474236473266	0.018846954765165097	0.015746096363765758
AC>GG	0.001108178148003952	3.990017202532386e-07	3.258984518995983e-07	0.0003102357897214655	0.00023486253376279215	0.00045532631714092803	0.0015282315756337502	0.0013227114656561368	0.0003657000808824748	0.0060486190580972396	0.0007905384773148037	0.0013515985810425607	0.0025663121211108716
AC>GT	0.0009563614450209574	0.004304919919260328	0.004538352927217781	0.0020337347887278163	0.005411362128663963	0.00869057043351162	0.0029535831086917375	0.005080649923443	0.009972014391109457	0.0018954796459977334	0.0119614916488411	0.006966533054805535	0.003000003847483212
AC>TA	0.0011912718974223084	0.004518990472640906	0.004290447277897077	0.006783521262502433	0.010858649085083797	0.012676320016656485	0.002354116203890606	0.0053146164161454006	0.0020484200636997595	0.003898664877386991	0.009657524185805351	0.013107611324135718	0.007325393347259538
AC>TG	1.4324631869010505e-06	4.422218368278983e-07	4.493421174477198e-07	3.5930460617151633e-06	5.598042449743004e-06	8.944048603973486e-06	6.233340447716408e-06	9.178897813598183e-06	7.3094919443961705e-06	8.61578115665505e-06	1.227228721969557e-05	9.423509128120503e-06	3.967745916345702e-06
AC>TT	0.0013496304244221152	1.5968219054392214e-07	3.2815235368291e-05	0.013127178627986937	0.011267098827324306	0.05251465304750823	0.006237906062053824	0.014095009509504208	0.008771440324300904	0.006419321393715105	0.04968611738262273	0.010267665896469132	0.013075450986361589
AT>CA	0.0002256713905102599	3.7980657976327186e-07	3.739829915123997e-05	0.00410035516939126	0.0030423992754187866	0.005849947200825565	0.0033194946381931976	0.00473728902558041	0.0013565838098825562	0.0011234319944250172	0.0006271502727437081	0.006561004481321837	0.003964882478076311
AT>CC	0.00026982212462435995	4.3277740118028136e-07	9.752571943144928e-06	0.0002559358664656066	0.0018445583233147702	0.002050872016297724	0.00015048752668436342	0.0006597603873528501	3.548621634875021e-05	7.383463197461692e-05	0.00036386390994758887	0.00031358950773546123	0.0006737752608158098
AT>CG	1.4324631869010505e-06	4.422218368278983e-07	4.493421174477198e-07	3.5930460617151633e-06	5.598042449743004e-06	8.944048603973486e-06	6.233340447716408e-06	9.178897813598183e-06	7.3094919443961705e-06	8.61578115665505e-06	1.227228721969557e-05	9.423509128120503e-06	3.967745916345702e-06
AT>GA	9.185515724676691e-05	3.0306481979506734e-07	0.00015819678492025384	0.02092552737510082	0.008982278405845768	0.00804790891777743	0.0056226667791413444	0.019623399957719216	0.0032660255069730778	0.006651146428122697	0.010808920784394997	0.012410872651756244	0.012077145391572628
AT>GC	0.0003084436801701061	0.004108295201296663	2.730574631943614e-07	0.001468989633076462	0.003426870853449536	0.007485330289259931	0.0014254065639150025	0.003389668275827458	0.0005753361056440109	0.002249570284512376	0.0015423366542257255	0.002544018068663453	0.0038667227573538163
AT>TA	0.0012817187553371794	2.161571759571291e-07	0.005339841927941293	0.019085434922180292	0.00977617812238522	0.006846546986719862	0.0111375202151414	0.0163761676474376	0.002713997987468828	0.012037421827848217	0.002928349387882336	0.03615906555788417	0.01569213647467807
CC>AA	0.004063982140521481	0.078264520951474	0.11694022652243222	0.05013354101492024	0.02800853777328674	0.011022621134236903	0.27246439244071813	0.030813960438864838	0.03155624545975846	0.013328574805472535	0.02852506388044637	0.04190583504279334	0.024441462699917708
CC>AG	0.0022241380813710974	0.014314970106431343	0.019019344235920378	0.01266411201093279	0.020396205263185273	0.014164252876129211	0.013970265963692155	0.014479993329015933	0.00470155000921855	0.0071908193552920555	0.002328617793237497	0.028223935314548133	0.015045013494789114
CC>AT	0.00033327988522306067	0.009484353244739011	0.04452193172276432	0.0549769768155093	0.26985853849893987	0.029754480452098293	0.05097544074285318	0.03072487651394843	0.05125458783194662	0.04443959216519551	0.006707917286640402	0.06251553861902355	0.032088452881866215
CC>GA	9.095095851990904e-05	2.6853865309044415e-07	0.004746141376455206	0.007205008658812754	0.010607147279521346	0.006125843862943974	0.030316570325604635	0.020029156397806003	0.005117941926733987	0.0018735594871513964	0.009227923506634582	0.012533078949913647	0.006621903636976269
CC>GG	0.0023775572690183165	3.101800523314e-07	0.004520825248231757	0.001517904209454639	0.0018542452528227333	0.0046322807786067	0.004542911631877667	0.00569902946889384	0.001344612113283663	0.014794611325865587	0.0020342951494656675	0.004385378979599297	0.008915436746859875
CC>GT	0.00473627817868457	1.3571182901340192e-07	0.004328902974583571	0.013853335221399856	0.042944601256216484	0.019274282771122503	0.012231162757402374	0.051522540424177025	0.027284590294090784	0.020593250689355372	0.004311619470690251	0.018272567490128438	0.014787380739889422
CC>TA	0.006324080295950172	0.0043538343897697555	0.0266149400699005	0.007179737633129996	0.009962807042780858	0.00766582877661797	0.009982303713514721	0.024845173029216065	0.0015721342383617038	0.4372563500279199	0.00809169830380161	0.008688768216185461	0.01380387182072678
CC>TG	0.0002448531937714245	0.004612253207589839	3.6367893719233486e-05	0.020927786458615826	0.021160535877698592	0.0635843521215374	0.005856884620428465	0.041611225529985196	0.0036239274976704954	0.023554799110458245	0.020961123798687843	0.015036906121491837	0.022207099395246045
CC>TT	0.9391039995527187	0.004139081231761246	0.05389403961703956	0.03472730124932741	0.024783059574655823	0.028474981346337108	0.02049813132162231	0.047566481833077975	0.009666860623784999	0.04203398594805633	0.006341866852735026	0.019331729636993096	0.30713722048239844
CG>AT	2.2091399365781515e-07	0.004466513266824947	2.1034388691809674e-05	0.007305231317412084	0.003115030265808781	0.0011224053076918574	0.0019028760851645102	0.003295695240931754	0.0010779674588075024	0.0009383267858098665	0.0004103829038540375	0.003347229974771694	0.003904793624289056
CG>GC	1.4324631869010505e-06	4.422218368278983e-07	4.493421174477198e-07	3.5930460617151633e-06	5.598042449743004e-06	8.944048603973486e-06	6.233340447716408e-06	9.178897813598183e-06	7.3094919443961705e-06	8.61578115665505e-06	1.227228721969557e-05	9.423509128120503e-06	3.967745916345702e-06
CG>GT	8.785944226771659e-07	0.004141680498612977	3.481164623515867e-07	3.6324401230670555e-06	5.230127955452708e-06	8.719790936240856e-06	6.127486757991698e-06	8.861738356489836e-06	7.436943230786741e-06	8.012013727782646e-06	1.2571532665604311e-05	9.10622276452867e-06	3.8160666868533106e-06
CG>TA	1.4324631869010505e-06	4.422218368278983e-07	4.493421174477198e-07	3.5930460617151633e-06	5.598042449743004e-06	8.944048603973486e-06	6.233340447716408e-06	9.178897813598183e-06	7.3094919443961705e-06	8.61578115665505e-06	1.227228721969557e-05	9.423509128120503e-06	3.967745916345702e-06
CG>TC	0.0009604044112438829	0.004301471458425992	5.391586297665858e-05	0.0030113302512065373	0.0026553994152984438	0.003470638518465481	0.002872390791436277	0.0030339436561086187	0.002407882274375419	0.0067480507749948845	0.0015652909129213034	0.009929686678721744	0.005251988774264913
CG>TT	7.844951051162427e-07	4.3231304666928904e-07	4.167436219427608e-07	0.004319645059102585	2.8901142601905504e-05	1.4936384144041913e-05	9.269605435769908e-05	5.7762153739117405e-05	6.850521814208787e-06	8.371564293558932e-06	1.1809786865428655e-05	2.1234869805247705e-05	0.0018581160660670136
CT>AA	5.907424998199911e-05	0.018560703620298775	0.1289820682438838	0.002757167923240405	0.007924954120026717	0.004601051389786635	0.0065368838141952905	0.004389100891955508	0.0008518389236250416	0.0003654509850942823	0.0049406441018203144	0.0151017633658494	0.0032622119240910395
CT>AC	0.00013733083779851786	0.5950363248546109	0.10266760959570295	0.0016900658363940568	0.002841434868282434	0.002817077871812982	0.0019989454784805445	0.0022170779412248234	0.0005609248413009571	0.0006300631605740319	0.00014132039754624978	0.005147603849568552	0.0034701530188834175
CT>AG	0.0001326359617083621	2.6961750742833033e-07	0.03333953743219773	0.0034119403979958928	0.006148386375133881	0.005994613586499423	0.002703915730129322	0.002547956584160062	0.0021840935444911603	0.0008758033271092651	0.0005606253293119315	0.011579618620319284	0.0031338633440699754
CT>GA	3.0058585701349337e-07	3.51141929182832e-07	0.018082092074341135	0.0010898380345531944	0.0016294459160966395	0.001356504165265503	0.0016544386138066852	0.005225322656473301	0.005780349405914128	0.00037838239658296983	0.00013219855727353514	0.0012783564208562566	0.0007786865279313477
CT>GC	0.00023443447262838505	4.16026688868728e-07	0.004213610462412399	0.00026542205368183417	0.0017364121320425205	0.00185638910629713	0.00015678626054564646	0.000585284362602058	4.675019535515647e-05	5.4629790781330386e-05	0.0002719143418132762	0.0003468673320886028	0.0006221582702993791
CT>GG	0.00016026048298388012	2.794063347295422e-07	8.336621323486234e-05	0.011878333630614551	0.00694836705486085	0.012669902511609803	0.0064496354580392545	0.009083183799241966	0.0041262059986924985	0.0029850326545217912	0.0018015738109471214	0.019193565401660898	0.010886550647514402
CT>TA	1.395764430602649e-07	1.3555293304153425e-07	0.012661371193445573	0.04159188419954769	0.006135768674842331	0.013631988484438615	0.022990462578725362	0.01285709223724873	0.017645427222175904	0.012378378442544451	0.0035056940288868085	0.0076877136208884965	0.017754392978446467
CT>TC	0.00015636851240139813	2.1878011346828644e-07	0.008983509276839767	0.029319251712336594	0.028745767601921532	0.033389794427020635	0.008537471688235557	0.01601860975510633	0.007690074741288575	0.012710327338650932	0.0072419558772477115	0.013559960762481343	0.02287376604578646
CT>TG	0.0006117865065221637	3.360400671487679e-07	0.008825863094295438	0.010991383569240287	0.003252182392620003	0.004566808205942876	0.005040258368861967	0.005557214334706185	0.0003537139086073836	0.0006897141315978608	0.005631095472894585	0.001254435053161588	0.006075182529160631
GC>AA	0.004774063920252385	0.004372993362548727	0.0202233051282042	0.01729651459270668	0.006985868533551774	0.019012126403452578	0.022520796966128315	0.011177143619988405	0.014603303290512222	0.008904934537753791	0.42613566046784757	0.014860837793406804	0.014455641717456166
GC>AG	0.00013698516380381508	0.013733577359047205	0.009250995676821099	0.013351463223048554	0.012773890816538635	0.04427851778880415	0.009704401270125304	0.019543297734095414	0.017608286505854245	0.01949756516819096	0.04251282247806256	0.03258970655994644	0.018736810445565497
GC>AT	6.714674939338834e-05	1.5621289415522997e-07	0.008426515060918757	0.007377508320972042	0.007960746117640848	0.014074027395602826	0.00906509946005982	0.020299735125187887	0.04667210878077581	0.0019968429772419197	0.0315395213069203	0.004989591646190881	0.00648939369164596
GC>CA	3.9536700784694206e-05	0.00886553212308727	0.004653046776494128	0.013713791624920195	0.003589035466502916	0.01578467925906859	0.014043928439661013	0.011199267618699278	0.011632592231008345	0.004950210627918616	0.006109544067825523	0.008190136782682166	0.010260110501520269
GC>CG	1.4324631869010505e-06	4.422218368278983e-07	4.493421174477198e-07	3.5930460617151633e-06	5.598042449743004e-06	8.944048603973486e-06	6.233340447716408e-06	9.178897813598183e-06	7.3094919443961705e-06	8.61578115665505e-06	1.227228721969557e-05	9.423509128120503e-06	3.967745916345702e-06
GC>TA	8.35710832347742e-08	0.004456552034470995	0.004324092381912937	0.007283211725564443	0.001963632990832899	0.015125206298220095	0.01151137402679063	0.005614584471895148	0.0012332478331688423	0.001570929186326238	0.023482060320315846	0.003917570088190235	0.006556418651981629
TA>AT	0.00018250201906070944	0.004307511015914205	2.3497648643618532e-05	0.008785536615256509	0.010843130823995633	0.01140159751780194	0.005303537610408674	0.017096928308033704	0.024615944390472835	0.00845495703877621	0.010375486715441189	0.011417992820094048	0.008093049504622666
TA>CG	7.652501486131923e-07	4.344396847219789e-07	4.150713177199061e-07	0.0040674337189473475	2.5407243972066666e-05	8.57826786978262e-06	6.40944586772376e-05	7.971983548538591e-05	6.834566297041123e-06	8.413961387749709e-06	1.180445314899327e-05	8.992671460501471e-06	0.0021490065897689066
TA>CT	0.0005149506208572028	0.0044586138653408885	0.00011678848941056442	0.008354149354430317	0.0069555547656594925	0.011163393334582444	0.02286521189996355	0.017069390890990323	0.013286770361593234	0.004906198960216825	0.027645978828805737	0.005727213947170313	0.0073485291059791225
TA>GC	1.4324631869010505e-06	4.422218368278983e-07	4.493421174477198e-07	3.5930460617151633e-06	5.598042449743004e-06	8.944048603973486e-06	6.233340447716408e-06	9.178897813598183e-06	7.3094919443961705e-06	8.61578115665505e-06	1.227228721969557e-05	9.423509128120503e-06	3.967745916345702e-06
TA>GG	1.4324631869010505e-06	4.422218368278983e-07	4.493421174477198e-07	3.5930460617151633e-06	5.598042449743004e-06	8.944048603973486e-06	6.233340447716408e-06	9.178897813598183e-06	7.3094919443961705e-06	8.61578115665505e-06	1.227228721969557e-05	9.423509128120503e-06	3.967745916345702e-06
TA>GT	0.0006835253543403019	4.125311116812593e-07	9.676009519105417e-06	0.005053161075430608	0.0032797268091967046	0.0038890584516046533	0.00020959411536218856	0.0012680851818619317	6.592488703277624e-05	0.00014347376233319427	0.0005371656659202285	0.00042177561216453856	0.0032387931042578005
TC>AA	4.270508374235124e-05	0.018055627901131275	0.09225732285617577	0.011882756029688102	0.029027558670785245	0.018192404376491493	0.01388975614987177	0.0173818358273195	0.33026340952774136	0.004537759519810608	0.006799474043660141	0.021449114768577426	0.01032950513995798
TC>AG	6.580402573028995e-05	1.0459457334299064e-07	0.023240450455143676	0.00827615909554698	0.018135336935332792	0.08134430660946958	0.016151910503022882	0.02985718058274003	0.03915979103677433	0.022429315723680995	0.015065907855558154	0.016953022757496432	0.011921923001356848
TC>AT	0.0003950615509153014	3.6885320125037943e-08	0.0399092619210148	0.037220440185836014	0.015101794798061893	0.015506970273629279	0.04430040411330887	0.21029629597995636	0.022151078085684957	0.07811359464856599	0.016211402404618127	0.01471939482911624	0.02231169972250441
TC>CA	0.00016034124679031249	1.476076162342819e-07	0.004815430417536869	0.031671294853831314	0.025555022047900406	0.013987744039078818	0.03997186515548965	0.018579333232981988	0.006255620311023532	0.008100988401831974	0.014581124631654042	0.02159319323575297	0.020625501432845906
TC>CG	5.495347218116018e-06	0.004190691476814219	2.8651221404860887e-07	0.0010326281859809917	0.0033914306619621365	0.004234640754097002	0.0006609916576827661	0.0012636788023914747	0.0022791052395537462	0.002129872333810565	0.00046864080513626195	0.004757169864741928	0.0017513026035113639
TC>CT	0.0006085131211448189	0.0041640563026910694	0.008349529300545985	0.021696932217532112	0.01312491420900026	0.0970234212046056	0.008048192826855406	0.009526488296595765	0.03876139206178884	0.003677656039086528	0.01924877292115677	0.014621457167021035	0.014996849758125229
TC>GA	0.00010898656637682664	0.004542980043331784	0.009000705398760007	0.009190635361391267	0.008402525524617677	0.007639979765831869	0.014857157963914567	0.009728208069764478	0.0024856609935340755	0.0028695060904042943	0.0016786848247622905	0.008257398163920442	0.006550542254990288
TC>GG	0.00018773374423142954	3.6353551152407936e-07	6.248880263380077e-05	0.0004013838186885065	0.0019126776688374299	0.002878399646151401	0.00195466938557004	0.0017476695547833944	0.0003295196466871765	0.005818376837587059	0.010363851587087627	0.0032686956876362572	0.0010847070807247028
TC>GT	0.0029341254095458834	0.004391279823465656	0.004429817229196729	0.016962834295330263	0.013189654258864874	0.014993266497157662	0.032021691060243225	0.02295486991159406	0.02617605896984542	0.017886403145041835	0.002640075715529279	0.013335626915046079	0.013496118855713217
TG>AA	0.0009092651591080265	0.004275515676767509	0.021891784558964636	0.010187517326284869	0.0071712194856190575	0.007115339274766548	0.002284154790178622	0.008376880282444802	0.005405723779460249	0.0007442166731271882	0.0005611481734044759	0.0021852864998938362	0.0068946210798427185
TG>AC	0.00250910233973211	3.3363741795753635e-07	3.479401577580811e-05	0.008911241085862802	0.001960462701624825	0.001934077160530684	0.012359133081107964	0.0033267554593805542	0.00024908934155122017	0.004114749709596392	0.0010885548104722761	0.0013470475327772705	0.007470546192194455
TG>AT	0.004986078888214574	0.03279588572245143	0.008950735963808992	0.09365160527546788	0.02379653599021325	0.01746600995491368	0.028482660704547805	0.015096878181765722	0.01866056864876129	0.014245715931724382	0.00864648893231153	0.02403496553828291	0.043534691352291065
TG>CA	0.0011999679470908315	3.375404589655768e-07	3.3736975036130615e-05	0.010199026586609825	0.00776843740051292	0.009299409385335142	0.0016512665473766102	0.005505143019459343	0.00024384939339994172	0.008077685204825503	0.0013661410891461945	0.004018656575189443	0.007342315288037375
TG>CC	0.0001759303090314366	0.00896875094172724	1.935167195427051e-07	0.005778010585444613	0.0029224599513492785	0.015176588819492066	0.0005676636824451556	0.0026487523660000045	0.0018050900749109285	0.0009425204343879704	0.0018440940206095914	0.0024447608288144266	0.004856237488019426
TG>CT	0.00022532768479637877	0.00916607675845144	0.04433379422811315	0.12013195372048907	0.05654402677301324	0.019514989239506054	0.08132069210624124	0.021660484466023488	0.08298329582861143	0.004420908969102182	0.01336214384738542	0.06097637118757232	0.03961101603877541
TG>GA	0.00027265184391208177	3.9249118965625536e-07	3.0420562638307767e-05	0.010530469039939871	0.005573421618851876	0.003287541846846646	0.002322608829934521	0.0038131054836167255	0.001091989208279048	0.001173090018456	0.0004879097373764345	0.0031271510019882636	0.006865659234931352
TG>GC	7.439475738712496e-07	4.332080119964345e-07	4.141659454837114e-07	0.00461746986607935	2.5394350338577045e-05	1.4897664834985306e-05	0.00012470810296980742	7.196561157677167e-05	6.817719155364211e-06	8.378741348439973e-06	1.1829509798311489e-05	3.344004121957951e-05	0.002064719763325097
TG>GT	4.191768982127461e-05	0.10555777703732681	0.06523841642202956	0.016500638570312132	0.04282936254013484	0.008457572741302693	0.016245121740928015	0.008520880236347712	0.003323552665830913	0.009565871047362465	0.036245454045108275	0.20698708085217044	0.00940220309762498
TT>AA	0.0049038447272601185	0.004343964141606689	0.008924455399555484	0.022364856962145647	0.006181022531146928	0.009305407909597043	0.005006893929610264	0.0158159396802373	0.004878885269164749	0.03420098126214485	0.01127558543968158	0.019871399881808662	0.020262232790810054
TT>AC	0.0002265908870546741	3.3753321998913464e-07	8.505279267124984e-05	0.003938969018847713	0.008084711489120931	0.015240826851296603	0.007855138271128208	0.013158433146546002	0.0014462786578455446	0.0014268600334466708	0.012150909871271012	0.00722979008562331	0.0054116868999927025
TT>AG	2.914832932007795e-07	3.8414323655345443e-07	0.004887981925357676	0.006745266357434044	0.003973251788966412	0.013918833220789354	0.002476382835343529	0.002884283491760399	0.002082449713493731	0.001318277753488479	0.0016336594112971085	0.006466067825088698	0.005355859523904078
TT>CA	0.0006751056605761525	2.38767594340054e-07	3.9617649724146416e-05	0.009052397693441456	0.02521286812849084	0.02654461245273762	0.005790561624095383	0.008548483694624959	0.01897139900511835	0.0020911332381335413	0.007754361483518114	0.011997544464888035	0.009459723632696575
TT>CC	0.0005768089484547463	2.725333649686666e-07	0.00014881620077940395	0.01573834259598737	0.020403016228315547	0.02028074582916471	0.006510961264241356	0.009290666039097695	0.0017586944102141078	0.0021883307562832704	0.010836580989381516	0.014406678294629006	0.01148853396542884
TT>CG	0.0002903424879013042	4.1599515749018593e-07	1.9038222512275854e-05	0.008632226330933124	0.0016097411000241322	0.00228582803349047	0.0002030954451526236	0.0008271669947679252	6.931726462549942e-05	3.8001975792660986e-05	0.00025209627300929973	0.00026850817683307573	0.004540032692565749
TT>GA	0.00018705174719522717	0.004729793431285227	9.662526665970174e-06	0.010240966323942249	0.0021725840785885597	0.010281916084163775	0.0017400663008951584	0.004461323590824498	0.006214131718776404	0.000990506190810409	0.020192398960352385	0.003171114631052441	0.007467381741117969
TT>GC	8.055422093668867e-07	4.340392270240805e-07	4.153382422179822e-07	0.004107114446340457	4.997351728324615e-05	8.537159855960722e-06	8.528343480957271e-05	8.982566594320495e-05	6.880628216448633e-06	8.34427220324344e-06	1.1837996007411477e-05	2.126962244804418e-05	0.0018578967517306562
TT>GG	3.7591593400616536e-07	3.895459445269589e-07	0.008964302125504208	0.0004834840671232121	0.0005005459054741315	0.001228671779203739	0.0005294448122713049	0.009975238564779484	0.0004285572259796254	0.005951750312695451	0.0012354895671357943	0.0018753201844497345	0.0014314710966168097
