MutationType	DBS78A	DBS78B	DBS78C	DBS78D	DBS78E	DBS78F	DBS78G	DBS78H	DBS78I	DBS78J	DBS78K	DBS78L	DBS78M
AC>CA	7.66E-04	1.32E-03	7.19E-04	9.14E-04	1.40E-03	4.11E-04	3.70E-05	3.77E-04	5.17E-09	4.14E-04	7.23E-04	1.65E-05	6.02E-04
AC>CG	2.50E-04	1.44E-04	9.25E-05	3.81E-04	1.44E-04	2.74E-04	7.85E-05	4.63E-04	3.45E-09	1.98E-04	3.14E-04	1.48E-08	1.18E-04
AC>CT	9.01E-04	4.00E-04	1.14E-03	9.92E-04	1.03E-03	6.84E-04	8.91E-05	6.76E-04	5.35E-09	4.41E-04	9.33E-04	9.03E-05	7.25E-04
AC>GA	1.52E-03	6.98E-04	9.54E-04	1.48E-03	1.05E-03	1.63E-03	9.24E-05	1.04E-03	5.68E-09	6.65E-04	1.42E-03	1.33E-04	1.11E-03
AC>GG	2.63E-04	1.57E-04	1.01E-04	3.59E-04	1.59E-04	2.66E-04	8.12E-05	4.85E-04	3.37E-09	2.43E-04	2.76E-04	1.50E-08	1.24E-04
AC>GT	5.27E-04	5.78E-04	4.05E-04	3.44E-04	5.82E-04	4.18E-04	9.07E-05	2.63E-04	1.39E-04	7.77E-04	6.50E-04	1.44E-04	3.09E-04
AC>TA	5.45E-04	2.60E-04	5.94E-04	5.11E-04	7.74E-04	3.84E-04	1.05E-04	4.08E-04	1.43E-04	6.87E-04	9.02E-04	1.52E-04	4.18E-04
AC>TG	1.60E-07	1.01E-07	1.31E-07	1.62E-07	1.91E-07	9.65E-08	2.48E-08	1.05E-07	1.68E-09	1.36E-07	1.58E-07	1.63E-08	1.36E-07
AC>TT	1.28E-03	7.40E-04	8.85E-04	1.03E-03	2.49E-03	8.61E-04	1.41E-04	6.29E-04	5.40E-09	1.99E-03	1.03E-03	3.25E-05	8.12E-04
AT>CA	5.54E-04	3.09E-04	2.72E-04	4.57E-04	4.90E-04	5.59E-04	2.88E-05	2.50E-04	3.31E-09	1.36E-04	6.47E-04	2.64E-05	4.51E-04
AT>CC	1.03E-04	1.61E-05	1.71E-04	9.09E-05	1.76E-04	4.61E-05	3.13E-05	1.84E-05	1.83E-09	8.12E-05	7.54E-05	9.35E-06	5.22E-05
AT>CG	1.60E-07	1.01E-07	1.31E-07	1.62E-07	1.91E-07	9.65E-08	2.48E-08	1.05E-07	1.68E-09	1.36E-07	1.58E-07	1.63E-08	1.36E-07
AT>GA	1.21E-03	5.54E-04	5.70E-04	7.52E-04	6.15E-04	5.89E-04	1.60E-05	5.88E-04	4.87E-09	6.76E-04	9.12E-04	1.11E-04	8.16E-04
AT>GC	3.85E-04	1.42E-04	3.09E-04	4.73E-04	6.04E-04	2.25E-04	3.75E-05	3.03E-04	1.34E-04	2.49E-04	3.47E-04	1.23E-08	2.59E-04
AT>TA	1.28E-03	4.02E-04	7.98E-04	1.05E-03	8.32E-04	9.12E-04	9.26E-05	9.06E-04	5.49E-09	6.10E-04	1.75E-03	1.94E-04	8.55E-04
CC>AA	1.89E-03	1.53E-03	1.55E-03	1.11E-03	9.08E-04	5.16E-03	1.88E-04	1.25E-03	5.69E-04	1.93E-03	2.02E-03	9.08E-04	1.54E-03
CC>AG	1.12E-03	7.44E-04	1.06E-03	1.32E-03	9.76E-04	1.15E-03	1.18E-04	7.46E-04	2.54E-04	3.88E-04	1.47E-03	3.32E-04	1.11E-03
CC>AT	1.65E-03	2.15E-03	5.14E-03	1.24E-03	1.43E-03	1.88E-03	9.55E-05	2.15E-03	2.04E-04	8.38E-04	2.39E-03	5.13E-04	1.46E-03
CC>GA	1.29E-03	4.15E-04	7.62E-04	8.47E-04	6.23E-04	1.32E-03	1.91E-05	2.94E-04	5.06E-09	7.79E-04	1.02E-03	1.52E-04	7.92E-04
CC>GG	7.49E-04	4.17E-04	4.16E-04	9.52E-04	5.59E-04	5.56E-04	1.47E-04	9.98E-04	5.01E-09	3.37E-04	6.41E-04	2.18E-04	3.64E-04
CC>GT	2.41E-03	1.38E-03	1.79E-03	1.09E-03	1.40E-03	1.03E-03	1.81E-04	1.25E-03	5.09E-09	5.95E-04	1.27E-03	1.56E-04	9.40E-04
CC>TA	1.89E-03	3.51E-04	1.06E-03	1.23E-03	6.43E-04	9.67E-04	3.25E-04	6.08E-03	1.45E-04	9.81E-04	1.02E-03	4.88E-04	6.38E-04
CC>TG	2.53E-03	6.28E-04	1.30E-03	1.70E-03	3.21E-03	8.99E-04	4.60E-05	1.53E-03	1.47E-04	1.70E-03	1.34E-03	3.62E-05	1.15E-03
CC>TT	4.26E-03	1.94E-03	2.78E-03	7.83E-03	3.15E-03	2.04E-03	1.47E-03	3.74E-03	1.49E-04	1.33E-03	2.62E-03	1.60E-03	3.25E-03
CG>AT	3.75E-04	2.00E-04	2.88E-04	3.22E-04	2.24E-04	2.59E-04	1.54E-08	1.69E-04	1.39E-04	1.45E-04	4.43E-04	2.08E-05	4.35E-04
CG>GC	1.60E-07	1.01E-07	1.31E-07	1.62E-07	1.91E-07	9.65E-08	2.48E-08	1.05E-07	1.68E-09	1.36E-07	1.58E-07	1.63E-08	1.36E-07
CG>GT	1.66E-07	1.04E-07	1.34E-07	1.59E-07	1.93E-07	1.03E-07	2.94E-08	1.16E-07	1.32E-04	1.41E-07	1.72E-07	1.33E-08	1.35E-07
CG>TA	1.60E-07	1.01E-07	1.31E-07	1.62E-07	1.91E-07	9.65E-08	2.48E-08	1.05E-07	1.68E-09	1.36E-07	1.58E-07	1.63E-08	1.36E-07
CG>TC	5.70E-04	3.30E-04	3.79E-04	6.09E-04	4.55E-04	4.20E-04	7.20E-05	5.65E-04	1.41E-04	3.37E-04	7.77E-04	3.89E-05	4.02E-04
CG>TT	2.56E-05	1.00E-07	1.42E-05	1.17E-04	6.37E-06	3.50E-05	2.57E-08	1.04E-07	1.87E-09	1.38E-07	1.22E-05	1.43E-08	2.30E-04
CT>AA	5.54E-04	2.61E-04	6.47E-04	5.00E-04	4.76E-04	6.67E-04	1.51E-05	1.42E-04	2.91E-04	4.98E-04	1.07E-03	8.80E-04	4.21E-04
CT>AC	3.79E-04	2.73E-04	3.36E-04	5.02E-04	3.27E-04	4.25E-04	3.55E-05	2.07E-04	1.07E-03	5.50E-05	6.64E-04	1.06E-03	3.38E-04
CT>AG	3.65E-04	2.97E-04	4.03E-04	4.06E-04	4.97E-04	3.06E-04	2.17E-05	2.38E-04	5.39E-09	1.27E-04	6.83E-04	4.16E-04	4.21E-04
CT>GA	4.54E-04	4.20E-04	2.18E-04	1.90E-04	2.47E-04	2.61E-04	1.48E-08	1.15E-04	3.78E-09	7.17E-05	3.30E-04	2.99E-04	2.11E-04
CT>GC	9.10E-05	1.75E-05	1.53E-04	8.06E-05	1.65E-04	4.70E-05	2.85E-05	1.68E-05	2.07E-09	6.50E-05	7.44E-05	1.42E-04	5.53E-05
CT>GG	9.19E-04	5.60E-04	7.03E-04	1.44E-03	1.11E-03	6.84E-04	2.43E-05	5.79E-04	5.15E-09	3.92E-04	1.33E-03	8.30E-05	1.06E-03
CT>TA	8.91E-04	1.04E-03	6.85E-04	8.82E-04	1.12E-03	1.15E-03	8.21E-09	8.37E-04	4.84E-09	5.55E-04	7.70E-04	2.49E-04	1.29E-03
CT>TC	1.42E-03	8.86E-04	1.62E-03	1.96E-03	2.18E-03	1.05E-03	3.34E-05	1.41E-03	5.42E-09	1.17E-03	1.43E-03	2.15E-04	1.36E-03
CT>TG	5.13E-04	1.71E-04	2.65E-04	2.95E-04	3.67E-04	4.44E-04	6.07E-05	2.34E-04	3.78E-09	5.22E-04	2.51E-04	2.16E-04	4.60E-04
GC>AA	1.07E-03	1.18E-03	6.37E-04	8.90E-04	1.29E-03	1.49E-03	2.10E-04	1.09E-03	1.43E-04	5.73E-03	1.47E-03	3.42E-04	8.62E-04
GC>AG	1.85E-03	1.34E-03	1.13E-03	1.87E-03	2.56E-03	1.18E-03	2.97E-05	1.34E-03	2.58E-04	2.30E-03	2.26E-03	3.09E-04	1.08E-03
GC>AT	1.55E-03	1.68E-03	8.48E-04	1.14E-03	1.21E-03	1.06E-03	1.62E-05	6.03E-04	5.27E-09	1.67E-03	8.33E-04	2.03E-04	8.58E-04
GC>CA	1.02E-03	8.72E-04	4.59E-04	1.00E-03	1.22E-03	1.03E-03	1.75E-05	5.90E-04	1.99E-04	8.88E-04	8.25E-04	1.61E-04	8.95E-04
GC>CG	1.60E-07	1.01E-07	1.31E-07	1.62E-07	1.91E-07	9.65E-08	2.48E-08	1.05E-07	1.68E-09	1.36E-07	1.58E-07	1.63E-08	1.36E-07
GC>TA	7.11E-04	5.34E-04	3.78E-04	8.85E-04	1.07E-03	6.77E-04	7.62E-09	3.62E-04	1.41E-04	1.12E-03	6.35E-04	1.33E-04	4.56E-04
TA>AT	1.31E-03	1.19E-03	8.54E-04	9.06E-04	1.02E-03	7.65E-04	3.30E-05	7.62E-04	1.43E-04	1.00E-03	1.10E-03	2.33E-05	6.88E-04
TA>CG	3.20E-05	1.00E-07	1.61E-05	1.32E-04	1.90E-07	2.74E-05	2.44E-08	1.04E-07	1.83E-09	1.37E-07	1.60E-07	1.41E-08	2.20E-04
TA>CT	1.12E-03	7.95E-04	4.71E-04	7.20E-04	7.52E-04	1.19E-03	6.39E-05	4.95E-04	1.41E-04	1.29E-03	6.46E-04	9.02E-05	5.05E-04
TA>GC	1.60E-07	1.01E-07	1.31E-07	1.62E-07	1.91E-07	9.65E-08	2.48E-08	1.05E-07	1.68E-09	1.36E-07	1.58E-07	1.63E-08	1.36E-07
TA>GG	1.60E-07	1.01E-07	1.31E-07	1.62E-07	1.91E-07	9.65E-08	2.48E-08	1.05E-07	1.68E-09	1.36E-07	1.58E-07	1.63E-08	1.36E-07
TA>GT	1.58E-04	3.01E-05	2.52E-04	1.84E-04	2.86E-04	5.95E-05	6.18E-05	4.20E-05	2.43E-09	1.12E-04	8.57E-05	9.35E-06	2.53E-04
TC>AA	1.33E-03	4.60E-03	1.56E-03	1.04E-03	1.30E-03	1.12E-03	1.80E-05	7.53E-04	2.88E-04	1.00E-03	1.36E-03	8.49E-04	9.67E-04
TC>AG	1.89E-03	1.85E-03	1.15E-03	1.44E-03	3.76E-03	1.03E-03	1.98E-05	1.36E-03	4.74E-09	1.19E-03	1.37E-03	4.20E-04	1.02E-03
TC>AT	5.81E-03	1.27E-03	9.13E-04	8.81E-04	9.70E-04	1.95E-03	8.16E-05	3.24E-03	3.20E-09	1.29E-03	1.14E-03	4.94E-04	1.14E-03
TC>CA	1.39E-03	6.11E-04	1.29E-03	1.29E-03	9.62E-04	1.52E-03	3.06E-05	8.38E-04	5.14E-09	1.07E-03	1.38E-03	2.52E-04	1.18E-03
TC>CG	2.64E-04	2.76E-04	3.59E-04	2.94E-04	4.47E-04	1.70E-04	5.07E-06	2.78E-04	1.33E-04	1.28E-04	4.79E-04	1.56E-08	2.38E-04
TC>CT	9.91E-04	1.66E-03	8.67E-04	1.09E-03	3.42E-03	8.63E-04	7.86E-05	6.69E-04	1.33E-04	1.32E-03	1.22E-03	2.12E-04	1.13E-03
TC>GA	7.66E-04	3.70E-04	6.50E-04	7.00E-04	6.36E-04	8.00E-04	1.89E-05	4.61E-04	1.40E-04	3.13E-04	7.41E-04	2.25E-04	8.03E-04
TC>GG	3.13E-04	1.08E-04	1.87E-04	1.93E-04	3.13E-04	2.99E-04	2.48E-05	4.80E-04	4.19E-09	6.57E-04	3.78E-04	4.40E-05	1.13E-04
TC>GT	1.22E-03	1.09E-03	7.33E-04	9.84E-04	1.04E-03	1.39E-03	1.37E-04	1.03E-03	1.39E-04	3.81E-04	1.01E-03	1.67E-04	9.39E-04
TG>AA	6.26E-04	3.84E-04	4.64E-04	3.69E-04	4.63E-04	3.12E-04	8.26E-05	2.12E-04	1.40E-04	1.17E-04	3.53E-04	3.14E-04	4.21E-04
TG>AC	3.74E-04	9.32E-05	2.36E-04	4.74E-04	3.04E-04	6.25E-04	1.02E-04	4.15E-04	4.46E-09	2.02E-04	2.30E-04	3.46E-05	3.71E-04
TG>AT	1.12E-03	1.07E-03	1.19E-03	1.42E-03	1.06E-03	1.51E-03	1.95E-04	1.01E-03	3.99E-04	8.66E-04	1.30E-03	2.26E-04	2.17E-03
TG>CA	5.40E-04	7.86E-05	5.16E-04	3.70E-04	5.92E-04	2.50E-04	1.04E-04	5.32E-04	4.40E-09	2.38E-04	4.82E-04	3.35E-05	4.62E-04
TG>CC	3.91E-04	2.74E-04	2.85E-04	4.07E-04	8.29E-04	1.46E-04	2.49E-05	3.04E-04	1.98E-04	2.81E-04	3.69E-04	8.85E-09	4.11E-04
TG>CT	1.50E-03	2.83E-03	2.53E-03	1.83E-03	1.38E-03	2.92E-03	5.00E-05	7.52E-04	2.02E-04	1.20E-03	2.98E-03	5.45E-04	3.66E-03
TG>GA	4.02E-04	1.85E-04	4.05E-04	4.26E-04	2.93E-04	3.25E-04	3.44E-05	2.11E-04	2.86E-09	1.14E-04	3.61E-04	2.28E-05	4.48E-04
TG>GC	3.33E-05	9.94E-08	1.61E-05	1.19E-04	6.37E-06	5.44E-05	2.52E-08	1.04E-07	1.85E-09	1.36E-07	2.44E-05	1.42E-08	2.45E-04
TG>GT	9.36E-04	5.31E-04	1.96E-03	7.13E-04	7.49E-04	1.33E-03	1.69E-05	9.69E-04	6.77E-04	2.25E-03	5.50E-03	6.85E-04	8.86E-04
TT>AA	1.38E-03	8.31E-04	6.10E-04	1.30E-03	9.79E-04	8.77E-04	1.76E-04	1.77E-03	1.44E-04	1.02E-03	1.48E-03	2.29E-04	9.58E-04
TT>AC	9.13E-04	2.72E-04	4.88E-04	5.93E-04	8.51E-04	6.82E-04	3.56E-05	3.05E-04	4.63E-09	8.49E-04	5.79E-04	5.52E-05	5.48E-04
TT>AG	4.35E-04	2.88E-04	3.82E-04	4.91E-04	8.22E-04	3.12E-04	1.41E-08	3.74E-04	3.27E-09	2.94E-04	5.31E-04	1.58E-04	4.04E-04
TT>CA	7.30E-04	9.25E-04	1.10E-03	7.74E-04	1.29E-03	5.65E-04	8.05E-05	5.34E-04	5.29E-09	6.46E-04	8.50E-04	3.03E-05	5.84E-04
TT>CC	7.32E-04	3.28E-04	9.19E-04	6.48E-04	9.46E-04	5.73E-04	7.17E-05	3.83E-04	5.44E-09	6.76E-04	7.98E-04	7.08E-05	7.26E-04
TT>CG	1.17E-04	3.14E-05	1.41E-04	1.99E-04	1.91E-04	7.13E-05	3.35E-05	1.10E-05	2.25E-09	6.16E-05	5.63E-05	1.87E-05	3.75E-04
TT>GA	5.85E-04	5.36E-04	2.22E-04	7.35E-04	8.45E-04	4.80E-04	2.50E-05	3.03E-04	1.49E-04	1.01E-03	5.23E-04	9.35E-06	4.92E-04
TT>GC	3.39E-05	1.01E-07	2.41E-05	1.12E-04	1.90E-07	3.25E-05	2.63E-08	1.04E-07	1.77E-09	1.38E-07	1.22E-05	1.43E-08	2.24E-04
TT>GG	7.07E-04	1.56E-04	1.50E-04	3.21E-04	3.10E-04	1.73E-04	2.03E-08	4.50E-04	2.92E-09	2.61E-04	3.01E-04	2.06E-04	1.29E-04
