MutationsType	SBS96A	SBS96B	SBS96C	SBS96D	SBS96E	SBS96F	SBS96G	SBS96H
A[C>A]A	0.00243742	0.00417894	0.01323189	0.01322878	0.02813618	0.00865609	0.00441316	0.00489323
A[C>A]C	0.00132019	0.01202286	0.01450520	0.00726798	0.01230977	0.00308153	0.00688725	0.00207616
A[C>A]G	0.00028083	0.00017177	0.00103761	0.00184156	0.00236035	0.00048632	0.00068086	0.00129313
A[C>A]T	0.00136732	0.00422963	0.00908690	0.00573920	0.01587552	0.00432109	0.00447913	0.00383459
A[C>G]A	0.00296208	0.00063160	0.01061103	0.00974941	0.00575304	0.00987136	0.01975514	0.00662208
A[C>G]C	0.00181582	0.00200848	0.01146638	0.00419099	0.00425419	0.00481922	0.00899696	0.00375178
A[C>G]G	0.00034312	0.00011653	0.00297476	0.00192015	0.00124018	0.00091218	0.00076978	0.00075010
A[C>G]T	0.00394459	0.00102802	0.00986226	0.00473589	0.00458705	0.01293730	0.01634131	0.00398251
A[C>T]A	0.00132673	0.03774852	0.02980317	0.00901237	0.01671128	0.01805378	0.01120169	0.00947142
A[C>T]C	0.02103923	0.07355886	0.01585189	0.00163217	0.00014687	0.00400541	0.00607547	0.00073406
A[C>T]G	0.00255379	0.00672477	0.05730503	0.03971497	0.01270724	0.02554032	0.00682697	0.02078914
A[C>T]T	0.00551013	0.08087229	0.02085669	0.00420036	0.01671685	0.00495274	0.00012311	0.00192772
A[T>A]A	0.00738311	0.00204463	0.01636174	0.00554082	0.00748146	0.00174183	0.01240652	0.00433388
A[T>A]C	0.00147835	0.00317456	0.01096865	0.00446376	0.00595328	0.00485975	0.00413854	0.00239814
A[T>A]G	0.00249783	0.00171717	0.00838775	0.00704236	0.01048385	0.00097421	0.00462126	0.00255307
A[T>A]T	0.00639770	0.00263239	0.02200114	0.00818759	0.01738931	0.00348439	0.00507569	0.00451073
A[T>C]A	0.00764883	0.00398540	0.02985489	0.01538964	0.01664210	0.01275879	0.01210786	0.00723398
A[T>C]C	0.00127973	0.00221368	0.01293034	0.00460786	0.00757655	0.00435442	0.00705910	0.00374623
A[T>C]G	0.00261369	0.00160837	0.01405335	0.00657445	0.00879160	0.00805845	0.00433538	0.09637257
A[T>C]T	0.00713567	0.00338990	0.02978536	0.01112905	0.01323971	0.00962633	0.01162413	0.00849623
A[T>G]A	0.00448119	0.00042815	0.01045266	0.00035920	0.00009921	0.00140805	0.01477938	0.00144111
A[T>G]C	0.00133961	0.00001982	0.00380793	0.00044574	0.00136961	0.00153216	0.00552737	0.00035839
A[T>G]G	0.01426813	0.00052320	0.01174486	0.00295264	0.00575583	0.00020645	0.00179845	0.00563317
A[T>G]T	0.00155667	0.00083686	0.00756486	0.00223861	0.01164157	0.00101272	0.00956597	0.00172280
C[C>A]A	0.00271787	0.02309470	0.00101491	0.25372075	0.00403594	0.00944683	0.02320801	0.00124087
C[C>A]C	0.00158194	0.00898676	0.00259882	0.03474157	0.00434770	0.01174198	0.02136488	0.00344707
C[C>A]G	0.00001088	0.00361504	0.00146592	0.03137956	0.00083683	0.00000668	0.00396394	0.00102182
C[C>A]T	0.00158995	0.02120847	0.00014124	0.11927712	0.00269349	0.00665975	0.04436570	0.00234763
C[C>G]A	0.00077870	0.00078439	0.00251522	0.00445069	0.00742487	0.00988711	0.00592403	0.00218454
C[C>G]C	0.00050130	0.00110193	0.00289384	0.00565858	0.00500539	0.00713327	0.00732593	0.00211628
C[C>G]G	0.00011448	0.00067624	0.00173381	0.00083486	0.00168435	0.00168355	0.00121592	0.00046851
C[C>G]T	0.00272199	0.00135581	0.00337814	0.00433787	0.00650916	0.01812865	0.00846728	0.00221078
C[C>T]A	0.05035741	0.03205051	0.01179699	0.00721161	0.02686888	0.02035402	0.01473641	0.00998886
C[C>T]C	0.05898652	0.17250183	0.00001014	0.00125266	0.00819870	0.00014113	0.06996837	0.00070183
C[C>T]G	0.00865067	0.00659854	0.03179419	0.01748677	0.00924525	0.01765833	0.00758474	0.01308249
C[C>T]T	0.04526743	0.09875570	0.00063209	0.00338239	0.04435258	0.01128516	0.03693918	0.00093341
C[T>A]A	0.00236170	0.00633260	0.00172985	0.00252015	0.00378067	0.00060201	0.01535160	0.00391335
C[T>A]C	0.00068877	0.00445994	0.00400755	0.00416736	0.00797019	0.00169246	0.01130643	0.00293000
C[T>A]G	0.00273166	0.00662546	0.00172444	0.00341591	0.01006420	0.00043018	0.01147848	0.00282209
C[T>A]T	0.00148836	0.00648448	0.00303793	0.00445051	0.01172546	0.00017913	0.02518896	0.00076744
C[T>C]A	0.00329420	0.00224856	0.00871883	0.00613983	0.00546555	0.00464753	0.01308046	0.01529951
C[T>C]C	0.00149728	0.00305937	0.00922382	0.00306516	0.01182293	0.00459025	0.02811014	0.03317521
C[T>C]G	0.00113366	0.00291866	0.00815317	0.00741773	0.00842867	0.00334796	0.00920056	0.05969139
C[T>C]T	0.00468402	0.00367021	0.00625620	0.00433701	0.02866027	0.00376243	0.02417023	0.00541789
C[T>G]A	0.00141712	0.00088990	0.00441193	0.00209893	0.00240073	0.00089030	0.00333107	0.00539237
C[T>G]C	0.00040510	0.00063425	0.00283863	0.00165743	0.00576014	0.00088786	0.00435545	0.00382697
C[T>G]G	0.00490168	0.00175333	0.00456962	0.00384925	0.01530894	0.00304955	0.00474271	0.00523343
C[T>G]T	0.00021016	0.00111098	0.00166409	0.00053904	0.04561503	0.00178065	0.03005606	0.00241482
G[C>A]A	0.00126169	0.00290024	0.00512299	0.01541762	0.01802229	0.00792854	0.00305444	0.00189120
G[C>A]C	0.00117720	0.00773673	0.00461949	0.00717374	0.00586200	0.00329774	0.01254023	0.00165020
G[C>A]G	0.00005415	0.00003570	0.00110997	0.00125745	0.00205965	0.00147239	0.00015017	0.00020082
G[C>A]T	0.00053696	0.00328189	0.00732014	0.00890161	0.01301438	0.00718031	0.00220337	0.00225813
G[C>G]A	0.00021240	0.00057058	0.00525428	0.00460387	0.00490128	0.00376319	0.00692978	0.00269398
G[C>G]C	0.00258012	0.00220707	0.00571052	0.00030766	0.00171093	0.00533270	0.01576047	0.00266782
G[C>G]G	0.00038881	0.00002529	0.00053370	0.00103807	0.00089756	0.00061384	0.00021889	0.00059773
G[C>G]T	0.00109810	0.00134382	0.00373321	0.00438109	0.00493013	0.01037888	0.00594177	0.00206004
G[C>T]A	0.00324246	0.01034292	0.01519021	0.01062644	0.00992130	0.02411398	0.01633128	0.00786871
G[C>T]C	0.01640909	0.01191906	0.02136574	0.00654635	0.00373014	0.01486949	0.01489674	0.00372788
G[C>T]G	0.00382201	0.00418607	0.05565304	0.03049237	0.00789446	0.01575291	0.00914531	0.01597491
G[C>T]T	0.01404407	0.01159254	0.01681536	0.00911957	0.01614237	0.01215760	0.00756270	0.00595114
G[T>A]A	0.00172191	0.00037921	0.00320024	0.00304715	0.00349809	0.00029807	0.00411872	0.00153643
G[T>A]C	0.00044155	0.00186186	0.00274510	0.00259903	0.00356494	0.00218935	0.00265753	0.00066071
G[T>A]G	0.00172127	0.00116335	0.00446041	0.00306105	0.00486438	0.00166572	0.00208834	0.00229551
G[T>A]T	0.00176530	0.00106262	0.00384002	0.00259102	0.00578353	0.00161565	0.00480619	0.00211775
G[T>C]A	0.00358392	0.00234101	0.02129144	0.00558670	0.00607026	0.00885578	0.01139245	0.00510698
G[T>C]C	0.00122957	0.00262816	0.02187814	0.00264797	0.00335933	0.00137115	0.02347785	0.00320363
G[T>C]G	0.00083799	0.00224700	0.01203440	0.00212408	0.00033140	0.00007942	0.00547517	0.19172227
G[T>C]T	0.03165208	0.00383560	0.03387826	0.00818673	0.00225665	0.00200449	0.01016981	0.00782529
G[T>G]A	0.00114720	0.00066942	0.00287106	0.00013399	0.00256216	0.00119452	0.00234534	0.00109087
G[T>G]C	0.00057681	0.00096783	0.00368121	0.00100105	0.00080740	0.00074366	0.00316579	0.00098790
G[T>G]G	0.01665823	0.00072690	0.01293472	0.00257720	0.00677871	0.00193467	0.00168695	0.02104996
G[T>G]T	0.00083793	0.00120928	0.00711525	0.00033063	0.01479514	0.00157231	0.01153154	0.00071571
T[C>A]A	0.00520118	0.00284342	0.00919520	0.01280284	0.01618166	0.03783267	0.01050901	0.00448524
T[C>A]C	0.00238933	0.00966594	0.00648180	0.01189642	0.00858008	0.02550717	0.00840921	0.00301885
T[C>A]G	0.00033114	0.00046164	0.00276458	0.00181905	0.00228986	0.00114875	0.00013919	0.00090734
T[C>A]T	0.00403410	0.00739421	0.01866855	0.03012647	0.02169506	0.04766496	0.01073619	0.00854033
T[C>G]A	0.00483603	0.00123786	0.00040322	0.00558870	0.00345036	0.07688958	0.01090387	0.00176670
T[C>G]C	0.00347227	0.00232516	0.00278745	0.00621086	0.00139002	0.02927015	0.01060320	0.00284241
T[C>G]G	0.00040570	0.00020073	0.00157672	0.00005890	0.00061316	0.00235434	0.00116134	0.00085581
T[C>G]T	0.01042940	0.00444894	0.00101464	0.01128987	0.00026172	0.11959546	0.02151506	0.00178610
T[C>T]A	0.12875190	0.03715472	0.00094265	0.00965561	0.05910001	0.09564253	0.00670407	0.00448188
T[C>T]C	0.23303460	0.09726884	0.01296483	0.00111371	0.02060760	0.02380306	0.00416782	0.00140178
T[C>T]G	0.05764506	0.00426549	0.02288994	0.01281764	0.00708977	0.00802588	0.00246989	0.01040046
T[C>T]T	0.08437956	0.08519576	0.00879759	0.00808015	0.06089010	0.07250856	0.00059322	0.00447452
T[T>A]A	0.00506577	0.00221876	0.03212719	0.00909058	0.01481050	0.00340427	0.01506551	0.00437683
T[T>A]C	0.00164517	0.00118677	0.00732936	0.00291096	0.00740476	0.00194168	0.00341264	0.00223696
T[T>A]G	0.00315985	0.00110728	0.00410891	0.00245020	0.00756052	0.00018319	0.00421457	0.00146380
T[T>A]T	0.00960952	0.00213780	0.01017962	0.00581872	0.02222054	0.00306334	0.01019543	0.00335606
T[T>C]A	0.01013118	0.00148749	0.01596186	0.00951288	0.01638213	0.00287360	0.01199077	0.00598365
T[T>C]C	0.00404696	0.00113342	0.01863328	0.00632408	0.01008880	0.00776090	0.02634678	0.00542437
T[T>C]G	0.00273205	0.00072341	0.00000000	0.00198246	0.00243761	0.00289279	0.00093076	0.25157259
T[T>C]T	0.00919282	0.00122938	0.02132947	0.01092427	0.01938075	0.00660350	0.01250692	0.00620579
T[T>G]A	0.00345878	0.00064625	0.00988770	0.00161392	0.00554488	0.00235117	0.01355071	0.00223837
T[T>G]C	0.00103947	0.00040385	0.00570387	0.00021123	0.00418293	0.00084512	0.00457058	0.00179896
T[T>G]G	0.00411965	0.00154472	0.00610608	0.00254547	0.01243610	0.00364856	0.00651720	0.00171453
T[T>G]T	0.00281307	0.00169991	0.01696890	0.00184430	0.02621412	0.00616077	0.02010819	0.00325629
