Chromosome Arm	AC_WGS_10	AC_WGS_11	AC_WGS_12	AC_WGS_13T	AC_WGS_15	AC_WGS_17	AC_WGS_18T	AC_WGS_1T	AC_WGS_20T	AC_WGS_22	AC_WGS_23	AC_WGS_24	AC_WGS_25	AC_WGS_26	AC_WGS_27	AC_WGS_2T	AC_WGS_30	AC_WGS_31	AC_WGS_32	AC_WGS_33	AC_WGS_34	AC_WGS_35	AC_WGS_36	AC_WGS_37	AC_WGS_39	AC_WGS_4	AC_WGS_40	AC_WGS_41	AC_WGS_42	AC_WGS_43	AC_WGS_44	AC_WGS_45	AC_WGS_46	AC_WGS_49	AC_WGS_5	AC_WGS_50	AC_WGS_51	AC_WGS_52	AC_WGS_53	AC_WGS_6	AC_WGS_9T	PGENE_10T	PGENE_1T	PGENE_2T	PGENE_4T	PGENE_5T	PGENE_6T	PGENE_8T	PGENE_9T	RC596TH1	RC597TH1	RC598TH1	RC599TH1	RC602TH1	RC603TH1
1p	0.000	0.000	0.000	0.000	0.000	0.000	0.000	0.000	0.000	-0.197	0.000	0.000	0.120	0.000	0.171	-0.670	0.000	0.000	0.000	0.150	0.559	0.000	1.042	-0.123	1.580	0.000	0.000	0.658	0.000	0.000	0.000	0.000	0.000	0.000	0.000	0.000	0.276	0.982	0.000	0.477	0.000	0.139	1.431	0.000	0.000	0.000	0.000	0.000	-0.273	0.000	0.000	0.000	0.647	0.000	-0.252
1q	0.000	0.956	0.000	0.000	0.000	0.000	0.000	1.859	0.000	0.880	0.466	0.000	0.120	0.125	0.171	0.495	0.000	0.000	0.000	0.000	0.559	0.000	0.000	-0.123	1.580	0.000	0.000	0.658	0.000	0.000	0.000	0.000	0.000	0.000	0.000	0.559	0.276	0.982	0.000	0.477	0.000	0.139	1.431	0.000	0.000	0.000	0.000	0.000	-0.273	0.000	0.000	0.000	0.647	0.000	0.004
2p	0.143	0.000	0.000	0.000	0.000	0.000	0.000	0.000	0.000	-0.217	0.154	0.000	0.155	0.000	-0.123	0.000	-0.228	0.000	0.108	-0.103	0.604	0.000	-0.385	0.000	0.000	0.000	0.000	0.000	0.000	0.000	0.000	0.000	0.000	0.000	0.000	-0.330	0.421	0.000	0.000	0.000	0.000	-0.492	0.000	0.000	0.000	0.000	0.000	0.000	0.418	0.000	0.000	0.101	0.692	0.706	-0.242
2q	0.143	0.000	0.000	0.000	0.000	0.000	0.000	0.000	0.000	0.000	0.154	0.000	0.155	0.000	-0.123	0.000	-0.228	0.000	0.108	-0.103	0.604	0.000	-0.385	0.000	0.000	0.000	0.000	0.000	0.000	0.000	0.000	0.000	0.000	0.000	0.000	-0.330	0.421	0.000	0.000	0.000	0.000	-0.492	0.000	0.000	0.000	0.000	0.000	0.000	0.418	0.000	0.000	0.101	0.692	0.000	-0.242
3p	0.797	0.000	0.000	0.000	0.000	0.000	0.000	0.000	0.000	0.409	0.119	0.000	0.000	0.000	0.000	0.000	0.000	0.000	0.000	0.105	-0.602	0.000	0.553	0.252	0.000	0.000	0.000	0.000	0.000	0.000	0.000	0.000	0.000	0.000	0.000	-0.113	-0.150	0.000	0.000	0.573	0.000	0.428	0.000	0.000	-0.973	-0.696	0.000	0.000	0.000	0.000	0.000	-0.927	0.286	0.000	1.388
3q	0.797	0.000	0.000	0.000	0.000	0.000	0.000	0.000	0.000	0.409	0.119	0.000	-1.293	0.000	0.000	0.000	0.000	0.000	0.000	0.105	-0.602	0.000	0.553	0.252	0.000	0.000	0.000	0.000	0.000	0.000	0.000	0.000	0.000	0.000	0.000	-0.113	-0.150	0.000	0.000	0.573	0.000	0.428	0.000	0.000	-0.973	-0.696	0.000	0.000	0.000	0.000	0.000	-0.927	0.286	0.000	1.388
4p	0.000	0.000	0.000	0.000	-0.629	3.657	0.000	0.000	0.000	0.921	0.000	0.000	0.000	0.000	0.201	0.663	0.000	0.000	0.740	-0.144	0.444	0.000	0.000	0.000	0.683	0.000	0.000	0.000	0.000	0.000	0.000	0.000	0.000	0.000	0.000	0.382	0.142	0.000	0.162	0.559	-0.249	0.000	0.607	0.000	0.000	0.000	0.000	0.000	-0.373	-0.939	0.000	0.000	0.000	0.000	0.179
4q	0.000	0.000	0.000	0.000	-0.629	3.657	0.000	0.000	0.000	0.921	0.000	0.000	0.000	0.000	0.201	0.663	0.000	0.000	0.740	-0.144	-0.107	0.000	0.000	0.000	0.683	0.000	0.000	0.000	0.000	0.000	0.000	0.000	0.000	0.000	0.000	0.382	0.142	0.000	0.162	0.000	-0.249	0.000	0.607	0.000	0.000	0.000	0.000	0.000	-0.373	-0.939	0.000	0.000	0.000	0.000	0.000
5p	3.657	0.000	0.000	0.000	0.000	0.000	0.000	0.998	0.000	0.361	-0.312	0.000	0.138	0.000	0.258	0.000	0.000	0.000	0.295	0.000	0.588	0.000	0.000	0.312	0.000	0.000	0.000	0.000	0.000	0.000	0.000	0.000	0.000	0.000	0.000	-0.243	0.449	-0.878	0.266	0.000	0.000	0.493	0.000	0.000	-0.987	0.000	-0.128	0.000	-0.336	0.000	0.106	0.000	0.000	0.000	0.409
5q	3.657	0.000	0.000	0.000	0.000	0.000	0.000	0.998	0.000	0.361	-0.312	0.000	0.138	0.000	0.258	0.000	0.000	0.000	0.000	0.000	0.588	0.000	0.000	0.312	0.000	0.000	0.000	0.000	0.000	0.000	0.000	0.000	0.000	0.000	0.000	-0.243	0.449	-0.878	0.266	3.657	0.000	0.493	0.000	0.000	0.000	0.000	-0.128	0.000	-0.336	0.000	0.106	0.000	0.000	0.000	0.409
6p	-0.072	0.904	1.057	0.072	1.644	0.000	0.000	0.000	0.000	1.323	-0.135	0.000	0.000	1.310	0.157	0.520	-0.928	0.000	-0.237	0.197	-0.622	0.419	1.563	0.394	-1.293	-0.411	0.000	0.000	0.000	0.000	0.000	0.000	-0.138	-0.018	1.892	-0.564	0.462	0.851	0.000	0.000	0.419	1.300	0.000	0.000	0.000	1.074	0.899	0.000	1.128	0.000	0.145	0.000	0.000	0.000	0.582
6q	-0.987	0.000	1.057	-0.941	0.830	0.000	0.000	0.000	0.000	1.323	-0.505	0.000	0.000	-0.638	0.157	0.000	-0.928	0.000	-0.237	0.197	-0.622	0.000	0.000	0.394	-1.293	-0.411	0.000	3.657	0.000	0.000	0.000	0.000	-0.138	-0.971	0.000	-0.564	0.462	0.851	0.000	0.000	0.419	-0.662	0.000	0.000	0.000	0.000	0.000	-0.116	0.000	0.000	0.000	0.000	0.000	-0.758	0.000
7p	-0.232	0.000	0.935	0.000	0.442	1.727	0.000	0.000	0.000	1.790	0.441	0.000	1.692	1.165	0.157	0.463	0.000	0.000	0.751	1.164	-0.614	0.000	1.081	0.000	1.961	0.000	0.000	0.000	0.000	0.103	0.000	0.000	0.000	0.000	-0.902	0.404	-0.104	0.000	0.000	0.000	0.000	0.000	1.307	0.000	0.000	0.000	0.967	0.000	1.038	0.000	0.000	0.000	0.000	0.809	0.575
7q	-0.232	0.000	0.935	0.000	0.442	1.727	0.000	0.000	0.000	0.228	0.441	0.000	1.692	1.165	0.157	0.463	0.000	0.000	0.751	1.164	-0.614	0.000	1.081	0.000	1.961	0.000	0.000	0.000	0.000	0.103	0.000	0.000	0.000	0.000	-0.902	0.404	-0.104	0.000	0.000	0.000	0.000	0.000	1.307	0.000	0.000	0.000	0.543	0.000	1.038	0.000	0.000	0.000	0.000	0.809	0.575
8p	0.000	0.000	0.892	0.000	0.115	0.000	0.000	3.657	0.150	0.000	1.025	0.000	-0.636	0.595	0.000	1.225	0.000	0.000	0.000	0.523	-0.638	0.393	0.000	0.282	0.706	0.000	0.000	0.000	0.000	0.059	0.000	0.000	0.000	0.000	0.000	0.488	0.272	0.000	-0.259	0.430	0.000	0.446	-0.604	0.000	0.000	-0.444	0.772	-0.984	0.938	-0.981	0.000	-0.238	0.000	-0.742	-0.304
8q	0.000	0.000	0.892	2.009	0.115	0.000	0.000	3.657	0.150	2.419	1.025	0.000	0.186	0.720	1.211	1.225	3.004	0.000	0.000	0.749	-0.060	0.393	0.000	0.282	0.706	0.000	0.000	1.538	0.000	0.159	0.000	0.000	0.000	0.000	0.914	0.488	0.272	0.000	0.000	0.430	0.000	0.446	0.000	0.000	0.000	0.000	0.772	-0.984	0.938	0.000	0.000	-0.238	0.000	0.000	-0.304
9p	0.000	-1.039	-0.886	-0.854	-0.364	-0.891	0.000	0.000	-0.132	0.000	-0.510	0.000	-0.136	0.000	0.615	0.000	0.000	0.000	-0.382	-0.911	-0.655	0.000	0.000	0.000	-1.293	0.000	0.000	-0.605	0.000	0.000	0.000	0.000	0.000	0.000	0.000	-0.775	0.000	0.000	-0.239	0.000	0.000	-0.579	-0.643	0.000	0.000	-0.443	-0.848	-0.959	-1.058	-0.979	0.000	0.000	-1.293	0.000	-0.650
9q	0.000	-1.039	-0.886	-0.854	0.000	0.000	0.000	0.000	-0.132	0.000	-0.339	0.000	-0.136	0.000	0.615	-1.293	0.000	0.000	-0.382	-0.911	-0.655	0.000	0.000	0.000	-1.293	0.000	0.000	-0.605	0.000	0.000	0.000	0.000	0.000	0.000	0.000	-0.775	-0.782	0.000	-0.239	0.000	0.000	-0.579	-0.643	0.000	-0.447	-0.443	-0.848	-0.959	-1.058	0.000	0.000	0.000	-1.293	0.000	-0.650
10p	0.000	0.000	-0.954	-0.769	-0.146	0.000	0.000	0.000	0.000	-0.337	-0.586	0.000	0.000	-0.119	-0.793	-0.683	0.000	0.000	0.417	-0.547	0.000	0.000	-0.374	0.000	0.000	0.000	0.000	0.000	-0.110	-0.117	0.000	0.000	0.000	0.000	0.000	-0.601	-0.756	0.000	0.000	-0.907	0.000	-0.558	-0.614	0.000	0.000	-0.989	0.000	0.000	0.000	0.000	-0.101	-0.147	0.000	0.000	-0.314
10q	0.000	0.000	-0.954	0.000	-0.146	0.000	0.000	0.000	0.000	-0.337	0.000	0.000	0.000	0.000	0.000	-0.683	0.000	0.000	0.417	-0.547	0.000	0.000	-0.374	0.000	0.000	0.000	0.000	0.000	-0.110	0.000	0.000	0.000	0.000	0.000	0.000	-0.601	-0.158	0.000	0.000	-0.464	0.000	-0.558	-0.614	0.000	0.000	-0.989	0.000	0.000	0.000	0.000	0.000	-0.147	0.000	0.000	-0.314
11p	0.000	0.000	-0.118	0.000	-0.149	0.000	0.000	0.000	0.000	-0.209	0.652	0.000	0.124	0.000	0.000	0.550	3.657	0.000	0.204	-0.905	-0.619	0.000	0.000	0.000	0.000	0.000	0.000	-0.631	0.000	0.000	0.000	0.000	0.000	0.000	0.000	0.493	0.000	0.000	0.000	0.000	-0.953	0.000	-0.621	0.000	-0.976	0.000	0.000	0.000	0.000	0.000	0.000	0.000	0.000	3.657	-0.292
11q	0.000	0.000	-0.118	0.000	-0.149	0.000	0.000	0.000	0.000	-0.209	0.652	0.000	0.124	0.000	0.000	0.550	3.657	0.000	0.204	-0.905	3.657	0.000	0.000	0.000	0.000	0.000	0.000	-0.631	0.000	0.000	0.000	0.000	0.000	0.000	0.000	0.493	0.000	0.000	0.000	0.000	-0.953	0.000	-0.621	0.000	-0.976	0.000	-0.114	0.000	0.000	0.000	0.000	0.000	0.000	3.657	-0.292
12p	0.000	0.000	-0.375	0.000	0.000	3.657	0.000	0.000	-0.116	-0.250	-0.359	0.000	0.120	0.000	-0.205	0.000	0.000	0.000	0.285	-1.020	0.462	0.000	0.000	0.000	0.000	0.000	0.000	1.395	0.000	0.000	0.000	0.000	0.000	-0.997	0.000	0.000	-0.134	-0.932	0.000	-0.496	-0.683	0.000	0.000	0.000	0.000	0.000	0.000	0.945	0.000	0.000	0.615	0.000	0.000	0.000	0.000
12q	0.000	0.000	-0.375	0.000	-0.101	0.000	0.000	0.000	-0.116	-0.250	-0.359	0.000	0.120	0.000	-0.205	0.000	0.000	0.000	0.285	-1.293	0.000	0.000	0.000	0.000	0.000	0.000	0.000	0.000	0.000	0.000	0.000	0.000	0.000	0.000	0.000	0.000	-0.134	0.000	0.000	-0.496	-0.683	0.000	0.000	0.000	0.000	0.000	0.000	0.945	0.000	0.000	0.615	-0.119	0.000	0.000	0.000
13q	0.000	0.000	0.000	0.000	0.000	0.000	0.000	0.000	0.000	1.440	0.000	0.000	-0.735	0.551	0.193	0.575	0.000	0.000	-0.486	0.517	-0.636	0.000	0.000	0.000	-0.636	0.000	0.000	0.000	0.000	0.000	0.000	0.000	0.000	0.000	0.000	-0.544	0.481	0.000	0.000	-0.431	0.000	0.334	0.000	0.000	-0.494	0.000	0.000	0.000	0.900	0.000	-0.142	0.000	0.000	-0.744	-0.292
14q	0.000	-0.964	-0.849	0.000	-0.303	0.000	0.000	0.000	-0.105	-0.243	0.000	0.000	0.000	0.000	0.122	0.422	0.000	0.000	-0.288	-0.195	-0.283	0.000	0.000	0.000	-0.666	0.000	0.000	0.106	0.000	0.000	0.000	0.000	0.000	0.000	0.000	0.000	0.000	0.000	0.000	-0.459	-0.918	0.000	-0.636	0.000	0.000	0.000	0.000	0.000	-0.206	0.000	0.000	0.000	0.000	0.000	0.260
15q	0.000	0.000	0.000	0.000	0.430	-0.103	0.000	0.908	0.000	-0.240	1.462	0.000	0.000	-0.123	-0.372	0.000	0.000	0.000	0.000	-0.320	0.275	0.279	0.000	0.464	0.000	0.311	-0.101	0.000	0.000	0.000	0.000	0.000	0.000	0.000	0.000	-1.293	0.425	0.000	0.000	-0.464	0.000	0.000	-0.632	0.000	-0.446	0.000	0.000	0.000	1.063	0.000	0.000	0.000	0.000	0.251	-0.302
16p	-1.032	-0.240	-0.108	-0.175	-0.139	-0.146	0.000	-0.159	-0.357	0.109	-0.671	0.000	-1.293	-0.427	-0.414	0.474	0.000	0.000	0.000	-0.126	-0.627	-0.184	-0.145	-0.320	-0.103	-0.216	-0.306	-0.131	0.000	-0.361	0.000	0.000	-0.203	0.000	0.000	0.159	0.530	-0.119	-0.588	-0.155	0.000	0.000	0.248	0.000	0.000	-1.000	0.000	0.000	0.516	0.000	-0.143	-0.179	0.000	-0.118	0.000
16q	-1.032	-0.108	-0.108	-0.306	-0.139	-0.146	0.000	-0.159	-0.357	-0.819	-0.671	0.000	-1.293	-0.203	-0.414	0.474	0.000	0.000	0.000	-0.258	-0.627	-0.184	-0.145	-0.320	-0.103	-0.216	-0.306	0.000	0.000	-0.172	0.000	0.000	-0.203	0.000	0.000	0.159	0.530	0.000	-0.588	-0.963	-0.934	0.000	0.248	0.000	0.000	-1.000	0.000	-0.945	0.516	0.000	0.000	-0.179	0.000	-0.785	0.000
17p	0.000	-0.208	0.000	-0.796	-0.128	0.000	-0.410	-0.149	-0.290	0.000	-0.667	0.000	-1.293	-0.350	-0.182	-0.404	0.000	0.000	-0.614	0.893	-0.682	-0.642	-0.359	-0.339	0.000	-1.293	-0.731	-0.133	-0.199	-0.366	0.000	0.000	-0.751	0.000	0.000	-1.005	-0.762	-0.199	-0.586	-0.653	-0.071	-0.448	0.687	0.000	-0.465	0.000	0.000	0.000	0.000	-1.011	-0.206	-0.240	0.000	-0.587	0.208
17q	0.000	-0.208	0.000	0.000	-0.128	0.000	-0.410	-0.149	-0.290	0.000	-0.667	0.000	0.000	-0.350	-0.182	-0.404	0.000	0.000	-0.614	1.244	-0.682	-0.642	-0.359	-0.339	0.000	-0.355	-0.731	-0.133	-0.199	-0.366	0.000	0.000	-0.751	0.000	0.000	-0.159	-0.762	-0.199	-0.586	0.000	0.424	-0.448	0.687	0.000	0.000	0.000	0.000	0.000	0.000	-1.011	-0.206	0.000	0.000	-0.587	0.208
18p	1.140	0.000	0.000	0.000	0.000	0.000	-0.113	0.000	0.000	-0.331	0.000	0.000	0.463	0.000	0.193	0.000	-0.576	0.000	-0.191	0.168	0.000	0.000	0.000	0.000	-0.644	0.000	0.000	1.907	0.000	0.000	0.000	0.000	-0.101	0.000	0.000	0.139	0.000	0.000	0.000	0.331	0.000	0.000	0.662	0.000	-0.946	0.101	0.567	0.000	0.894	0.000	0.518	-0.507	0.000	0.000	0.785
18q	1.140	0.000	0.000	0.000	0.000	0.000	0.000	0.000	0.000	-0.331	-0.190	0.000	0.463	0.000	0.193	0.000	-0.576	0.000	0.121	0.168	0.000	0.000	0.000	0.000	-0.644	0.000	0.000	1.907	0.000	0.000	0.000	0.000	-0.101	0.000	0.000	0.139	0.000	0.000	0.000	0.331	-0.513	0.000	0.662	0.000	-0.946	0.000	0.567	0.000	0.894	0.000	0.518	0.000	0.000	0.000	0.785
19p	-0.132	-0.406	-0.181	0.000	-0.480	-0.183	-0.347	0.530	0.000	-0.630	0.474	0.000	-0.875	-0.290	-0.229	-0.410	-0.122	0.000	-0.371	0.523	-0.159	-0.680	-0.370	-0.661	-0.225	-1.293	-1.293	0.881	-0.300	-0.223	0.000	0.000	-1.293	-0.135	-0.142	0.000	-0.378	-0.107	-1.293	-0.148	0.000	0.307	0.000	0.000	0.000	0.000	0.113	0.000	0.615	0.000	-0.667	0.000	0.000	-1.293	0.000
19q	-0.132	-0.406	-0.181	0.000	-0.344	-0.183	0.000	0.530	0.000	-0.630	-0.654	0.000	-0.875	0.000	-0.229	-0.410	-0.122	0.000	-0.371	0.000	0.000	-0.680	0.000	-0.661	-0.225	-1.293	-1.293	0.881	0.000	-0.486	0.000	0.000	-1.293	-0.135	-0.142	0.000	-0.108	-0.283	-1.293	-0.148	0.000	0.000	0.000	0.000	0.000	0.000	0.113	0.000	0.835	0.000	-0.402	-0.261	0.000	-1.293	0.000
20p	0.000	0.780	-0.122	0.000	0.000	0.000	-0.280	3.657	0.000	0.000	0.388	0.000	0.000	1.068	0.630	0.485	0.000	0.000	0.459	-0.434	-0.332	0.000	0.000	0.000	0.000	-0.307	-0.328	3.657	0.000	0.000	0.000	0.000	-0.304	0.000	0.000	0.999	0.147	0.000	-0.178	0.000	0.000	0.493	0.714	0.000	-0.430	0.000	0.000	0.000	0.000	0.620	0.000	0.000	0.000	0.819	0.846
20q	0.000	1.763	-0.122	0.000	0.000	0.000	-0.280	3.657	0.000	0.000	0.388	0.000	0.000	1.068	0.630	0.485	0.000	0.000	0.979	0.453	-0.121	0.000	0.000	0.000	0.497	-0.307	-0.328	0.000	0.000	-0.134	0.000	0.000	-0.304	0.000	0.000	0.999	0.147	-0.117	-0.178	0.000	0.000	0.493	0.714	0.000	-0.430	0.000	0.000	0.000	0.000	0.620	0.000	0.000	0.000	0.819	0.846
21p	0.000	-1.293	0.000	0.361	0.000	0.000	0.000	1.297	0.000	0.331	0.530	0.107	0.229	0.000	-0.267	-0.679	0.000	0.000	-0.248	-0.909	-1.061	-0.197	-0.986	-0.129	0.000	0.000	0.000	0.281	0.000	0.000	0.000	0.000	0.000	0.000	-1.252	-0.268	0.447	-0.902	-0.165	-0.144	-0.092	1.654	0.000	0.000	0.000	0.000	0.000	0.000	0.714	0.000	0.900	0.000	-0.253	-1.293	-0.028
21q	0.935	-1.293	0.000	0.000	0.000	0.000	0.000	1.297	0.000	0.331	0.530	0.000	0.000	0.000	-0.267	-0.679	0.000	0.000	-0.248	-0.909	0.000	0.000	-0.124	-0.129	0.000	0.000	0.000	0.281	0.000	0.000	0.000	0.000	0.000	0.000	0.000	0.000	0.447	-0.902	-0.165	-0.144	-0.302	0.000	0.000	0.000	0.000	0.000	0.000	0.000	-0.122	0.000	-0.136	0.000	0.000	0.000	-0.297
22q	3.657	-0.225	-0.115	1.937	-0.183	-0.153	-0.502	-0.196	-0.446	-0.834	-0.286	0.000	-0.411	1.592	0.000	-1.012	-0.981	0.000	1.118	1.113	3.657	-0.276	1.380	0.226	0.572	0.000	-0.706	3.657	-0.366	-0.381	0.000	0.000	-0.354	0.000	0.000	1.122	0.472	0.000	-0.835	-0.626	-0.192	0.000	1.870	0.000	-0.906	-0.978	0.142	3.657	0.921	0.000	0.000	0.000	0.000	-0.125	0.000
