MutationType	DBS78A	DBS78B	DBS78C	DBS78D	DBS78E	DBS78F	DBS78G	DBS78H	DBS78I	DBS78J	DBS78K
AC>CA	7.98E-05	5.01E-04	6.79E-04	3.81E-04	3.09E-05	1.31E-03	5.06E-09	7.56E-04	6.35E-04	7.88E-04	5.72E-04
AC>CG	1.26E-08	2.27E-04	2.44E-04	4.12E-04	6.30E-05	1.08E-04	3.28E-09	3.41E-04	1.23E-04	1.39E-04	9.85E-05
AC>CT	9.85E-05	6.35E-04	8.99E-04	6.75E-04	1.24E-04	3.41E-04	5.38E-09	7.56E-04	4.93E-04	5.69E-04	1.12E-03
AC>GA	1.31E-04	1.39E-03	1.15E-03	1.10E-03	5.69E-05	5.52E-04	5.44E-09	1.24E-03	8.53E-04	8.81E-04	7.30E-04
AC>GG	1.42E-08	2.11E-04	2.55E-04	3.98E-04	5.54E-05	1.65E-04	2.84E-09	3.22E-04	8.61E-05	2.44E-04	1.32E-04
AC>GT	1.42E-04	3.32E-04	4.61E-04	2.43E-04	1.23E-04	4.47E-04	1.37E-04	3.69E-04	7.93E-04	3.35E-04	4.17E-04
AC>TA	1.50E-04	4.39E-04	7.08E-04	4.53E-04	1.27E-04	3.76E-04	1.31E-04	4.92E-04	6.60E-04	3.92E-04	6.82E-04
AC>TG	2.48E-08	9.50E-08	1.37E-07	9.75E-08	1.88E-08	9.11E-08	1.41E-09	1.63E-07	1.27E-07	1.45E-07	1.24E-07
AC>TT	1.02E-04	7.07E-04	1.16E-03	7.01E-04	1.65E-04	7.17E-04	5.24E-09	1.25E-03	1.92E-03	1.00E-03	9.34E-04
AT>CA	5.64E-06	3.48E-04	4.34E-04	2.17E-04	3.46E-05	2.24E-04	2.77E-09	3.51E-04	2.28E-04	3.35E-04	3.16E-04
AT>CC	2.82E-06	6.19E-05	1.11E-04	2.87E-05	3.68E-05	2.71E-05	1.66E-09	1.16E-04	1.07E-04	8.88E-05	1.99E-04
AT>CG	2.48E-08	9.50E-08	1.37E-07	9.75E-08	1.88E-08	9.11E-08	1.41E-09	1.63E-07	1.27E-07	1.45E-07	1.24E-07
AT>GA	1.25E-05	6.71E-04	9.75E-04	5.83E-04	2.16E-05	3.96E-04	4.85E-09	7.41E-04	6.29E-04	8.26E-04	6.06E-04
AT>GC	2.55E-05	2.69E-04	3.79E-04	2.97E-04	4.25E-05	2.45E-04	1.32E-04	3.24E-04	2.32E-04	2.21E-04	2.91E-04
AT>TA	2.06E-04	8.54E-04	1.54E-03	8.43E-04	7.51E-05	6.18E-04	5.56E-09	1.04E-03	5.17E-04	9.05E-04	6.62E-04
CC>AA	1.00E-03	4.75E-03	1.93E-03	1.50E-03	1.77E-04	1.43E-03	5.74E-04	1.08E-03	2.00E-03	1.29E-03	1.23E-03
CC>AG	3.55E-04	9.54E-04	1.45E-03	6.54E-04	1.28E-04	5.46E-04	2.64E-04	9.50E-04	5.04E-04	7.64E-04	1.01E-03
CC>AT	5.44E-04	1.76E-03	2.28E-03	2.07E-03	7.56E-05	2.00E-03	2.01E-04	1.27E-03	9.39E-04	1.37E-03	4.47E-03
CC>GA	1.59E-04	1.15E-03	7.61E-04	4.83E-04	2.41E-05	5.76E-04	4.75E-09	6.30E-04	6.77E-04	7.82E-04	7.57E-04
CC>GG	1.40E-04	5.46E-04	7.45E-04	9.34E-04	1.17E-04	3.11E-04	4.91E-09	7.76E-04	3.90E-04	2.82E-04	3.88E-04
CC>GT	1.69E-04	1.23E-03	1.52E-03	1.23E-03	1.97E-04	1.37E-03	5.13E-09	1.28E-03	1.07E-03	1.02E-03	1.58E-03
CC>TA	4.55E-04	1.20E-03	9.84E-04	5.31E-03	3.25E-04	4.08E-04	1.46E-04	1.17E-03	1.11E-03	5.87E-04	1.25E-03
CC>TG	2.59E-04	1.15E-03	1.80E-03	1.69E-03	6.44E-05	9.49E-04	1.45E-04	1.78E-03	1.61E-03	1.34E-03	1.55E-03
CC>TT	1.72E-03	2.23E-03	2.14E-03	3.27E-03	1.51E-03	1.54E-03	1.45E-04	7.76E-03	1.44E-03	1.96E-03	2.64E-03
CG>AT	2.93E-05	2.76E-04	3.09E-04	2.54E-04	1.53E-08	2.13E-04	1.40E-04	2.68E-04	1.13E-04	3.10E-04	2.81E-04
CG>GC	2.48E-08	9.50E-08	1.37E-07	9.75E-08	1.88E-08	9.11E-08	1.41E-09	1.63E-07	1.27E-07	1.45E-07	1.24E-07
CG>GT	2.41E-08	9.94E-08	1.47E-07	1.07E-07	2.38E-08	9.27E-08	1.34E-04	1.59E-07	1.34E-07	1.40E-07	1.26E-07
CG>TA	2.48E-08	9.50E-08	1.37E-07	9.75E-08	1.88E-08	9.11E-08	1.41E-09	1.63E-07	1.27E-07	1.45E-07	1.24E-07
CG>TC	1.57E-05	3.73E-04	6.58E-04	6.09E-04	5.51E-05	4.49E-04	1.35E-04	5.66E-04	4.31E-04	4.46E-04	2.42E-04
CG>TT	2.37E-08	1.36E-05	1.40E-07	9.61E-08	2.20E-08	9.10E-08	1.59E-09	1.19E-04	1.30E-07	2.28E-04	2.24E-05
CT>AA	9.34E-04	5.84E-04	9.68E-04	2.02E-04	1.33E-05	3.00E-04	3.03E-04	4.66E-04	4.51E-04	4.10E-04	4.97E-04
CT>AC	1.39E-03	1.92E-04	3.45E-04	2.07E-04	4.74E-05	1.64E-04	1.05E-03	3.21E-04	1.19E-04	1.72E-04	2.11E-04
CT>AG	4.35E-04	3.31E-04	6.25E-04	1.69E-04	2.98E-05	2.47E-04	5.25E-09	2.95E-04	2.05E-04	3.46E-04	4.28E-04
CT>GA	2.97E-04	2.05E-04	2.16E-04	1.62E-04	1.36E-08	3.64E-04	3.41E-09	2.53E-04	1.45E-04	1.74E-04	2.12E-04
CT>GC	1.39E-04	4.97E-05	1.31E-04	3.90E-05	3.79E-05	3.45E-05	1.96E-09	1.12E-04	9.47E-05	8.96E-05	1.84E-04
CT>GG	7.04E-06	6.49E-04	1.18E-03	4.52E-04	2.51E-05	8.83E-04	4.67E-09	8.61E-04	4.82E-04	1.13E-03	8.14E-04
CT>TA	2.87E-04	1.17E-03	6.90E-04	8.20E-04	9.37E-09	9.79E-04	5.02E-09	8.57E-04	6.92E-04	1.16E-03	6.01E-04
CT>TC	2.28E-04	9.73E-04	1.04E-03	1.07E-03	6.34E-05	8.22E-04	5.37E-09	1.56E-03	1.02E-03	1.28E-03	1.28E-03
CT>TG	2.02E-04	3.88E-04	2.63E-04	1.58E-04	7.32E-05	8.11E-05	3.71E-09	3.37E-04	4.41E-04	4.68E-04	2.72E-04
GC>AA	3.64E-04	1.47E-03	1.12E-03	1.19E-03	2.34E-04	1.11E-03	1.41E-04	8.97E-04	5.06E-03	9.01E-04	7.28E-04
GC>AG	2.88E-04	1.21E-03	1.79E-03	1.39E-03	6.29E-05	1.23E-03	2.46E-04	1.86E-03	2.06E-03	1.24E-03	1.03E-03
GC>AT	2.37E-04	9.92E-04	7.68E-04	3.42E-04	2.23E-05	1.53E-03	5.27E-09	8.39E-04	1.36E-03	7.36E-04	5.86E-04
GC>CA	1.61E-04	9.77E-04	7.45E-04	6.41E-04	2.45E-05	8.90E-04	2.09E-04	8.86E-04	7.69E-04	7.91E-04	5.52E-04
GC>CG	2.48E-08	9.50E-08	1.37E-07	9.75E-08	1.88E-08	9.11E-08	1.41E-09	1.63E-07	1.27E-07	1.45E-07	1.24E-07
GC>TA	1.42E-04	7.04E-04	4.69E-04	3.12E-04	9.20E-09	2.29E-04	1.31E-04	5.82E-04	9.78E-04	4.08E-04	2.09E-04
TA>AT	1.12E-05	6.91E-04	8.08E-04	7.38E-04	4.26E-05	1.08E-03	1.41E-04	7.81E-04	9.04E-04	5.74E-04	7.63E-04
TA>CG	1.96E-08	1.23E-05	1.39E-07	9.75E-08	2.19E-08	9.11E-08	1.52E-09	1.19E-04	1.29E-07	2.11E-04	1.88E-05
TA>CT	5.26E-05	1.19E-03	6.58E-04	5.35E-04	8.31E-05	7.98E-04	1.35E-04	6.82E-04	1.14E-03	5.87E-04	5.37E-04
TA>GC	2.48E-08	9.50E-08	1.37E-07	9.75E-08	1.88E-08	9.11E-08	1.41E-09	1.63E-07	1.27E-07	1.45E-07	1.24E-07
TA>GG	2.48E-08	9.50E-08	1.37E-07	9.75E-08	1.88E-08	9.11E-08	1.41E-09	1.63E-07	1.27E-07	1.45E-07	1.24E-07
TA>GT	2.82E-06	9.94E-05	2.07E-04	6.16E-05	6.86E-05	6.60E-05	2.63E-09	2.17E-04	1.34E-04	2.48E-04	2.74E-04
TC>AA	9.09E-04	1.13E-03	1.20E-03	6.97E-04	1.46E-05	4.01E-03	2.88E-04	8.56E-04	1.08E-03	9.73E-04	1.44E-03
TC>AG	3.89E-04	1.49E-03	1.81E-03	1.55E-03	1.87E-05	1.81E-03	4.90E-09	1.80E-03	1.36E-03	1.57E-03	1.40E-03
TC>AT	6.82E-04	3.10E-03	2.49E-03	3.54E-03	7.30E-05	1.47E-03	2.88E-09	3.38E-03	1.65E-03	2.57E-03	1.55E-03
TC>CA	3.63E-04	1.55E-03	1.14E-03	7.76E-04	3.78E-05	7.94E-04	5.12E-09	7.51E-04	9.70E-04	1.17E-03	1.05E-03
TC>CG	2.18E-05	1.64E-04	3.51E-04	3.03E-04	2.02E-08	2.60E-04	1.38E-04	2.58E-04	1.64E-04	2.67E-04	3.25E-04
TC>CT	2.73E-04	1.11E-03	1.48E-03	7.63E-04	8.94E-05	1.70E-03	1.42E-04	1.51E-03	1.55E-03	1.42E-03	1.10E-03
TC>GA	2.01E-04	8.35E-04	6.82E-04	3.59E-04	2.57E-05	4.13E-04	1.45E-04	5.72E-04	4.61E-04	6.07E-04	5.24E-04
TC>GG	1.78E-08	2.89E-04	3.12E-04	4.05E-04	3.15E-05	7.52E-05	3.71E-09	1.84E-04	5.45E-04	1.81E-04	1.80E-04
TC>GT	1.67E-04	1.21E-03	8.79E-04	9.38E-04	1.32E-04	1.06E-03	1.51E-04	8.30E-04	4.81E-04	7.78E-04	8.27E-04
TG>AA	3.34E-04	3.05E-04	3.86E-04	2.01E-04	9.40E-05	3.71E-04	1.38E-04	3.86E-04	2.08E-04	4.47E-04	4.36E-04
TG>AC	1.10E-08	5.66E-04	2.57E-04	4.03E-04	1.03E-04	2.03E-04	4.42E-09	4.06E-04	2.57E-04	4.05E-04	1.80E-04
TG>AT	2.26E-04	1.33E-03	1.17E-03	1.01E-03	1.90E-04	9.55E-04	3.94E-04	1.34E-03	8.89E-04	2.07E-03	1.13E-03
TG>CA	2.91E-05	2.86E-04	4.42E-04	4.88E-04	1.18E-04	1.27E-04	4.21E-09	4.28E-04	3.47E-04	4.92E-04	5.27E-04
TG>CC	8.45E-06	2.31E-04	3.75E-04	1.84E-04	3.33E-05	2.61E-04	1.88E-04	3.79E-04	3.43E-04	3.59E-04	3.36E-04
TG>CT	5.40E-04	2.81E-03	2.35E-03	8.39E-04	9.06E-05	2.59E-03	1.91E-04	1.49E-03	1.58E-03	2.85E-03	2.25E-03
TG>GA	5.88E-05	2.78E-04	3.16E-04	2.49E-04	3.97E-05	1.64E-04	3.14E-09	3.61E-04	1.05E-04	4.04E-04	3.62E-04
TG>GC	1.97E-08	8.91E-06	1.39E-07	9.41E-08	2.12E-08	9.12E-08	1.59E-09	1.10E-04	1.32E-07	2.46E-04	1.31E-05
TG>GT	8.10E-04	1.26E-03	4.54E-03	1.31E-03	9.76E-06	7.85E-04	7.09E-04	5.79E-04	2.01E-03	7.20E-04	1.81E-03
TT>AA	2.21E-04	6.13E-04	1.21E-03	1.47E-03	1.69E-04	6.86E-04	1.35E-04	1.22E-03	9.00E-04	1.06E-03	6.77E-04
TT>AC	5.46E-05	5.64E-04	7.35E-04	2.85E-04	4.19E-05	3.24E-04	4.37E-09	6.52E-04	7.58E-04	5.28E-04	5.56E-04
TT>AG	1.57E-04	3.34E-04	5.59E-04	1.57E-04	6.60E-06	2.92E-04	3.39E-09	4.30E-04	3.08E-04	3.49E-04	3.38E-04
TT>CA	2.57E-05	5.33E-04	8.70E-04	3.59E-04	9.51E-05	9.56E-04	5.26E-09	7.73E-04	7.06E-04	5.86E-04	9.58E-04
TT>CC	7.98E-05	5.80E-04	9.32E-04	3.09E-04	9.00E-05	3.09E-04	5.22E-09	6.62E-04	6.90E-04	5.92E-04	8.55E-04
TT>CG	2.82E-06	7.15E-05	1.14E-04	3.22E-05	4.59E-05	3.79E-05	2.59E-09	2.05E-04	8.45E-05	3.56E-04	1.73E-04
TT>GA	2.82E-06	2.54E-04	4.05E-04	2.35E-04	3.35E-05	5.05E-04	1.34E-04	4.24E-04	8.39E-04	5.23E-04	2.95E-04
TT>GC	1.99E-08	1.67E-05	1.37E-07	9.64E-08	2.22E-08	9.25E-08	1.56E-09	1.16E-04	1.32E-07	2.33E-04	2.85E-05
TT>GG	1.96E-04	2.31E-04	3.04E-04	4.56E-04	1.72E-08	1.45E-04	2.53E-09	3.44E-04	2.13E-04	3.01E-04	1.83E-04
