Iteration	L1	L1 %	L2	L2 %	KL Divergence
1	10.857	79.224	3.307	50.028	0.718
2	10.706	80.351	3.306	51.637	0.773
3	10.849	79.359	3.351	51.264	0.743
4	10.581	73.327	3.183	47.676	0.66
5	11.407	76.146	3.44	49.507	0.686
6	10.971	82.539	3.347	53.516	0.779
7	11.641	79.73	3.467	52.169	0.697
8	12.633	86.154	3.573	54.302	0.836
9	10.695	73.434	3.106	48.85	0.655
10	9.88	65.44	2.966	44.02	0.577
11	9.944	77.857	3.117	50.901	0.702
12	10.054	75.389	3.122	50.088	0.672
13	10.997	76.657	3.291	48.471	0.714
14	10.206	72.04	3.235	48.274	0.682
15	10.276	71.017	3.089	48.104	0.661
16	11.637	80.324	3.394	51.15	0.731
17	10.095	77.371	3.169	50.984	0.684
18	12.746	85.753	3.987	55.115	0.774
19	11.606	80.023	3.426	52.286	0.765
20	10.658	73.78	3.161	48.78	0.674
21	10.403	80.435	3.147	50.668	0.735
22	10.443	82.411	3.263	52.959	0.759
23	10.749	74.537	3.36	48.838	0.7
24	12.463	76.422	3.813	50.461	0.677
25	10.245	74.908	3.117	48.761	0.673
26	11.328	80.412	3.358	52.173	0.754
27	11.011	81.195	3.363	52.896	0.767
28	11.293	75.204	3.626	49.438	0.643
29	11.168	77.412	3.27	49.718	0.758
30	10.699	75.928	3.214	47.774	0.686
31	9.923	77.373	3.077	50.086	0.737
32	11.422	81.385	3.247	50.78	0.753
33	11.204	76.267	3.237	48.886	0.647
34	10.306	75.494	3.058	49.152	0.705
35	9.649	72.606	2.972	48.4	0.651
36	11.072	76.815	3.246	50.807	0.671
37	10.654	79.31	3.389	51.602	0.727
38	10.503	68.738	3.043	46.103	0.608
39	12.082	79.046	3.799	51.78	0.708
40	11.728	79.802	3.56	52.294	0.727
41	10.557	74.739	3.29	50.518	0.685
42	11.693	78.318	3.409	50.087	0.719
43	12.336	78.756	3.501	52.286	0.69
44	10.693	74.352	3.232	49.208	0.667
45	10.471	75.028	3.225	49.345	0.707
46	11.724	81.851	3.642	52.748	0.751
47	9.874	75.634	2.964	49.699	0.693
48	10.006	71.569	2.935	46.879	0.654
49	10.929	77.514	3.213	51.006	0.752
50	10.379	78.288	3.199	52.038	0.734
51	9.579	79.443	2.95	52.095	0.729
52	12.785	80.666	3.738	54.414	0.744
53	10.916	73.025	3.175	47.544	0.657
54	11.32	82.364	3.437	53.289	0.75
55	10.757	81.507	3.391	53.537	0.75
56	11.418	84.695	3.65	54.898	0.784
57	10.838	78.955	3.285	51.865	0.738
58	11.279	75.356	3.344	48.878	0.689
59	11.266	79.766	3.187	50.074	0.717
60	10.424	75.233	3.09	48.52	0.69
61	11.81	83.941	3.414	54.647	0.774
62	10.076	74.689	2.982	47.906	0.687
63	10.538	75.946	3.195	47.982	0.724
64	10.148	77.429	3.039	50.361	0.708
65	12.521	80.833	3.91	52.128	0.704
66	11.034	77.621	3.292	50.031	0.729
67	10.175	73.022	3.061	47.468	0.68
68	10.092	77.704	3.149	51.532	0.732
69	11.059	76.664	3.304	50.601	0.715
70	11.074	79.185	3.355	51.908	0.746
71	10.672	79.305	3.231	51.584	0.762
72	11.866	78.48	3.559	51.452	0.686
73	11.435	83.544	3.552	53.318	0.777
74	10.991	70.716	3.097	46.665	0.628
75	10.18	76.167	3.069	49.603	0.729
76	10.142	69.622	3.151	46.198	0.619
77	11.162	81.663	3.351	53.431	0.765
78	9.702	77.872	3.065	49.623	0.753
79	9.711	73.971	3.018	49.324	0.662
80	11.609	84.509	3.466	55.478	0.765
81	10.691	82.146	3.272	52.4	0.777
82	10.955	76.123	3.267	49.808	0.692
83	10.597	75.538	3.204	49.628	0.714
84	10.044	71.44	3.085	45.591	0.654
85	11.864	80.78	3.651	52.603	0.695
86	10.065	74.21	2.954	48.462	0.666
87	10.668	78.714	3.127	51.124	0.722
88	10.862	77.768	3.176	51.383	0.736
89	11.971	81.317	3.569	51.784	0.733
90	10.705	76.38	3.335	49.856	0.711
91	11.541	81.709	3.403	53.639	0.757
92	11.327	83.3	3.514	52.7	0.766
93	10.12	79.54	3.077	52.007	0.75
94	10.64	74.589	3.088	48.271	0.654
95	9.663	72.494	2.9	46.617	0.677
96	10.962	77.493	3.308	51.766	0.704
97	11.611	77.233	3.265	48.96	0.668
98	11.539	79.831	3.537	51.369	0.709
99	10.414	79.333	3.104	51.196	0.733
100	10.715	75.851	3.272	49.685	0.738
101	11.247	78.39	3.263	53.193	0.738
102	10.508	75.389	3.244	47.23	0.684
103	10.33	73.736	3.153	48.335	0.679
104	10.881	82.165	3.257	54.014	0.729
105	9.653	72.689	2.953	46.722	0.692
106	11.488	82.543	3.602	53.598	0.707
107	11.045	75.666	3.276	50.01	0.683
108	10.132	79.378	3.077	50.76	0.777
109	10.178	78.155	3.096	49.911	0.709
110	10.612	79.722	3.227	52.112	0.735
111	10.071	81.943	3.088	53.265	0.778
112	9.888	73.489	3.057	47.324	0.67
113	10.572	79.22	3.203	51.44	0.74
114	10.265	76.95	3.279	50.939	0.717
115	10.76	79.355	3.226	51.388	0.719
116	9.877	75.915	3.066	48.918	0.73
117	10.234	70.804	3.008	46.187	0.644
118	11.425	79.071	3.445	52.069	0.698
119	11.171	74.827	3.455	47.425	0.663
120	10.428	73.063	3.135	48.096	0.695
121	12.096	83.11	3.47	52.846	0.731
122	10.104	76.864	3.22	50.284	0.699
123	11.004	83.2	3.329	52.999	0.806
124	10.122	74.91	3.045	49.871	0.688
125	10.628	78.782	3.095	51.628	0.734
126	12.313	81.656	3.57	54.86	0.748
127	10.949	82.553	3.473	54.235	0.748
128	9.58	77.778	3.056	51.362	0.704
129	10.691	83.275	3.267	54.094	0.798
130	10.69	76.443	3.244	50.42	0.716
131	11.39	79.574	3.3	50.739	0.742
132	9.793	74.899	2.902	48.196	0.721
133	11.675	79.209	3.59	51.308	0.707
134	10.932	73.803	3.148	47.587	0.645
135	9.872	65.923	2.996	42.923	0.597
136	9.869	77.824	3.086	50.343	0.7
137	10.242	75.47	3.077	50.307	0.687
138	10.556	73.523	3.155	49.117	0.674
139	10.633	77.126	3.055	49.999	0.706
140	11.449	75.202	3.457	48.314	0.679
141	11.792	79.704	3.62	52.149	0.728
142	9.884	76.675	3.039	49.789	0.721
143	11.164	70.208	3.245	45.595	0.625
144	11.374	76.447	3.244	48.615	0.686
145	11.659	78.195	3.324	49.772	0.675
146	12.293	80.428	3.769	51.41	0.717
147	9.753	76.939	3.032	50.809	0.72
148	11.114	81.019	3.206	49.955	0.744
149	10.531	72.534	3.072	47.428	0.656
150	11.132	83.349	3.43	52.363	0.758
151	12.858	82.356	4.007	52.356	0.759
152	11.02	76.958	3.35	51.892	0.739
153	10.032	76.258	3.006	48.978	0.723
154	10.159	73.129	3.07	49.644	0.701
155	11.39	76.461	3.245	49.386	0.702
156	11.687	84.958	3.649	54.146	0.743
157	10.133	71.706	3.224	48.093	0.667
158	10.156	77.78	3.136	51.457	0.702
159	11.063	75.641	3.357	50.696	0.697
160	10.587	75.621	3.182	51.058	0.665
161	11.054	79.846	3.554	51.505	0.717
162	10.988	76.097	3.348	50.513	0.691
163	10.625	76.858	3.217	49.56	0.689
164	11.308	79.992	3.398	51.589	0.731
165	10.285	70.196	3.158	44.35	0.646
166	10.808	72.282	3.139	47.814	0.667
167	10.315	77.2	3.245	51.188	0.714
168	10.245	75.104	3.006	48.692	0.701
169	10.342	69.646	3.055	46.672	0.63
170	10.676	80.139	3.353	51.38	0.759
171	10.179	74.898	3.029	48.485	0.713
172	9.932	72.587	2.907	46.453	0.666
173	10.768	73.55	3.328	49.34	0.629
174	10.467	80.396	3.228	52.293	0.772
175	11.908	82.271	3.532	54.022	0.745
176	10.441	76.194	3.252	49.071	0.719
177	10.084	75.697	3.177	50.124	0.734
178	12.229	81.599	3.498	52.607	0.766
179	11.861	81.28	3.697	52.049	0.704
180	9.94	73.49	3.04	47.501	0.67
181	11.099	81.992	3.366	52.971	0.727
182	10.504	74.497	3.226	48.589	0.714
183	11.414	75.713	3.502	48.72	0.662
184	11.158	76.435	3.452	48.422	0.676
185	12.097	83.487	3.861	55.387	0.745
186	9.864	71.344	3.003	47.713	0.651
187	10.289	80.641	3.222	51.64	0.764
188	9.698	71.626	2.923	47.094	0.663
189	10.387	76.136	3.144	50.447	0.677
190	9.603	73.566	3.002	47.445	0.673
191	10.271	78.329	3.25	50.341	0.742
192	11.63	76.765	3.607	50.457	0.696
193	10.169	78.03	3.17	51.527	0.707
194	10.437	80.178	3.104	51.84	0.731
195	11.765	78.294	3.591	50.843	0.728
196	10.138	79.009	3.12	52.878	0.72
197	9.854	72.84	3.058	48.404	0.651
198	10.956	77.862	3.34	49.673	0.696
199	11.424	76.499	3.31	50.758	0.698
200	9.963	73.075	3.104	48.73	0.654
201	10.218	78.982	3.165	50.598	0.75
202	10.351	79.983	3.147	51.564	0.735
203	10.038	74.273	2.96	47.693	0.678
204	10.589	74.51	3.209	49.4	0.686
205	10.918	69.343	3.191	47.023	0.638
206	10.598	78.65	3.319	52.45	0.727
207	10.834	79.145	3.285	50.797	0.722
208	9.5	73.225	2.933	47.138	0.673
209	9.791	71.219	2.987	47.724	0.678
210	9.552	70.36	2.977	46.318	0.631
211	11.12	76.581	3.437	49.738	0.684
212	10.221	75.043	3.145	49.399	0.733
213	11.5	78.744	3.315	50.858	0.7
214	10.154	71.655	3.005	48.056	0.626
215	10.369	77.313	3.198	50.753	0.669
216	10.245	77.03	3.116	50.14	0.717
217	10.375	76.557	3.135	50.724	0.744
218	9.652	77.821	2.965	50.477	0.743
219	10.731	77.355	3.125	49.8	0.732
220	10.383	78.935	3.251	51.043	0.731
221	10.773	79.086	3.287	51.017	0.732
222	10.475	73.817	3.202	47.531	0.682
223	10.676	77.742	3.444	51.625	0.74
224	11.764	83.672	3.5	52.825	0.789
225	10.486	74.21	3.243	49.29	0.667
226	11.519	76.681	3.381	49.642	0.649
227	10.309	77.556	3.006	49.437	0.743
228	11.19	74.155	3.404	46.67	0.652
229	10.772	75.866	3.236	50.625	0.672
230	10.945	75.742	3.259	50.143	0.682
231	11.954	81.116	3.341	51.862	0.738
232	12.432	78.233	3.915	51.099	0.695
233	10.734	72.897	3.179	47.736	0.655
234	11.205	83.777	3.372	53.001	0.816
235	10.565	75.694	3.253	48.698	0.693
236	10.139	68.955	3.032	44.274	0.608
237	11.042	78.542	3.388	50.387	0.717
238	11.564	76.31	3.35	49.881	0.676
239	11.715	79.898	3.571	51.798	0.74
240	11.841	84.097	3.568	55.147	0.75
241	10.203	77.059	3.094	50.683	0.719
242	11.375	75.616	3.341	50.38	0.686
243	11.976	81.424	3.835	53.778	0.738
244	11.003	79.771	3.279	51.885	0.766
245	11.486	76.32	3.418	50.169	0.681
246	10.494	75.453	3.211	50.241	0.68
247	10.71	71.229	3.273	47.08	0.652
248	10.369	76.134	3.168	50.361	0.685
249	11.336	74.765	3.319	48.499	0.677
250	10.044	75.945	2.965	48.903	0.701
251	11.628	77.946	3.466	50.851	0.688
252	10.372	76.323	3.107	49.413	0.722
253	10.711	75.84	3.209	49.329	0.702
254	10.027	79.444	3.259	52.479	0.755
255	10.386	76.715	3.16	48.028	0.694
256	11.522	78.098	3.422	51.252	0.694
257	10.598	72.931	3.205	46.662	0.666
258	11.832	79.95	3.535	50.274	0.71
259	11.487	80.364	3.383	51.778	0.728
260	11.551	79.702	3.517	51.732	0.739
261	12.127	86.246	3.598	55.058	0.76
262	10.753	78.313	3.263	51.336	0.709
263	11.289	74.636	3.325	48.143	0.653
264	10.501	74.97	3.418	48.911	0.68
265	10.836	82.336	3.359	52.556	0.792
266	11.015	83.398	3.276	52.353	0.777
267	10.819	78.331	3.224	50.404	0.725
268	10.903	73.031	3.106	48.892	0.681
269	11.538	77.081	3.686	49.172	0.68
270	10.581	74.643	3.202	48.615	0.675
271	9.653	73.991	3.127	48.705	0.697
272	11.222	81.018	3.363	52.935	0.75
273	9.579	72.038	2.923	46.897	0.661
274	10.303	78.066	3.172	51.809	0.716
275	9.914	74.855	3.096	48.5	0.7
276	10.643	78.974	3.249	51.654	0.752
277	10.93	73.839	3.173	48.533	0.67
278	10.671	76.013	3.375	49.237	0.671
279	9.86	77.131	3.144	51.648	0.717
280	11.23	74.791	3.544	48.73	0.678
281	10.569	78.29	3.202	50.506	0.699
282	10.383	74.067	3.179	49.131	0.697
283	10.767	79.537	3.361	50.264	0.69
284	11.722	80.673	3.615	51.428	0.734
285	10.848	77.424	3.163	51.094	0.719
286	10.532	77.117	3.368	51.006	0.74
287	10.542	75.957	3.274	50.452	0.713
288	11.808	74.299	3.622	48.306	0.711
289	11.373	80.51	3.434	53.197	0.755
290	10.631	77.6	3.192	51.564	0.722
291	11.439	76.956	3.488	51.447	0.71
292	10.053	79.788	3.14	53.077	0.759
293	11.477	80.579	3.33	53.203	0.775
294	10.742	79.772	3.275	52.725	0.736
295	10.326	80.739	3.233	53.069	0.761
296	10.553	78.158	3.175	50.413	0.747
297	11.768	78.159	3.785	49.674	0.68
298	11.268	80.64	3.382	53.769	0.743
299	10.087	71.306	2.996	47.186	0.66
300	11.26	75.323	3.269	48.313	0.689
301	9.825	73.332	2.913	47.477	0.694
302	10.239	73.277	3.005	48.902	0.67
303	10.698	72.624	3.208	47.563	0.666
304	11.578	77.709	3.316	50.468	0.729
305	11.728	83.616	3.374	54.058	0.76
306	11.364	78.14	3.394	50.798	0.746
307	10.649	77.908	3.365	50.561	0.693
308	10.553	78.545	3.167	50.59	0.735
309	9.553	79.655	3.005	51.666	0.762
310	10.937	75.927	3.271	49.185	0.675
311	9.511	69.527	2.852	46.243	0.646
312	10.878	79.25	3.278	52.005	0.735
313	10.471	78.387	3.174	50.341	0.733
314	10.53	78.215	3.143	52.437	0.715
315	11.226	81.913	3.224	52.812	0.758
316	10.137	73.5	2.934	48.446	0.708
317	11.777	78.047	3.399	49.965	0.686
318	11.734	84.12	3.618	53.951	0.79
319	10.29	82.676	3.251	51.73	0.812
320	9.971	76.252	3.125	50.783	0.683
321	10.364	81.879	3.118	52.425	0.813
322	11.508	78.552	3.629	50.113	0.68
323	11.988	82.145	3.729	53.305	0.722
324	9.569	73.287	2.868	47.087	0.694
325	11.33	75.759	3.359	49.752	0.702
326	9.973	77.375	3.009	51.04	0.708
327	10.456	72.702	3.368	48.613	0.654
328	11.144	80.677	3.503	52.311	0.76
329	9.801	71.514	2.994	46.948	0.672
330	12.037	76.051	3.654	49.936	0.64
331	10.383	77.64	3.074	50.895	0.738
332	10.98	72.977	3.205	47.395	0.648
333	11.726	79.229	3.482	51.492	0.712
334	10.762	82.646	3.413	53.065	0.787
335	10.112	73.363	3.087	46.932	0.658
336	10.862	79.127	3.18	50.407	0.761
337	10.718	80.581	3.284	52.398	0.763
338	11.283	81.061	3.229	51.841	0.784
339	11.029	74.966	3.23	49.537	0.688
340	11.211	78.133	3.433	50.935	0.714
341	11.381	83.74	3.399	53.664	0.766
342	9.782	75.608	3.1	50.403	0.679
343	9.632	76.165	2.998	49.54	0.698
344	11.766	77.561	3.432	49.716	0.711
345	10.87	84.827	3.361	54.849	0.786
346	11.374	78.95	3.37	51.156	0.76
347	10.884	74.457	3.277	47.103	0.692
348	10.363	77.847	3.095	51.186	0.734
349	10.795	78.858	3.162	50.258	0.763
350	10.366	76.325	3.237	50.0	0.696
351	12.121	77.789	3.495	49.512	0.695
352	9.721	71.436	3.051	47.538	0.644
353	9.931	72.606	3.106	46.869	0.678
354	9.866	75.092	2.998	48.807	0.737
355	11.367	79.12	3.265	51.201	0.729
356	9.614	73.064	2.915	49.117	0.659
357	9.868	77.516	3.073	50.347	0.745
358	10.37	75.468	3.112	48.748	0.671
359	10.377	73.185	2.941	47.088	0.657
360	11.161	76.072	3.296	50.24	0.69
361	11.619	79.42	3.481	51.957	0.725
362	11.965	80.744	3.576	52.136	0.723
363	10.718	79.746	3.304	50.385	0.748
364	11.6	80.245	3.533	51.759	0.729
365	11.125	76.722	3.464	49.424	0.684
366	10.575	82.319	3.287	53.651	0.787
367	11.576	74.067	3.441	49.721	0.662
368	11.903	74.86	3.544	50.278	0.666
369	9.917	69.494	2.968	46.171	0.611
370	10.33	79.985	3.203	52.531	0.71
371	10.9	80.989	3.096	51.343	0.771
372	11.645	76.018	3.454	50.881	0.694
373	11.599	77.791	3.384	49.205	0.707
374	9.852	71.694	2.905	46.244	0.652
375	11.607	77.919	3.363	50.674	0.718
376	10.636	69.77	3.054	46.096	0.627
377	11.357	80.78	3.414	53.734	0.76
378	10.52	77.122	3.188	49.784	0.751
379	11.701	86.278	3.338	53.664	0.798
380	10.01	70.828	2.992	46.573	0.671
381	11.472	81.698	3.532	52.501	0.769
382	10.498	73.999	3.185	48.711	0.699
383	11.396	87.033	3.321	54.182	0.833
384	11.245	78.929	3.307	50.276	0.751
385	10.081	76.038	3.018	47.361	0.731
386	11.153	77.416	3.323	50.749	0.696
387	9.707	79.601	3.065	51.767	0.75
388	10.888	80.021	3.149	51.4	0.764
389	11.223	77.659	3.427	50.763	0.673
390	9.919	74.217	3.088	48.767	0.67
391	10.071	72.879	2.991	48.019	0.691
392	11.934	78.189	3.709	51.304	0.681
393	11.133	74.467	3.353	50.953	0.653
394	10.945	81.655	3.272	52.057	0.75
395	9.54	77.118	3.027	50.751	0.695
396	11.485	79.442	3.511	51.306	0.742
397	10.929	76.793	3.263	48.432	0.712
398	12.413	85.225	3.559	53.211	0.788
399	11.017	81.41	3.264	52.75	0.772
400	10.19	75.633	3.122	50.128	0.697
401	10.293	77.767	3.207	50.218	0.743
402	11.746	78.584	3.577	51.469	0.74
403	10.742	80.31	3.218	53.227	0.798
404	10.447	75.534	3.327	48.702	0.697
405	10.448	79.606	3.186	50.932	0.761
406	10.75	78.082	3.277	50.213	0.748
407	9.49	76.641	2.881	48.432	0.735
408	10.546	77.508	3.139	50.978	0.704
409	10.068	77.043	2.989	50.407	0.707
410	11.062	70.238	3.448	46.872	0.613
411	11.827	80.578	3.35	51.867	0.693
412	11.198	78.458	3.274	51.212	0.712
413	10.902	75.279	3.098	46.753	0.713
414	10.49	73.297	3.008	47.352	0.679
415	10.257	79.863	3.197	52.382	0.726
416	10.241	72.718	3.017	49.208	0.637
417	11.314	76.406	3.399	49.755	0.626
418	11.302	79.466	3.391	50.465	0.73
419	11.011	73.915	3.349	49.168	0.687
420	11.789	80.194	3.427	52.098	0.733
421	10.857	81.311	3.126	52.001	0.762
422	11.727	77.261	3.608	47.398	0.667
423	10.912	72.039	3.101	45.769	0.653
424	10.987	79.148	3.262	50.428	0.732
425	9.745	77.445	2.935	49.046	0.722
426	10.408	76.811	3.144	51.819	0.7
427	11.596	79.676	3.383	52.435	0.727
428	10.172	73.774	3.023	48.514	0.68
429	10.363	80.749	3.235	51.192	0.765
430	11.402	76.717	3.462	52.532	0.706
431	10.345	72.338	2.969	47.466	0.673
432	9.547	72.275	2.915	46.757	0.659
433	10.692	76.167	3.238	50.159	0.706
434	10.176	74.552	3.003	48.801	0.674
435	10.156	75.886	3.187	48.225	0.702
436	10.227	74.672	3.193	48.595	0.673
437	9.967	80.116	3.162	51.708	0.729
438	10.786	79.188	3.276	50.907	0.696
439	10.064	76.101	3.036	48.884	0.716
440	11.735	79.385	3.626	51.071	0.697
441	11.152	74.823	3.272	48.733	0.654
442	10.694	82.591	3.298	51.51	0.797
443	11.3	81.004	3.249	52.826	0.757
444	9.636	75.537	3.008	49.628	0.688
445	10.311	80.027	3.117	50.984	0.768
446	10.719	79.277	3.244	50.602	0.768
447	12.013	84.363	3.436	52.982	0.737
448	10.925	74.04	3.199	47.09	0.64
449	10.454	74.827	3.072	49.031	0.663
450	10.672	79.649	3.245	52.164	0.73
451	10.448	72.45	3.135	46.495	0.662
452	10.171	74.277	3.12	50.246	0.656
453	10.925	78.345	3.438	52.521	0.734
454	10.56	74.696	3.207	48.327	0.683
455	11.679	77.668	3.502	50.991	0.683
456	11.003	72.315	3.142	47.806	0.631
457	11.001	78.336	3.213	50.108	0.7
458	10.274	79.313	3.263	51.705	0.743
459	11.41	74.832	3.474	49.563	0.67
460	10.252	71.294	2.975	46.122	0.664
461	11.523	74.942	3.436	49.767	0.658
462	10.844	76.48	3.331	50.343	0.722
463	11.291	75.486	3.256	48.935	0.668
464	11.638	78.944	3.504	51.558	0.717
465	9.835	76.86	3.032	50.748	0.714
466	10.798	76.594	3.134	49.977	0.73
467	10.137	72.26	3.177	47.054	0.658
468	11.908	84.06	3.639	54.561	0.755
469	11.968	74.847	3.544	49.409	0.642
470	10.588	81.828	3.119	52.348	0.783
471	12.141	84.614	3.851	55.186	0.754
472	11.937	77.639	3.577	50.251	0.688
473	11.415	74.928	3.386	47.773	0.694
474	10.587	80.257	3.144	53.311	0.739
475	11.703	78.944	3.397	50.984	0.71
476	11.536	81.266	3.55	51.576	0.744
477	10.986	76.257	3.272	49.076	0.713
478	10.55	72.905	3.101	48.341	0.673
479	11.527	78.684	3.394	52.106	0.717
480	11.029	74.699	3.203	48.623	0.671
481	10.76	76.901	3.104	49.496	0.711
482	10.692	77.362	3.241	50.281	0.74
483	10.862	72.369	3.225	50.143	0.65
484	11.426	79.552	3.419	52.003	0.708
485	10.133	74.358	3.037	48.034	0.707
486	11.338	78.285	3.452	50.761	0.726
487	10.389	77.295	3.068	50.879	0.687
488	10.623	76.725	3.164	49.731	0.709
489	12.029	79.429	3.504	51.517	0.687
490	11.155	77.603	3.211	50.188	0.707
491	10.388	79.387	3.048	48.843	0.78
492	11.35	82.006	3.369	51.855	0.736
493	11.539	84.277	3.403	53.912	0.739
494	11.599	82.831	3.366	53.672	0.79
495	11.24	77.489	3.369	50.997	0.732
496	10.78	74.897	3.229	50.042	0.697
497	10.395	75.345	3.042	49.972	0.691
498	10.407	79.246	3.032	50.318	0.758
499	9.686	73.882	3.046	47.754	0.661
500	12.013	78.35	3.402	50.678	0.717
501	10.427	73.497	3.308	48.832	0.668
502	11.359	78.331	3.621	51.581	0.657
503	10.863	77.964	3.388	51.305	0.712
504	10.216	75.862	3.206	49.624	0.686
505	11.108	77.171	3.403	52.277	0.714
506	11.818	77.142	3.649	48.244	0.706
507	10.138	76.059	3.17	49.956	0.693
508	10.11	77.312	3.154	49.968	0.727
509	11.216	78.445	3.254	50.921	0.692
510	10.221	76.954	3.092	49.34	0.7
511	11.115	76.74	3.295	49.284	0.733
512	9.844	74.633	2.878	48.974	0.694
513	10.244	77.4	3.091	50.751	0.691
514	9.949	74.078	2.985	48.676	0.675
515	12.027	84.188	3.798	53.875	0.759
516	9.232	75.606	2.772	48.5	0.724
517	10.565	82.126	3.161	53.081	0.81
518	10.503	72.256	3.113	47.02	0.672
519	10.728	75.127	3.063	49.335	0.694
520	12.511	81.19	3.842	52.856	0.723
521	10.157	82.077	3.235	53.873	0.759
522	10.414	78.279	3.03	49.542	0.731
523	10.028	73.936	3.135	48.991	0.704
524	11.481	81.784	3.378	53.705	0.759
525	11.01	82.859	3.153	52.329	0.788
526	12.339	82.239	3.916	53.606	0.718
527	10.071	74.877	3.091	50.344	0.698
528	9.994	77.699	3.021	51.428	0.714
529	10.624	79.412	3.084	50.903	0.739
530	11.439	76.024	3.496	51.284	0.668
531	12.493	86.705	3.745	55.225	0.801
532	11.526	80.365	3.192	51.499	0.731
533	10.002	77.532	3.143	50.301	0.738
534	10.086	79.003	3.172	50.33	0.772
535	10.107	80.224	3.084	50.843	0.741
536	10.884	81.139	3.371	50.677	0.775
537	10.299	75.24	3.236	48.518	0.681
538	11.107	77.446	3.302	52.65	0.714
539	12.281	80.226	3.737	50.425	0.728
540	10.998	77.529	3.243	50.115	0.704
541	10.648	76.4	3.245	50.334	0.728
542	11.096	80.794	3.347	51.9	0.749
543	9.314	78.613	2.879	50.782	0.707
544	11.112	80.417	3.422	51.897	0.728
545	10.708	78.503	3.199	51.405	0.74
546	11.713	83.021	3.59	52.422	0.751
547	11.305	77.612	3.401	51.192	0.657
548	10.745	77.694	3.413	50.42	0.687
549	11.106	76.059	3.42	50.198	0.661
550	10.177	78.069	3.286	50.796	0.701
551	12.101	79.914	3.672	50.294	0.724
552	12.087	75.121	3.744	49.252	0.664
553	8.647	71.681	2.687	47.295	0.7
554	10.766	75.594	3.184	49.345	0.698
555	10.415	76.057	3.115	49.05	0.729
556	10.673	83.081	3.316	52.806	0.792
557	12.408	85.493	3.804	53.17	0.798
558	9.939	74.131	3.07	47.377	0.667
559	10.661	77.675	3.206	49.683	0.711
560	10.645	67.998	3.157	45.226	0.608
561	10.048	75.283	3.072	48.29	0.72
562	10.36	80.01	3.235	54.032	0.765
563	10.913	78.783	3.252	50.597	0.719
564	9.896	82.14	3.103	52.115	0.798
565	11.354	77.602	3.412	52.413	0.677
566	10.747	76.893	3.213	50.601	0.669
567	12.267	81.842	3.622	54.13	0.74
568	10.402	77.218	3.196	50.119	0.717
569	9.495	79.588	2.913	52.073	0.744
570	10.032	76.201	3.07	48.86	0.701
571	10.895	78.048	3.29	50.385	0.72
572	10.812	71.128	3.255	48.065	0.658
573	10.902	75.797	3.419	49.719	0.681
574	11.641	81.647	3.484	53.789	0.719
575	10.905	77.39	3.338	49.967	0.694
576	9.781	78.004	2.96	51.436	0.7
577	10.281	71.437	2.988	47.101	0.654
578	10.553	77.041	3.357	50.763	0.688
579	12.282	82.482	3.925	54.32	0.728
580	12.035	81.222	3.541	51.681	0.708
581	10.126	74.094	3.121	49.586	0.701
582	11.283	79.183	3.548	51.052	0.725
583	11.176	76.622	3.297	49.967	0.647
584	10.254	76.516	2.988	51.018	0.72
585	10.227	72.143	3.163	46.897	0.674
586	11.285	79.288	3.548	51.125	0.707
587	10.475	78.57	3.2	50.973	0.745
588	10.012	74.663	3.072	48.195	0.669
589	12.213	80.637	3.807	50.99	0.733
590	11.147	82.462	3.262	53.988	0.798
591	11.559	77.651	3.489	50.76	0.685
592	12.06	80.885	3.662	51.687	0.713
593	10.473	79.648	3.199	52.893	0.781
594	10.363	71.589	3.161	48.412	0.654
595	10.479	74.828	3.138	49.211	0.712
596	10.632	76.246	3.307	49.776	0.664
597	11.318	80.85	3.389	53.375	0.752
598	10.772	77.055	3.16	52.393	0.7
599	10.865	81.994	3.424	52.896	0.749
600	11.02	78.979	3.704	51.499	0.71
601	10.943	76.601	3.372	49.43	0.66
602	12.314	80.41	3.756	51.755	0.693
603	10.357	77.469	3.129	49.861	0.716
604	11.11	79.969	3.155	51.309	0.718
605	12.7	81.124	4.006	51.111	0.75
606	11.135	79.071	3.455	49.389	0.697
607	11.287	76.29	3.38	51.381	0.657
608	12.487	81.884	3.849	54.109	0.72
609	11.493	79.187	3.524	52.393	0.708
610	11.317	77.68	3.435	51.418	0.729
611	10.412	78.591	3.221	52.017	0.704
612	10.641	72.887	3.074	47.686	0.681
613	10.335	74.789	3.168	48.71	0.669
614	12.455	83.272	3.906	53.849	0.715
615	10.286	73.896	3.155	47.44	0.667
616	11.671	81.445	3.725	52.665	0.751
617	10.923	80.004	3.251	52.293	0.767
618	12.437	81.859	3.971	53.515	0.712
619	11.436	81.738	3.561	52.491	0.789
620	9.865	70.07	3.041	45.486	0.647
621	11.479	73.851	3.254	48.35	0.658
622	11.63	76.908	3.566	50.656	0.678
623	10.142	76.137	3.145	49.11	0.732
624	12.006	76.247	3.516	48.791	0.665
625	12.107	78.694	3.581	51.136	0.707
626	9.983	73.037	3.009	47.923	0.69
627	10.444	78.263	3.251	52.583	0.695
628	10.626	79.078	3.088	50.429	0.729
629	10.482	73.61	3.164	48.379	0.674
630	11.589	77.309	3.329	50.351	0.705
631	10.053	77.696	3.028	50.269	0.718
632	10.897	81.107	3.193	51.816	0.738
633	10.946	80.39	3.332	53.661	0.731
634	11.796	82.343	3.678	53.062	0.736
635	10.265	73.013	3.013	47.537	0.664
636	10.482	76.984	3.18	49.109	0.709
637	10.958	76.093	3.184	49.343	0.705
638	11.032	75.514	3.182	48.979	0.723
639	10.032	72.918	2.93	47.006	0.684
640	10.057	77.254	3.09	49.79	0.716
641	11.983	79.477	3.584	51.726	0.706
642	10.278	72.737	3.127	47.281	0.664
643	12.019	79.383	3.581	50.888	0.721
644	11.336	75.543	3.266	48.741	0.693
645	12.032	82.85	3.592	53.202	0.741
646	10.84	76.29	3.392	49.049	0.727
647	10.1	75.354	3.085	49.782	0.658
648	9.876	78.226	3.154	52.381	0.704
649	10.769	76.122	3.221	50.409	0.705
650	11.185	77.654	3.201	49.475	0.702
651	10.938	82.044	3.307	53.878	0.765
652	10.024	75.121	2.908	49.754	0.713
653	9.862	69.59	2.986	46.34	0.629
654	11.148	73.41	3.283	48.118	0.677
655	10.11	74.37	3.14	49.173	0.635
656	9.872	68.472	3.079	47.259	0.628
657	10.333	77.578	3.11	50.229	0.73
658	10.786	76.216	3.119	49.16	0.701
659	11.131	79.951	3.435	50.305	0.734
660	11.925	77.471	3.754	50.227	0.67
661	11.414	80.395	3.578	52.078	0.701
662	10.439	78.026	3.323	51.347	0.736
663	10.353	82.039	3.307	53.038	0.801
664	10.369	80.023	3.162	50.99	0.782
665	9.897	73.095	3.106	48.127	0.659
666	10.738	79.628	3.218	52.211	0.723
667	10.146	76.955	3.005	50.791	0.754
668	9.99	80.676	3.042	52.586	0.761
669	10.222	71.199	3.135	46.943	0.63
670	11.222	78.028	3.299	50.196	0.721
671	9.81	71.527	3.084	46.396	0.655
672	11.234	78.711	3.454	51.71	0.712
673	10.652	80.288	3.364	53.79	0.744
674	10.43	73.534	3.138	48.463	0.716
675	10.425	70.837	3.085	46.761	0.66
676	10.349	75.305	3.321	50.658	0.664
677	10.988	74.15	3.357	49.593	0.657
678	9.937	73.669	2.959	47.72	0.703
679	10.488	76.725	3.113	49.967	0.684
680	10.829	73.753	3.264	49.013	0.671
681	11.827	80.256	3.562	51.785	0.697
682	11.432	78.601	3.479	49.892	0.696
683	10.132	77.037	3.226	50.408	0.696
684	11.386	86.655	3.331	55.068	0.815
685	10.755	74.255	3.299	48.324	0.649
686	10.406	78.793	3.26	50.405	0.763
687	10.93	73.913	3.219	48.562	0.672
688	10.674	79.267	3.302	51.776	0.737
689	9.998	75.179	3.052	49.137	0.713
690	11.458	86.931	3.381	55.947	0.813
691	11.664	77.892	3.684	51.245	0.685
692	9.97	74.755	3.055	49.185	0.739
693	10.588	76.59	3.286	49.597	0.711
694	9.547	78.006	2.969	51.735	0.757
695	11.766	74.026	3.489	46.497	0.629
696	11.512	77.423	3.547	49.835	0.695
697	11.83	82.693	3.487	52.629	0.776
698	10.754	74.662	3.361	49.855	0.689
699	10.735	73.697	3.269	48.08	0.67
700	9.92	74.154	3.028	50.623	0.646
701	10.142	76.453	3.117	50.367	0.72
702	10.288	76.228	3.055	49.154	0.682
703	10.293	76.743	3.072	50.443	0.714
704	9.601	74.781	2.932	48.882	0.704
705	10.408	78.188	3.231	51.122	0.708
706	11.808	78.527	3.623	52.407	0.697
707	9.805	75.115	2.924	48.685	0.689
708	12.24	84.434	3.58	52.019	0.783
709	10.892	78.559	3.195	50.294	0.717
710	12.098	84.028	3.586	52.208	0.79
711	10.15	77.592	3.08	51.229	0.763
712	10.938	72.645	3.157	46.851	0.674
713	11.38	81.839	3.304	52.813	0.761
714	11.698	82.033	3.507	53.062	0.753
715	11.13	74.665	3.456	48.407	0.641
716	11.452	80.225	3.299	52.146	0.707
717	11.022	76.272	3.354	49.427	0.722
718	12.055	78.982	3.705	51.069	0.663
719	10.47	78.307	3.176	51.845	0.736
720	10.21	77.23	3.244	51.186	0.724
721	10.371	75.096	3.027	48.602	0.689
722	9.992	73.549	2.978	48.641	0.681
723	11.153	75.316	3.372	49.341	0.651
724	10.125	72.911	3.141	48.383	0.653
725	10.392	79.697	3.043	51.804	0.766
726	12.112	86.243	3.644	55.899	0.776
727	9.883	72.099	2.996	48.508	0.663
728	11.027	80.28	3.422	51.542	0.717
729	10.692	81.018	3.308	52.563	0.768
730	10.351	78.231	3.164	49.462	0.764
731	10.782	77.322	3.297	51.914	0.71
732	11.72	80.483	3.45	51.222	0.75
733	12.349	75.317	3.668	47.955	0.659
734	10.752	77.848	3.207	51.294	0.697
735	12.091	82.176	3.704	52.913	0.773
736	10.165	73.033	3.105	48.957	0.671
737	12.447	77.685	3.873	52.919	0.654
738	10.827	79.027	3.294	51.758	0.71
739	10.05	74.573	2.962	49.302	0.681
740	11.029	76.774	3.247	50.369	0.696
741	9.783	77.059	3.057	50.277	0.73
742	10.715	79.269	3.332	51.352	0.747
743	10.803	81.571	3.22	53.546	0.767
744	11.302	79.939	3.633	52.669	0.732
745	10.218	78.714	3.206	51.329	0.753
746	10.596	81.129	3.251	52.388	0.774
747	10.409	79.776	3.128	50.813	0.764
748	11.943	80.603	3.533	52.476	0.726
749	10.2	79.371	3.235	51.472	0.719
750	10.578	75.829	3.078	48.507	0.708
751	10.003	79.084	3.075	50.693	0.71
752	10.986	81.449	3.405	53.639	0.733
753	10.246	76.73	3.102	49.622	0.736
754	9.619	75.36	2.947	49.004	0.691
755	10.405	72.474	3.118	46.975	0.629
756	10.553	76.546	3.084	49.566	0.701
757	10.182	72.24	3.232	48.028	0.642
758	9.752	76.923	3.077	50.307	0.678
759	10.88	77.851	3.433	49.892	0.686
760	10.564	72.606	3.046	48.037	0.669
761	9.7	80.703	2.995	53.825	0.756
762	10.818	73.47	3.222	48.214	0.669
763	10.245	75.578	2.947	48.971	0.699
764	10.62	80.723	3.236	52.618	0.73
765	11.035	72.686	3.077	46.152	0.669
766	10.685	72.057	3.118	47.375	0.65
767	11.247	79.126	3.337	52.722	0.733
768	9.839	75.373	2.962	49.192	0.716
769	10.353	80.704	3.112	52.42	0.772
770	11.231	80.744	3.432	54.209	0.733
771	10.111	75.473	3.081	48.337	0.714
772	10.945	84.522	3.494	55.298	0.781
773	10.509	75.912	3.148	50.53	0.71
774	10.027	75.688	3.022	49.727	0.696
775	9.903	72.628	2.951	47.77	0.66
776	11.069	76.811	3.323	48.908	0.72
777	10.844	84.416	3.266	53.907	0.81
778	10.654	82.948	3.258	52.819	0.791
779	9.936	73.453	3.072	47.995	0.689
780	10.842	74.914	3.198	49.524	0.709
781	11.608	82.22	3.472	52.622	0.767
782	11.426	82.196	3.534	52.91	0.751
783	11.811	73.567	3.431	47.41	0.683
784	10.341	76.27	3.081	49.951	0.685
785	11.686	77.137	3.604	49.66	0.686
786	9.621	78.426	3.012	52.016	0.746
787	10.255	72.718	3.146	50.084	0.659
788	12.335	80.245	3.612	50.588	0.75
789	10.319	79.957	3.118	51.875	0.744
790	11.133	82.736	3.598	53.682	0.764
791	10.532	80.044	3.233	51.677	0.749
792	10.75	74.173	3.208	47.908	0.661
793	12.227	81.402	3.943	53.327	0.708
794	10.438	75.175	3.152	50.361	0.682
795	10.332	78.763	3.118	49.857	0.746
796	11.525	80.988	3.283	51.706	0.762
797	12.213	80.457	3.654	52.345	0.714
798	10.407	76.694	3.135	50.898	0.746
799	10.945	72.587	3.223	47.046	0.669
800	12.328	80.099	3.769	53.198	0.672
801	12.069	77.025	3.575	51.904	0.671
802	10.522	75.435	3.188	48.454	0.692
803	9.89	73.066	2.999	46.322	0.672
804	10.077	82.817	3.118	52.909	0.781
805	12.657	82.746	3.772	54.91	0.717
806	10.308	67.908	3.069	45.967	0.594
807	9.939	80.45	2.97	52.223	0.747
808	11.965	73.321	3.515	47.8	0.671
809	9.974	74.129	3.101	49.082	0.665
810	11.131	77.516	3.246	50.228	0.747
811	11.021	75.512	3.376	49.579	0.698
812	9.545	80.234	3.076	53.759	0.734
813	10.374	71.894	3.162	46.101	0.627
814	10.36	80.398	3.132	51.715	0.762
815	11.829	76.091	3.759	48.72	0.621
816	10.271	73.148	3.267	46.893	0.661
817	9.433	74.15	3.062	49.031	0.679
818	10.372	78.313	3.201	50.892	0.748
819	10.234	73.603	3.016	49.104	0.698
820	10.643	74.536	3.238	48.39	0.684
821	11.024	75.69	3.274	51.194	0.664
822	11.613	76.942	3.3	48.732	0.646
823	11.471	78.422	3.38	49.792	0.696
824	11.266	78.853	3.41	51.976	0.726
825	11.141	78.352	3.314	50.284	0.724
826	12.023	81.22	3.569	53.739	0.738
827	11.176	73.759	3.277	49.078	0.675
828	9.918	75.283	3.162	50.913	0.694
829	11.231	78.45	3.21	49.828	0.734
830	12.111	79.862	3.527	50.909	0.713
831	11.029	76.928	3.365	49.937	0.729
832	10.659	76.252	3.227	49.785	0.694
833	11.339	80.419	3.334	52.033	0.774
834	11.318	77.522	3.424	49.801	0.699
835	11.495	80.486	3.704	52.403	0.689
836	11.581	80.192	3.632	53.225	0.73
837	10.355	70.129	2.967	45.578	0.642
838	10.807	78.625	3.357	52.284	0.756
839	10.107	78.489	3.117	51.269	0.765
840	11.846	82.477	3.383	53.109	0.773
841	11.135	76.084	3.424	48.903	0.67
842	10.875	74.467	3.272	49.072	0.649
843	10.879	71.411	3.24	46.313	0.638
844	10.102	73.913	3.025	47.255	0.698
845	11.857	80.187	3.781	52.297	0.678
846	11.579	74.893	3.388	48.554	0.619
847	10.574	80.985	3.112	52.164	0.777
848	10.665	79.524	3.31	51.574	0.7
849	11.859	75.213	3.505	49.447	0.677
850	10.75	81.35	3.301	52.979	0.784
851	10.61	81.511	3.294	52.454	0.776
852	10.98	75.53	3.313	49.493	0.684
853	10.32	76.734	3.188	51.103	0.712
854	12.187	79.025	3.734	50.401	0.723
855	12.654	79.812	3.669	52.131	0.691
856	10.377	74.965	3.183	48.578	0.682
857	10.329	77.417	3.316	51.049	0.734
858	10.794	80.093	3.455	52.519	0.733
859	11.553	71.455	3.378	46.459	0.645
860	10.29	70.993	3.098	48.438	0.63
861	11.023	80.056	3.247	51.098	0.756
862	10.875	79.441	3.419	50.297	0.704
863	10.751	75.365	3.201	49.346	0.66
864	11.375	77.558	3.427	50.031	0.72
865	11.47	77.187	3.265	50.224	0.711
866	11.988	82.565	3.522	52.136	0.738
867	9.268	76.258	2.925	50.14	0.732
868	10.976	81.637	3.308	51.962	0.756
869	10.381	76.937	3.108	49.323	0.71
870	11.644	82.616	3.465	53.186	0.708
871	11.915	81.314	3.506	53.173	0.717
872	10.614	71.543	3.178	47.418	0.659
873	11.695	82.198	3.372	52.412	0.772
874	12.082	79.428	3.869	51.492	0.715
875	10.742	76.319	3.165	50.181	0.689
876	10.741	74.326	3.29	47.711	0.66
877	11.38	83.982	3.62	54.09	0.767
878	11.628	79.661	3.679	51.442	0.72
879	10.861	77.976	3.281	51.482	0.712
880	11.212	74.221	3.329	47.928	0.678
881	11.077	80.708	3.314	53.167	0.759
882	12.044	76.462	3.515	49.003	0.656
883	10.853	78.272	3.172	51.007	0.718
884	10.063	75.728	3.183	50.099	0.681
885	11.678	84.67	3.592	55.468	0.779
886	11.075	76.352	3.134	48.09	0.683
887	10.853	76.364	3.146	50.183	0.727
888	10.541	82.817	3.208	52.426	0.771
889	10.245	71.355	2.947	45.186	0.67
890	11.095	76.453	3.328	50.902	0.688
891	10.389	73.847	3.16	48.522	0.673
892	10.403	78.315	3.23	51.399	0.718
893	10.913	78.494	3.32	51.912	0.723
894	11.083	78.59	3.248	51.954	0.717
895	11.746	80.073	3.398	50.897	0.732
896	10.036	78.048	3.062	49.579	0.737
897	11.27	77.058	3.504	50.042	0.685
898	11.479	79.379	3.365	52.067	0.707
899	11.282	75.804	3.225	49.806	0.681
900	10.724	80.706	3.266	49.453	0.738
901	9.797	77.879	3.181	51.18	0.717
902	12.583	82.183	3.804	53.805	0.74
903	11.646	77.823	3.304	50.521	0.697
904	11.846	79.955	3.422	52.443	0.706
905	10.292	78.142	3.098	50.103	0.747
906	10.168	72.748	3.046	47.73	0.683
907	10.674	76.543	3.142	50.104	0.718
908	10.371	76.514	3.19	50.093	0.704
909	10.561	74.273	3.349	50.437	0.694
910	11.06	76.895	3.227	50.729	0.7
911	10.973	78.823	3.352	52.517	0.712
912	9.677	71.1	2.815	46.922	0.669
913	10.624	77.896	3.222	49.98	0.75
914	11.423	76.203	3.419	49.527	0.685
915	10.798	81.322	3.341	53.459	0.75
916	10.444	78.077	3.059	49.505	0.72
917	11.211	71.694	3.286	46.962	0.629
918	9.831	72.483	3.025	48.244	0.666
919	10.717	76.058	3.33	50.397	0.691
920	12.325	77.693	3.705	51.633	0.656
921	12.229	76.236	3.6	48.676	0.673
922	10.123	72.97	3.085	47.689	0.663
923	10.272	79.756	3.142	52.215	0.748
924	10.568	72.04	2.952	46.26	0.647
925	11.433	80.339	3.316	51.723	0.749
926	11.598	80.817	3.444	53.865	0.756
927	11.128	71.947	3.352	47.524	0.651
928	12.455	87.823	3.994	55.508	0.785
929	9.731	70.07	2.888	43.99	0.659
930	10.786	78.612	3.313	52.269	0.73
931	10.573	74.825	3.277	49.953	0.687
932	10.69	75.302	3.328	50.385	0.7
933	10.704	74.892	3.348	49.563	0.696
934	11.443	79.993	3.384	51.6	0.728
935	9.986	73.094	3.016	47.178	0.677
936	9.253	67.103	2.89	44.613	0.606
937	10.421	78.717	3.261	51.095	0.734
938	10.695	72.268	3.11	47.439	0.687
939	10.751	71.267	3.163	45.472	0.652
940	10.529	79.429	3.358	50.766	0.741
941	11.313	83.207	3.324	53.916	0.747
942	10.584	75.249	3.247	49.091	0.683
943	11.095	73.016	3.453	47.92	0.618
944	10.891	78.317	3.241	50.617	0.739
945	10.52	82.355	3.205	52.211	0.798
946	11.351	79.246	3.413	52.667	0.723
947	10.68	74.029	3.202	47.868	0.689
948	11.041	80.487	3.329	51.997	0.734
949	9.554	72.71	3.036	48.242	0.679
950	10.517	75.173	3.332	50.037	0.666
951	10.545	74.304	3.171	50.251	0.694
952	10.161	82.997	3.117	52.0	0.778
953	9.612	76.167	3.008	49.043	0.726
954	11.371	85.959	3.829	55.202	0.777
955	11.87	79.262	3.436	50.587	0.723
956	11.948	79.901	3.473	51.556	0.699
957	11.037	79.716	3.262	52.456	0.728
958	10.462	78.816	3.15	50.807	0.755
959	10.25	76.717	3.257	51.249	0.692
960	10.739	76.083	3.132	51.211	0.701
961	12.998	85.776	4.079	54.536	0.769
962	11.063	76.492	3.461	49.143	0.708
963	9.882	82.386	3.156	52.937	0.749
964	11.299	75.0	3.32	49.079	0.671
965	10.503	79.863	3.29	52.28	0.781
966	10.376	78.257	3.262	50.192	0.73
967	10.294	77.232	3.062	50.292	0.694
968	11.555	74.305	3.354	48.212	0.63
969	10.359	76.019	3.213	49.462	0.681
970	11.461	76.216	3.359	50.453	0.675
971	9.997	72.921	2.925	46.179	0.654
972	11.191	75.029	3.328	48.841	0.654
973	10.901	73.338	3.177	49.169	0.65
974	11.576	81.929	3.427	51.878	0.767
975	10.28	77.734	3.086	49.154	0.738
976	11.234	80.883	3.421	51.682	0.751
977	8.675	69.168	2.784	46.832	0.613
978	11.666	77.873	3.242	49.699	0.689
979	10.228	79.584	3.211	51.027	0.738
980	10.273	74.842	2.997	47.51	0.702
981	11.568	75.265	3.465	49.405	0.683
982	10.022	74.772	2.992	48.027	0.692
983	9.923	71.746	2.977	46.456	0.676
984	10.666	78.901	3.205	50.687	0.763
985	10.784	79.106	3.224	51.159	0.724
986	11.061	79.81	3.281	51.962	0.743
987	10.953	79.834	3.463	52.413	0.729
988	11.037	77.913	3.273	51.02	0.719
989	12.24	80.415	3.774	51.778	0.722
990	10.43	72.732	3.166	48.011	0.67
991	10.101	70.171	2.883	45.687	0.633
992	11.965	84.506	3.741	53.879	0.77
993	11.37	75.998	3.334	49.018	0.682
994	11.327	81.483	3.457	53.861	0.762
995	10.598	79.191	3.34	51.954	0.693
996	11.022	75.155	3.404	48.916	0.676
997	10.175	81.214	3.032	51.901	0.77
998	10.657	81.927	3.167	52.76	0.796
999	11.051	82.135	3.294	53.675	0.761
1000	10.231	73.33	3.108	49.04	0.689
