MutationType	DBS78A	DBS78B	DBS78C	DBS78D	DBS78E	DBS78F	DBS78G	DBS78H	DBS78I	DBS78J	DBS78K
AC>CA	0.0002453418181687283	2.4592969158684626e-07	0.0001233599699145847	0.011303594432718354	0.008380328043201346	0.009423620165806678	0.03936351832363252	0.00421942705258405	0.006081007459031223	0.002518598222806247	0.007776549680159299
AC>CG	0.0010012918932398374	4.0366159473767344e-07	3.8677686221080503e-07	0.0003451859873563873	0.0002153936809437792	0.002149199480719805	0.0002503185633127596	0.0011355166861978052	0.0004108897401623054	0.005004524602172479	0.0012692566568663565
AC>CT	0.0013008383907514767	2.856009309968072e-07	0.0001319023943956927	0.005348096071099064	0.03217379964674305	0.009256247865749205	0.002767935075978983	0.007265281502098702	0.004290881418634321	0.006957633407846256	0.016155079557903834
AC>GA	0.0006673481070797779	2.4202090949228343e-07	0.00016747051452223652	0.009326424880127632	0.009171249968151041	0.010884829203431217	0.005656297898542119	0.027695999318793303	0.007731890178443523	0.017739078660145416	0.01542895371900773
AC>GG	0.00087273450947307	4.08537317178135e-07	3.875962722724854e-07	0.0006153787662227014	0.00028452341115547275	0.0019637310131105103	0.00043399043115964643	0.0009627245105528774	0.00020170333401912848	0.005196572040092211	0.0013480115746405481
AC>GT	0.001805074832409391	0.004311558292518176	0.004366947628450443	0.0027349567460512444	0.006501164779448773	0.003951744435951673	0.008123316332999533	0.0026834612879348212	0.014038836944484972	0.001837336528393759	0.006097110466550879
AC>TA	0.0019816537984349825	0.004066937421462946	0.004460060758567538	0.0068036876623653155	0.012277409338681648	0.007586438594571933	0.0032738308308680503	0.0031242517386686104	0.01003761222394571	0.004701082469190008	0.011045983651972917
AC>TG	1.252672617891746e-06	4.4590482215854107e-07	5.779198130449285e-07	4.145751801648879e-06	5.515213569048695e-06	4.497609904307858e-06	7.807055323447854e-06	6.785313601534889e-06	1.1767803985625116e-05	9.193237433663737e-06	8.245357263233552e-06
AC>TT	0.002298296176760159	1.4904304646247787e-07	0.00010545680314471748	0.018295646877847967	0.015047911781539948	0.020141627588005192	0.009644872521883868	0.007147961316755277	0.05255961030930448	0.00812032296774594	0.014867959359501708
AT>CA	0.00035585208654527776	3.928299248633938e-07	6.070688234461059e-06	0.0033278978560090356	0.004261832450875309	0.0029387349083795514	0.001602302387158746	0.003425826002062239	0.0015747903855279119	0.001199847131336674	0.005142440264930075
AT>CC	0.00043591746138619934	4.3179836102731144e-07	3.302050977247156e-06	0.0005449649777833696	0.0026119360095265822	0.0009633084162124087	6.246709534399578e-05	0.0002628272569342518	0.0005959752808630767	0.00010019252010942446	0.0008608242907737835
AT>CG	1.252672617891746e-06	4.4590482215854107e-07	5.779198130449285e-07	4.145751801648879e-06	5.515213569048695e-06	4.497609904307858e-06	7.807055323447854e-06	6.785313601534889e-06	1.1767803985625116e-05	9.193237433663737e-06	8.245357263233552e-06
AT>GA	0.00013251321756169317	3.051737152496754e-07	2.317598053383327e-05	0.02279237766127161	0.010738680442026069	0.013534088356037359	0.0028595612079028235	0.006832893045082929	0.009248466912538713	0.00692970548004114	0.017079302757185336
AT>GC	0.0004271049953120225	0.004220394336285096	2.5788027066568175e-05	0.0017493887394645572	0.0041079892358135564	0.003372859220134221	0.0011724092553856231	0.0020751175748715393	0.0015948729054302145	0.0029466447519925962	0.004072096523142684
AT>TA	0.0011897627143868188	2.3572123176156948e-07	0.005634172193155276	0.021929783475258518	0.007918637509131814	0.015361536373907608	0.0034011417286641103	0.010868555351998823	0.0026350816139097404	0.012099607964840931	0.03274414471341298
CC>AA	0.0037289863777513524	0.07994149931298689	0.11926571462414037	0.043168993510090826	0.020771711327446048	0.022858111780009478	0.031637830567892086	0.22665453435685098	0.032406090768477926	0.01866953281885053	0.04158807729413609
CC>AG	0.0027922287693917442	0.014715300534200759	0.019476996083854836	0.007845886501885566	0.02281648767822476	0.01165841142692366	0.004084269284357841	0.012680825835176796	0.0035504764521587188	0.0066289503479788564	0.03184230603548662
CC>AT	0.00031946042325000994	0.009267485287141435	0.04602959030869747	0.05269346640182275	0.22972922721870154	0.03277639529843789	0.053524960555953315	0.048371410274856724	0.00892265258941147	0.044048757278338894	0.0667969841183197
CC>GA	0.00016181257887043664	2.806616245728437e-07	0.004592006965776896	0.007869679962769549	0.010436746271039372	0.005781768830397557	0.007709174241892837	0.029210867920672002	0.009332721774775135	0.004229658382453461	0.010928638966597758
CC>GG	0.0020859674761284515	3.147186689901001e-07	0.0041874932567347355	0.0013181780296048825	0.002184549249513025	0.006701232593165295	0.0011566822270151311	0.004133686058052668	0.0019222902081743906	0.01580812997285401	0.00688598607534664
CC>GT	0.005494890701335405	1.33904220961698e-07	0.0045599548564760894	0.01598853194701349	0.04481073019233587	0.018989889544343646	0.028652622715039128	0.016670938421130814	0.006700728999530805	0.02285193386478625	0.026304489801873658
CC>TA	0.007568550177854368	0.004593587096341862	0.026612862072672123	0.00594945396154179	0.014027896680661648	0.013423831618992167	0.0022085365416828033	0.013972818913867653	0.009465645862034428	0.3826862930172431	0.009261603763636913
CC>TG	0.00042951077779026966	0.004644120962253849	0.00041298311102842133	0.027248645034280934	0.030867954210067654	0.030188833624911496	0.007225091989898432	0.010418870989925267	0.024345071418362164	0.02902267385664725	0.03056889096612114
CC>TT	0.9256560381624056	0.004419520116229376	0.053195533114106186	0.016742916633946905	0.022798564835086167	0.2553898706992209	0.007586849685975996	0.0194323537137703	0.004928926217159716	0.03345901418282644	0.01580479959490981
CG>AT	2.1184340347146723e-07	0.004181003977061776	2.960777289264031e-05	0.005564708933283873	0.0031445031389159632	0.003579008691638263	0.0012442110648366882	0.0022021851769595977	0.00033563131037469694	0.001763454278388426	0.0029373719265270697
CG>GC	1.252672617891746e-06	4.4590482215854107e-07	5.779198130449285e-07	4.145751801648879e-06	5.515213569048695e-06	4.497609904307858e-06	7.807055323447854e-06	6.785313601534889e-06	1.1767803985625116e-05	9.193237433663737e-06	8.245357263233552e-06
CG>GT	6.877914748547145e-07	0.004121831585966592	4.4700780171400663e-07	4.186999177605963e-06	5.090865175231359e-06	4.333028477748335e-06	7.95056609123072e-06	6.644285460321274e-06	1.195762263839918e-05	8.546807615099538e-06	7.717495588177037e-06
CG>TA	1.252672617891746e-06	4.4590482215854107e-07	5.779198130449285e-07	4.145751801648879e-06	5.515213569048695e-06	4.497609904307858e-06	7.807055323447854e-06	6.785313601534889e-06	1.1767803985625116e-05	9.193237433663737e-06	8.245357263233552e-06
CG>TC	0.0008663002904229909	0.0043110651198340075	3.369393246723835e-05	0.002987896252904898	0.0020101419071166297	0.003853454663360174	0.0036945980041324456	0.002801331529597758	0.0017384628345167698	0.006995158751801871	0.007568563914235657
CG>TT	6.783310552117186e-07	4.3407277786611695e-07	4.904676093766711e-07	0.004383217667725768	5.229068251101593e-05	0.0019813376985818175	7.121448900264051e-06	2.9315297169918647e-05	1.1171182222127905e-05	8.71554053108192e-06	7.628954520661381e-06
CT>AA	5.4284667993825893e-05	0.019103432626934144	0.12982634255371917	0.001955790788820814	0.0054566625339423245	0.0028490332706703862	0.0008876746155602822	0.005355207142879827	0.004391763759140615	0.000529524856510923	0.01440986603325699
CT>AC	0.00022000298676736884	0.5924212722492357	0.08871567326316057	0.0006441617928197853	0.001581237400068537	0.0021476232056216685	0.00034147642947970214	0.000684474620703716	0.00018376472445954227	0.0006455446170679186	0.0017983752623129561
CT>AG	0.00029003885312316326	3.0173795551220066e-07	0.03310528920960728	0.0030220350759287244	0.006401635727768498	0.0026445803580164877	0.0021630413766813733	0.0029385881192009176	0.0010735179832733076	0.0008103720251697514	0.011127526884057121
CT>GA	2.393856326588999e-07	3.6721906521047104e-07	0.01819001292278217	0.0009478421859970397	0.0014623728681648024	0.0012682276047434277	0.006085253963175962	0.0015676930239227817	0.000461238110715649	0.0007635117062298451	0.0009587526260456801
CT>GC	0.0004308277571740893	4.180234180859193e-07	0.004350166777070013	0.0005449975667426335	0.0023378716506144144	0.0008870945604298133	7.51822963624977e-05	0.00023615129145826468	0.0004964797475822069	0.00010178715617629399	0.0009419995363053668
CT>GG	0.00020977298039205855	3.043487153450012e-07	1.0326285882848162e-05	0.01101188078642599	0.00994124917929419	0.006970221153863148	0.00676019607988953	0.0074892650697264175	0.0036621630497392613	0.003295531218762126	0.01622996908040828
CT>TA	1.1734440522373099e-07	1.5180979741716326e-07	0.01318508131721022	0.03920132366383388	0.0057144994178174174	0.0170065367665076	0.01889641426014362	0.02399102468043166	0.005447745616608653	0.013925706848207634	0.006740494804787488
CT>TC	0.00046889358523575673	2.1447581563597985e-07	0.009340409646854248	0.03245115027193843	0.026668932899898298	0.02347671264008725	0.009641898726275955	0.009595002746433432	0.00924996221830142	0.011103072703847304	0.013584503522936593
CT>TG	0.0010003006509492571	3.3164243576428827e-07	0.009136445212209644	0.011975198608802699	0.003928498724055528	0.00716192461988244	0.00027735213449654137	0.005413538677902425	0.005045428032485415	0.0007798377287484269	0.002208757988164499
GC>AA	0.005927426955122526	0.004555636856955676	0.02090459532942387	0.017875953440369224	0.0075093250094015775	0.014882764880303274	0.014966021101870985	0.02374830473153431	0.35159558442944927	0.010627734035521419	0.011327294466155937
GC>AG	0.0003974694337128777	0.013500835030600946	0.00888654125226444	0.01537629272372825	0.014901204957615937	0.02218081078723645	0.018724357567188342	0.011704396312894284	0.04543102198785716	0.022493111744151847	0.02922934136397816
GC>AT	0.00011596418932964894	1.843334471612405e-07	0.009278208120817784	0.006389120310093888	0.00686793066629153	0.007518839233412964	0.045582676728854056	0.01172109320658526	0.028705828264272773	0.002077770644682564	0.006705778112150122
GC>CA	6.6874184668849e-05	0.009179541455235939	0.004366005872167607	0.012866564341738058	0.004775877317654156	0.01075697488410256	0.013419410396679907	0.014651128581743056	0.007109761485668508	0.0061091809874438425	0.009352126233469734
GC>CG	1.252672617891746e-06	4.4590482215854107e-07	5.779198130449285e-07	4.145751801648879e-06	5.515213569048695e-06	4.497609904307858e-06	7.807055323447854e-06	6.785313601534889e-06	1.1767803985625116e-05	9.193237433663737e-06	8.245357263233552e-06
GC>TA	7.476432011516124e-08	0.00411040558287474	0.004265754400334097	0.007215423758175951	0.001131841566727517	0.006704991210773712	0.0010887855374546254	0.011463456098428762	0.025074770521340453	0.0020901998049427588	0.003506879316912142
TA>AT	0.0003046865954467109	0.004324365707262489	2.3715277504776593e-05	0.009310446839770987	0.010963644902350765	0.009678785267826954	0.025929807908585012	0.006077828121869489	0.010645047411233115	0.009942066170940912	0.009175766295052724
TA>CG	7.101263023229312e-07	4.345755599943331e-07	4.840709424967824e-07	0.004041199022795121	4.328983352170941e-05	0.001864297416871874	7.194695460099142e-06	2.343921028011646e-05	1.1188635079366209e-05	8.731775980526299e-06	7.649369361548258e-06
TA>CT	0.0009908510001095168	0.003931066103167004	7.996306961316376e-05	0.010270954000861693	0.008388248458174439	0.009360050533107796	0.015886194201977184	0.023737782234671174	0.025325997015937917	0.005282633792114655	0.007232171402580025
TA>GC	1.252672617891746e-06	4.4590482215854107e-07	5.779198130449285e-07	4.145751801648879e-06	5.515213569048695e-06	4.497609904307858e-06	7.807055323447854e-06	6.785313601534889e-06	1.1767803985625116e-05	9.193237433663737e-06	8.245357263233552e-06
TA>GG	1.252672617891746e-06	4.4590482215854107e-07	5.779198130449285e-07	4.145751801648879e-06	5.515213569048695e-06	4.497609904307858e-06	7.807055323447854e-06	6.785313601534889e-06	1.1767803985625116e-05	9.193237433663737e-06	8.245357263233552e-06
TA>GT	0.0010010746947403545	4.0035110361875157e-07	3.1436741015940158e-06	0.004905238770446225	0.004128923762414452	0.0038822488219738974	0.00017438945272124173	0.00048802599508627754	0.0008513446470422933	0.00021359430973662242	0.0017355941844321464
TC>AA	3.956971460545082e-05	0.018343052115400563	0.0944416093997535	0.010560281512341481	0.026218901220223478	0.007858494952750077	0.27771564702545964	0.014896490837489222	0.009222882708906173	0.0053858705646574875	0.02121726980368431
TC>AG	8.10557934680018e-05	1.1955473667877285e-07	0.023709255436587084	0.01569501598426769	0.02303549195136195	0.02068004455948966	0.04576469263741229	0.02260337912891533	0.021230405202869555	0.026038240313187213	0.029094842399011212
TC>AT	0.0005010773139398383	3.1209088620460435e-08	0.04196504940910357	0.06479573334198563	0.023159624124313834	0.05553827223333783	0.025624748962883567	0.06255405398203803	0.024199710193299626	0.09618143971812901	0.03530783662094706
TC>CA	0.0002689495195724609	1.541878553462055e-07	0.004701826618119286	0.03225908753112941	0.024224987294327795	0.01567584870434769	0.00816128348227588	0.04290897589270661	0.014391904989381376	0.008279198352651937	0.02121631714320384
TC>CG	3.324932777115253e-07	0.0043258636908106406	2.2071031138953757e-05	0.001321890913694952	0.003501456249498814	0.001719026494203707	0.00266808728897816	0.0006620338759532713	0.000864679716767897	0.002942204835407777	0.003529749524479248
TC>CT	0.0009506869922869124	0.0043092640658777765	0.008813628132966005	0.027441223949136024	0.01875528551833328	0.023668652287738033	0.04576808550159024	0.012455861833092531	0.029581410108018773	0.005277528004311252	0.02076708352915672
TC>GA	0.00019405513845823224	0.004655785506314793	0.008861898167307123	0.006728600304559349	0.008419768256299675	0.005041251142049489	0.0031128196485907395	0.018266730691558705	0.0038518236292808387	0.0033878530265937404	0.008804760095620107
TC>GG	0.00032557857148934763	3.6782225907241466e-07	3.820258011383091e-07	0.0009281999715026703	0.002208604736749058	0.001290012667810533	0.00021151477905098732	0.0021901466061417575	0.00988717811732941	0.0055916286632792895	0.0026921211892000302
TC>GT	0.0030053594247003474	0.004761531897119203	0.004414356208657771	0.013496963544318128	0.015921734063154353	0.012275804111650373	0.027543492574126048	0.03083166201806928	0.004045788037560072	0.0184581361632275	0.01575420902062606
TG>AA	0.0013803454585224909	0.004384105227574476	0.022413489287161442	0.011315034348504628	0.008007915657441682	0.00805929601693161	0.005897506612033959	0.0026549888832016776	0.0014682157452482064	0.001166541420449923	0.0035939584113697898
TG>AC	0.0027772021732390194	3.220400973647941e-07	1.9405166676414903e-07	0.00931812329478388	0.001772959844489288	0.0065185240859499186	0.0005229373941489157	0.011289607240512246	0.0018104757247966608	0.004012440163172935	0.0018038773962826148
TG>AT	0.005308073626295417	0.032671527164122055	0.008242681647847593	0.08209136718466703	0.023106543355637575	0.041008109457171496	0.016609086670712637	0.02543894776923856	0.009275667784633169	0.013505107009160583	0.024032241552738653
TG>CA	0.001842784344956108	3.241630788504269e-07	3.9806398221787426e-05	0.01134075718020507	0.009571550252520164	0.008550245092129276	0.0003864266016126838	0.0021090488629645463	0.0027299529932936577	0.007438305457270611	0.004816916573205679
TG>CC	0.00033376098920869424	0.008794111045573132	8.642909272799083e-06	0.006492363415901438	0.00403461455654265	0.005899149251911592	0.0025208504906976416	0.0013626209957597407	0.00321653620426141	0.0007354174185321768	0.003465053069707009
TG>CT	0.0005003941590239995	0.008621157078795842	0.04519250589210718	0.09888346277527348	0.050162263761332614	0.03442179315258474	0.08445870327503133	0.07622119315823701	0.01851894080751995	0.006359640273506864	0.04513635917734269
TG>GA	0.00041919268357079224	3.8137756572974594e-07	6.453065771864082e-05	0.010527661729148232	0.005940770944933428	0.006820993152063117	0.0009556961698713571	0.002547532206427941	0.00055980230419554	0.0016154535958633203	0.003800151309693007
TG>GC	6.59145665373733e-07	4.3354597026387925e-07	4.801443345295062e-07	0.004933079586227415	1.774975110749978e-05	0.0018660596053595806	7.082075592417861e-06	1.8674555044421643e-05	1.115794920397808e-05	8.675178536335185e-06	7.659222042057345e-06
TG>GT	3.099405736687813e-05	0.10640894572892005	0.06736098131697713	0.01461755959281624	0.037101385539937935	0.008035962935030234	0.00606542452260456	0.01484100011879653	0.03466915008122379	0.015205582282513319	0.14434131196259348
TT>AA	0.005414755846765816	0.004395973577919574	0.008895928983220527	0.024896843344407806	0.006321796726322996	0.019849060545078297	0.0046391256563864	0.004405025002702615	0.011564116432244961	0.03048838730991755	0.014927109861485356
TT>AC	0.0003486043905219379	3.4620821592352295e-07	0.00010691475097637016	0.0056198779081057795	0.009920896787545055	0.007985984199433081	0.0019426546849739253	0.007238728415069504	0.01355646507284134	0.0022874198395546703	0.01307418426955363
TT>AG	8.607482139864133e-06	3.946434367993619e-07	0.0048399220616708585	0.006791856176042075	0.003951364300007195	0.005879623264825959	0.0025786406047240873	0.002872051663856336	0.0026082848840965926	0.0007517817005119134	0.008750113810814334
TT>CA	0.0011013170151424668	2.463167437515678e-07	3.656570860858344e-05	0.010586762960166883	0.02582801474664423	0.011776213405202898	0.01960159800802754	0.00599842567971066	0.009461973849121215	0.002011976478698002	0.016754731575301447
TT>CC	0.0009965085321487356	2.757398534287932e-07	0.00012895706446488028	0.014595317225415204	0.022920292660280756	0.013458440412738895	0.0020148312312079078	0.007186461257647264	0.012994847896203567	0.0021319277237215484	0.0195012262572427
TT>CG	0.0005734188327508336	4.0056100415907694e-07	3.159216983271029e-06	0.009140610115821662	0.0022462874282708923	0.004777809118837256	7.237117545852204e-05	0.0003156827633656693	0.00048214081397812735	0.00010085100540147584	0.0008106704552980725
TT>GA	0.00028829371267219617	0.004392703104341641	3.0078619805252563e-06	0.012171420205056701	0.003043315336623037	0.0068123436083048095	0.006250232786105093	0.001286946861236402	0.019218855313556975	0.001348627137403823	0.00335900893702178
TT>GC	6.941240753609288e-07	4.3097150918084246e-07	4.87984659544848e-07	0.00451020921670164	6.0874193179952836e-05	0.0018477444033604433	7.100750291831886e-06	3.4581022674078225e-05	1.1193868907821685e-05	8.731243528551935e-06	7.609082384200738e-06
TT>GG	2.958977407367544e-07	3.982761811232727e-07	0.008613608981980755	0.002022956506294161	0.0009569468181283203	0.002697595534470209	0.0005855219835297327	0.0015896261986013502	0.0010480113570410826	0.006884804485512099	0.0027122916434369725
