Samples	DBS78A	DBS78B	DBS78C	DBS78D	DBS78E	DBS78F	DBS78G	DBS78H	DBS78I	DBS78J	DBS78K
PGENE_1T	1.41E-03	5.85E-02	8.64E-02	4.66E-02	4.41E-02	9.06E-02	0.00E+00	9.64E-02	8.42E-02	7.91E-02	8.04E-02
PGENE_2T	0.00E+00	0.00E+00	0.00E+00	1.00E-03	1.00E-03	0.00E+00	0.00E+00	0.00E+00	0.00E+00	0.00E+00	0.00E+00
PGENE_4T	0.00E+00	1.21E-01	1.11E-01	3.03E-01	4.10E-01	5.97E-02	5.76E-02	3.23E-01	7.04E-02	5.80E-02	5.13E-02
PGENE_5T	4.93E-02	1.24E-02	3.66E-02	1.99E-02	0.00E+00	3.26E-02	1.05E-02	1.18E-02	2.24E-02	1.70E-02	1.49E-02
PGENE_8T	1.50E-02	7.74E-02	9.77E-02	1.91E-01	9.24E-02	5.81E-02	3.17E-02	1.16E-01	5.51E-02	8.06E-02	1.05E-01
PGENE_9T	1.81E-02	4.15E-02	5.90E-02	1.98E-02	2.97E-02	4.44E-02	8.59E-03	2.41E-02	2.11E-02	4.53E-02	6.92E-02
PGENE_10T	2.13E-02	2.24E-02	2.69E-02	1.72E-02	0.00E+00	6.10E-02	0.00E+00	2.40E-02	3.62E-02	2.47E-02	2.89E-02
AC_WGS_1T	1.00E-03	2.47E-02	3.46E-02	2.72E-02	0.00E+00	3.25E-02	0.00E+00	2.64E-02	6.26E-02	3.79E-02	2.60E-02
AC_WGS_2T	9.51E-01	3.43E-01	1.29E-01	1.37E-01	3.85E-01	1.99E-01	4.69E-01	6.29E-02	6.67E-02	6.01E-02	5.63E-02
AC_WGS_4	3.50E-02	6.04E-02	3.72E-02	6.87E-02	8.09E-02	5.92E-02	0.00E+00	5.00E-02	3.26E-02	3.35E-02	2.22E-02
AC_WGS_5	0.00E+00	0.00E+00	1.56E-02	1.00E-03	8.77E-03	0.00E+00	2.10E-02	0.00E+00	4.12E-03	0.00E+00	7.61E-03
AC_WGS_6	3.96E-02	1.92E-01	2.12E-01	1.54E-01	9.15E-02	1.44E-01	4.92E-02	1.78E-01	5.62E-02	1.60E-01	2.53E-01
AC_WGS_9T	5.01E-02	1.13E-01	1.11E-01	4.54E-02	0.00E+00	1.33E-01	4.89E-03	5.13E-02	3.26E-02	5.72E-02	1.45E-01
AC_WGS_10	2.34E-02	6.54E-02	1.45E-01	1.27E-01	7.84E-02	1.42E-01	1.41E-03	1.05E-01	6.72E-02	8.85E-02	1.62E-01
AC_WGS_44	3.15E-03	7.74E-03	9.14E-03	8.96E-03	0.00E+00	7.57E-03	0.00E+00	1.05E-02	8.02E-03	1.37E-02	1.35E-02
AC_WGS_12	8.46E-03	1.88E-02	3.71E-02	2.01E-02	5.02E-02	1.42E-02	8.48E-03	1.79E-02	6.08E-02	1.66E-02	1.57E-02
AC_WGS_13T	5.06E-02	7.58E-02	1.23E-01	5.02E-02	0.00E+00	1.06E-01	1.41E-03	6.31E-02	5.08E-02	1.03E-01	1.02E-01
AC_WGS_15	2.00E-03	9.07E-03	1.65E-02	1.86E-02	2.78E-02	9.31E-03	0.00E+00	1.77E-02	1.30E-02	1.27E-02	1.52E-02
AC_WGS_17	1.61E-02	5.06E-02	1.01E-01	5.57E-02	6.21E-02	1.22E-01	0.00E+00	8.19E-02	1.09E-01	5.44E-02	1.40E-01
AC_WGS_22	5.65E-03	2.68E-02	1.66E-02	2.34E-02	2.80E-02	3.06E-02	0.00E+00	2.16E-02	4.28E-02	2.11E-02	1.33E-02
AC_WGS_23	3.23E-02	1.48E-01	1.01E-01	7.96E-02	1.88E-01	2.88E-01	0.00E+00	1.41E-01	1.60E-01	1.04E-01	1.33E-01
AC_WGS_25	3.52E-02	9.02E-02	3.51E-02	3.99E-02	4.39E-02	2.04E-02	0.00E+00	7.01E-02	7.06E-02	6.23E-02	2.31E-02
AC_WGS_26	1.41E-03	1.58E-02	1.20E-02	4.45E-03	2.28E-02	1.72E-02	0.00E+00	1.16E-02	8.13E-03	1.81E-02	1.30E-02
AC_WGS_27	1.44E-02	2.51E-02	1.84E-02	7.53E-02	4.46E-02	3.83E-02	0.00E+00	2.65E-02	1.62E-02	1.43E-02	4.32E-02
AC_WGS_30	5.38E-03	1.05E-01	1.08E-01	6.07E-02	0.00E+00	7.76E-02	0.00E+00	7.43E-02	6.20E-02	1.01E-01	8.67E-02
AC_WGS_32	4.44E-02	3.16E-01	1.03E-01	1.56E-01	4.46E-02	8.63E-02	0.00E+00	1.13E-01	1.49E-01	1.93E-01	1.42E-01
AC_WGS_33	0.00E+00	2.00E-01	6.38E-02	3.77E-02	2.04E+00	0.00E+00	0.00E+00	3.55E+00	6.63E-02	1.65E+00	3.32E-01
AC_WGS_34	9.94E-02	1.79E-01	1.12E-01	9.69E-02	4.47E-02	2.59E-01	0.00E+00	1.22E-01	7.07E-02	1.41E-01	1.70E-01
AC_WGS_35	0.00E+00	0.00E+00	0.00E+00	1.00E-03	1.00E-03	0.00E+00	0.00E+00	0.00E+00	0.00E+00	0.00E+00	0.00E+00
AC_WGS_36	1.62E-02	7.06E-02	7.62E-02	1.22E-01	4.71E-02	2.86E-02	7.19E-03	6.97E-02	5.42E-02	6.64E-02	7.77E-02
AC_WGS_39	1.73E-02	6.78E-02	5.96E-02	8.83E-02	0.00E+00	1.88E-02	6.36E-03	2.89E-02	9.68E-02	2.22E-02	2.97E-02
AC_WGS_41	6.57E-02	3.06E-01	1.25E-01	1.12E-01	1.30E-01	3.05E-01	0.00E+00	2.53E-01	1.90E-01	2.62E-01	1.57E-01
AC_WGS_49	1.81E-02	3.20E-02	4.40E-02	2.81E-02	4.16E-02	8.23E-02	0.00E+00	3.78E-02	6.98E-02	4.23E-02	3.33E-02
AC_WGS_50	3.67E-01	3.79E-01	5.91E-01	8.64E-02	7.44E-02	1.48E-01	1.50E-01	2.38E-01	5.12E-02	2.30E-01	4.40E-01
AC_WGS_51	6.02E-02	9.46E-02	1.04E-01	2.60E-02	6.66E-02	3.04E-02	1.43E-02	4.74E-02	3.35E-02	4.41E-02	7.31E-02
AC_WGS_52	1.00E-03	5.32E-02	5.80E-02	1.10E-01	9.95E-02	3.50E-02	0.00E+00	1.05E-01	6.51E-02	6.74E-02	1.08E-01
AC_WGS_53	8.39E-03	2.45E-02	3.84E-02	2.63E-02	4.45E-02	2.94E-02	6.30E-03	3.92E-02	3.04E-02	2.36E-02	3.27E-02
AC_WGS_11	4.85E-02	1.11E-01	6.87E-02	3.80E-02	3.10E-02	4.70E-02	0.00E+00	7.35E-02	1.32E-01	6.44E-02	4.38E-02
AC_WGS_37	1.73E-02	4.41E-02	3.35E-02	2.27E-02	4.09E-02	2.79E-02	0.00E+00	3.75E-02	1.94E-02	2.91E-02	5.46E-02
RC596TH1	6.32E-03	5.05E-02	6.82E-02	4.41E-02	3.10E-02	4.38E-02	0.00E+00	7.75E-02	1.22E-01	5.63E-02	5.15E-02
RC597TH1	8.76E-03	4.40E-02	5.10E-02	4.39E-02	3.03E-02	3.94E-02	0.00E+00	5.45E-02	4.79E-02	4.81E-02	4.26E-02
RC598TH1	3.60E-03	3.54E-02	5.04E-02	5.20E-02	4.73E-02	2.30E-02	2.24E-03	4.82E-02	3.40E-02	3.21E-02	5.07E-02
RC599TH1	1.07E-02	6.06E-02	7.57E-02	1.07E-01	2.96E-02	3.75E-02	0.00E+00	8.17E-02	4.56E-02	7.65E-02	4.73E-02
RC602TH1	4.78E-02	7.63E-02	1.05E-01	8.51E-02	8.94E-02	3.04E-02	1.50E-02	6.26E-02	1.20E-01	4.57E-02	4.89E-02
RC603TH1	3.63E-01	1.11E+00	1.24E+00	1.15E+00	2.19E+00	5.82E-01	9.73E-02	2.21E+00	9.25E-01	1.10E+00	1.69E+00
