MutationType	SBS96A	SBS96B	SBS96C	SBS96D	SBS96E	SBS96F	SBS96G	SBS96H	SBS96I	SBS96J	SBS96K	SBS96L
A[C>A]A	0.0018790319104035876	0.01175861644725899	0.004301920124859701	0.00901162185370661	0.010759806830044287	0.00453725486730068	0.004928841915441093	0.04021039155576496	0.016317745174232588	0.01403911922913385	0.004478987833929045	0.00751294128100334
A[C>A]C	0.0018521549650457585	0.003414637258155126	0.012746767802218397	0.012066601710637035	0.007447513101157602	0.0016467956693653402	0.004288866581450601	0.014545231770902212	0.009791235066768324	0.016900129839091706	0.001500498268908183	0.009979654704549323
A[C>A]G	0.00021025396554476066	0.0007812280500188862	0.00018610942278872078	0.0009599206320862485	0.0017057993846926473	0.000327613854562592	0.0008400620865856141	0.0022043987463219437	0.0021482496649628305	0.002681258557797395	0.0012935504985897275	3.807716354835055e-05
A[C>A]T	0.0006018332576583746	0.006687794125361945	0.004426075848937257	0.005522584106624125	0.004881317379071314	0.0038934091192359653	0.0028858721666215033	0.016575813867060633	0.011103768090373192	0.014750922055512802	0.0036369530464113583	0.006831295690501565
A[C>G]A	0.003647233977772943	0.004802085373743488	0.00036527568785956393	0.01857563326454212	0.006219621881879654	0.007325697592141913	0.02350095426191372	0.011461313712745046	0.002448490524712922	0.0032707584105304815	0.005361616785459884	0.007654436450719415
A[C>G]C	0.0016906827148489532	0.0024398636522588494	0.002040278861719644	0.011511419080728672	0.002472874786252297	0.0036418963082551956	0.008771863594298483	0.011406070808531052	0.006866046756235224	0.0005673528519962601	0.0030366225395633147	0.012228467211142879
A[C>G]G	0.0004264293792635134	0.0007915194057261956	0.00010051106508401232	0.0037436867892049154	0.0016251002883674699	0.0004952720819401023	0.00097185080421675	0.0025090504832957056	0.0009272684379310559	0.0003462329374299498	0.0005454919223676418	0.0012330674572960958
A[C>G]T	0.004340156545307913	0.0015925450921660115	0.0009815573608496532	0.007825906494853322	0.00482220596453524	0.010537284215495846	0.011674902539916064	0.014443305724217977	0.005928142466675818	0.007783894436474994	0.0034678779209258415	0.021796071095583472
A[C>T]A	0.0005082862282269507	0.012211278595652826	0.040010394943906284	0.028184080194367665	0.009214800353474831	0.01987044850829544	0.006824230562313907	0.012366237437516173	0.009542127590432926	0.020493575038103295	0.008703549484837416	0.03312161967534493
A[C>T]C	0.02941024771655973	0.00018487055687493482	0.07785932865804489	0.013443471287490426	0.004392078841283258	0.003858860751001821	0.005464920771083289	0.0067026023979906025	0.005565789004919248	0.005441895407412682	0.0010765835127247217	0.007268122788793824
A[C>T]G	0.0008909633145396192	0.010116459898189429	0.007308217208700197	0.07561972361332997	0.03416067057871769	0.02578314168837357	0.011038192698344686	0.02184191668193889	0.035321638343803176	0.011342460241303738	0.01704965469147882	0.013980177843181736
A[C>T]T	0.006319467934913273	0.014422021146670733	0.08649362577732125	0.013932838661956133	0.006542818324357373	0.0068312465895969815	1.1307468160692593e-05	0.011855345096185655	0.008646466794206461	0.012684574024043738	0.002255820311967342	0.01589024542346379
A[T>A]A	0.007105527549173734	0.0042177679259231	0.0019953007878563663	0.010268803157331302	0.0053031985368295	0.0013277380528138932	0.008911637172412194	0.009655788381695823	0.013987179892845219	0.011123721763334492	0.0035262219998141832	0.02445993554053598
A[T>A]C	0.0022573350072893498	0.0019114409194120059	0.0031678267206008298	0.01391595128872896	0.003628399759760856	0.0038868886822405135	0.0033481395509438712	0.00851081042254803	0.00508869891974751	0.007533416490442306	0.0016788563960218755	0.0019474364629322159
A[T>A]G	0.0009988483162117181	0.007729170077355207	0.0017003057558555117	0.008274107837044034	0.005150798711621041	0.0012886721289610747	0.005680898982812341	0.00752879411658031	0.012193311177592907	0.008560156440607265	0.0018258935965733637	0.0022932709565832393
A[T>A]T	0.006076748519149874	0.013570070513936527	0.0021641944561001884	0.022735158549947444	0.006123631827858025	0.002286521297048258	0.0033582967794855635	0.014511413361563608	0.006935364048029289	0.013281306982664151	0.0031832110117228844	0.015968147809391573
A[T>C]A	0.008347260470132623	0.009607679127643827	0.00373939875945808	0.030873752564165153	0.015556485446653123	0.011350815856504602	0.007801536242653775	0.015196100240219128	0.011896163913935724	0.024349439614742507	0.005655331747192171	0.025553321515480214
A[T>C]C	0.00115405960785077	0.003684623805276553	0.0022614976843128957	0.01201909939946785	0.004896149475787601	0.004387302031942537	0.003769023648920659	0.004277116973031968	0.004379750771373166	0.013502908718837293	0.003202297893082123	0.014382820821338101
A[T>C]G	0.00226700840452256	0.005840116637327388	0.0014370187411427567	0.015225880116408953	0.006240770038234981	0.008255207076079355	0.003578647861891468	0.008138913237373152	0.008992188647730442	0.01165872207574075	0.10420623222067849	0.009216761504488708
A[T>C]T	0.006081383409909897	0.008789704461047135	0.003304094374383253	0.028495005660085376	0.010922670268250776	0.010012149890611916	0.006019895093017413	0.00874364854902042	0.018686147839834598	0.02366983876323754	0.007048439142727927	0.025430211825788616
A[T>G]A	0.002959962587036284	0.0013068216927155118	0.0006564793643869367	0.00032126726584947	0.000872966547182775	0.001504193372518364	0.0066555941500979305	0.0010025457052898878	0.009083138847189084	0.003935203709980767	0.0010750383945648731	0.04339631551742776
A[T>G]C	0.0010491224885453532	0.0014228601377469271	2.4788276027625318e-05	0.0015993249130229856	0.0007031978438341313	0.0010562955919727211	0.0030743966123514335	0.0010765544574596183	0.0011476830566156022	0.002480528341566615	0.00016231248588234525	0.01364778647380076
A[T>G]G	0.007325459565129022	0.008331802830453957	0.0006220306724675781	0.0014173721710215802	0.0007422838271540067	0.0007734794708711653	0.0016361330798458907	0.00735100978295362	0.061292898673655345	0.0003114036423579438	0.004511557909836272	0.004185436618108143
A[T>G]T	0.0010017123283914545	0.003078626354100949	0.0008667957990436148	0.0025748797509534483	0.002775113227229185	0.0011994237871875897	0.004606906908292089	0.005974063508909709	0.008487735418828298	0.021916899696913596	0.0015304184264287484	0.013608504360701865
C[C>A]A	0.0037847265032851583	0.012463239870433115	0.02865925194128156	0.0008765681396426337	0.3046521628181746	0.010087174948315986	0.06621488905685899	0.011818106514422158	0.00977354679446733	0.03027150315256162	0.0017909406706466244	0.0019081438408926998
C[C>A]C	0.0009184453274198482	0.00681685214100243	0.009768444514240502	0.008278187128540681	0.036647928994102276	0.013843589814992696	0.029886311271694294	0.003945211636785619	0.003600016961706419	0.009732005765381217	0.0027992387976017116	0.0028980481643960106
C[C>A]G	0.00012687866096430285	0.0010394214702633279	0.004374522168758973	0.002026120230167617	0.036803607854713434	1.5348532182828004e-05	0.00982760423186776	0.001364243984269848	0.002045124627043223	0.0053783951429357	0.0010104860163045965	0.0006406727261092204
C[C>A]T	0.0017168872127827802	0.011160382841169401	0.023659172974216807	0.006986192407766465	0.1272061389463449	0.009078243133077958	0.08922610233780379	0.00808936567070148	0.006917793431032932	0.0033148479205960635	0.0009992091361346964	0.0004998936428343313
C[C>G]A	0.0002446272795671745	0.0038624532723565627	0.0007361690106084545	0.004153160935669723	0.0030666321007890435	0.0095362319393544	0.006825681970944874	0.011195490238154943	0.005900790447659869	0.004390647332661885	0.0019113472029720661	0.00045442312598751623
C[C>G]C	0.00033672883430212734	0.003145714966297192	0.0011201309890210753	0.0044397510604156296	0.005071505619815349	0.006580943426208986	0.008365275059942036	0.007156868402252345	0.0018293291082757696	0.0030193067781553386	0.0018778562148821986	0.0051779899296904176
C[C>G]G	0.00017146855431711855	0.0008617429597179867	0.0006703063191554548	0.0018528270712781917	0.0005702950249338341	0.0014802825791786788	0.0012212704976098858	0.003053820452613139	0.0005010901064446276	0.0007596510594872536	0.0003832500159600838	0.0012510823569940575
C[C>G]T	0.0016904718813619958	0.004417924326484476	0.0012894943063914567	0.0027299889894908543	0.004331234579536097	0.019252770354853517	0.006698309454079798	0.011313921886385924	0.007180613425619903	0.007387907591570898	0.001976167122018576	0.007685233194975455
C[C>T]A	0.04798144828521333	0.051173299083787684	0.030179425281937206	0.01074639367182154	0.004587027378596279	0.02074948803613569	0.015585282258202847	0.014158430878715827	0.021004438621770646	0.0056336823689274495	0.009343195532871669	0.01903265905014301
C[C>T]C	0.07055229241243123	0.034960482724289144	0.1762804765253328	6.676856048974677e-05	0.00251030441031403	0.004087167234484226	0.09219293603131204	0.006267452436709122	0.0015441328563945416	0.0010129472727977745	0.0016029135830112533	0.00010964587829474859
C[C>T]G	0.009849266872448243	0.010384803158002413	0.006212838143409664	0.04547756518682594	0.014224426545560281	0.016980255840573548	0.008017101063435202	0.010832828208265574	0.00948846902577651	0.010495539692432483	0.011117806844893998	0.008515669319343395
C[C>T]T	0.04367401860804	0.06535212013962607	0.0990075028590468	0.00046751237571771953	0.00043895421974939677	0.013529287473120096	0.04833484956912827	0.02728275053081679	0.011256688060430101	0.00529019421840042	0.0008669569040692588	0.0034812458046455733
C[T>A]A	0.0022486540561415646	0.0032872732432222187	0.0063845831712037665	0.0026999855475504015	0.001163274682228959	0.0009753705381890288	0.018469504498014325	0.002090514697421365	0.004097921788691737	0.006285152615418151	0.003695153704629925	0.001484656532362172
C[T>A]C	0.00032395503284399414	0.0036613434365074943	0.00459039459335344	0.0037253958663914792	0.002928671876225773	0.002174374866049545	0.012820847893890697	0.0062431085043379315	0.006736271638394566	0.010412571800180822	0.002660094092588502	0.0018083343694006002
C[T>A]G	0.0022046646205716846	0.00640167743838036	0.006688952833749388	0.001143074377711437	0.0022501180946473253	0.0005513012702669086	0.013439721887323333	0.006693035872915374	0.007046750902500727	0.009261655630565361	0.00267120043178459	0.0014469193294228818
C[T>A]T	0.0014297719030310452	0.004416378225167061	0.00653600890997165	0.0019174778017940675	0.0033888064962256763	0.000196357488941015	0.026947656430718225	0.008617615216236659	0.0076053965542258435	0.018862855428574618	0.00020147665956230974	0.0044077827120514775
C[T>C]A	0.003006505111004907	0.005626129769283757	0.002111928531798122	0.010564124073221387	0.004710280750441774	0.004780136241955346	0.01411069438275891	0.006085099763178406	0.0038367607842457368	0.004655732936683753	0.0156640328911778	0.01004096544296607
C[T>C]C	0.0013617929639709776	0.005334188851043642	0.0029788131490469595	0.008554505292983587	0.0029550117200128857	0.004981192302521312	0.023399220918667515	0.0037307472599551325	0.0040001802098397835	0.025898382255195557	0.03499181879887073	0.021319790452375604
C[T>C]G	0.0009807292922290527	0.004261199216621536	0.0029205550016199364	0.009178344363063133	0.006963922406801165	0.003760537577497948	0.010078053918731324	0.006946679363242657	0.007701349609963186	0.01203178172503041	0.06451162198415898	0.003941928309711292
C[T>C]T	0.0037347718260991166	0.010628737420985381	0.00339417836574736	0.0026904915110391625	0.0036622983159136104	0.005181020558521856	0.0195798750194855	0.011843941168486924	0.0171445512099831	0.04867874340605845	0.005146740350860739	0.00432920554104572
C[T>G]A	0.0009684281108603772	0.001640319909768227	0.0009833479780408565	0.0019988115280925576	0.0024433519689649737	0.0008612396449487565	0.0019586665552409526	0.002154008395447866	0.004002487792177319	0.003477139827750522	0.005632071277159669	0.008914899699657343
C[T>G]C	0.0002500974065097234	0.0027421452526554075	0.000596628220799293	0.0015711825876655369	0.001893035245966444	0.0010734655501224437	0.0024809712069725114	0.002129284822025388	0.00040859373498670156	0.00910336409457076	0.00401787289776604	0.0066505657092091825
C[T>G]G	0.0018189381495567927	0.010671075000742807	0.0016783522089157846	0.0005017290418505631	0.0013882571509348076	0.0033557404227480673	0.005644512938586722	0.014515104101443002	0.023715980922503686	0.006694850064380822	0.004998884387171499	0.0016769727277150103
C[T>G]T	0.0015825859918453724	0.004185925430439689	0.0008315300542590372	0.0008612316494774205	0.002275327552833441	0.0025247621148793693	0.007894999620740955	0.0031819282916963677	0.0005547429901272378	0.12408626652596765	0.003067787520031923	0.0009173580225239243
G[C>A]A	0.001302653561374733	0.009923927893563155	0.0029135767237182942	0.0069657653547621915	0.013431308859663493	0.00337785403051903	0.007166806149936418	0.028806482293589872	0.0037463026190680056	0.0021469869813657136	0.0014703490473457947	0.0018849051331957687
G[C>A]C	0.0014062217445272556	0.0024963118015907276	0.008099389686436755	0.0047375592531210325	0.007295858586875113	0.0032311585939309023	0.01317792510750909	0.006112044772198102	0.00470490026422298	0.009979085672873235	0.0013283813618413525	0.004635786544669356
G[C>A]G	1.8448971981559794e-05	0.0008321287883824773	3.510082669658432e-05	0.0011051474203447355	0.0010895627312446142	0.001220226503769965	0.0002787509642427017	0.0033945638106666473	0.0013687175372046338	0.0004177963168022212	0.00013807621963089257	0.00028719183847207634
G[C>A]T	0.0008433958197426963	0.006911534999176864	0.003276549478596378	0.009502122971971233	0.007772801471840429	0.004393504125361488	0.003276859025880652	0.019612319880554768	0.0017373783100220076	0.0039601716958194986	0.0018623674440452784	0.002387637801938423
G[C>G]A	2.7683346825896787e-05	0.0025006200117838272	0.0005485284187542244	0.007102214422277045	0.00257957911744272	0.003718979959326364	0.009101180071498842	0.0072134414090436255	0.005193894393760205	0.00243451302385541	0.0021665825062389633	0.0017420873297110178
G[C>G]C	0.003382304138949518	0.000786792087078937	0.002098690979846565	0.006653582848027343	9.844220686294698e-05	0.0032359349532847343	0.01407553019102133	0.006474659572151173	0.000289155340879497	0.0017822550714081445	0.0022227531859123307	0.015023585275409567
G[C>G]G	0.00043851982784995683	0.0004518441452484104	1.8649293657683626e-05	0.00022325685298081908	0.0012951565498246474	0.0004889929655446391	8.644750339816271e-05	0.0010743158551731735	9.094372238911227e-05	0.0008283767526807448	0.0006630751098878633	0.0013632825908647308
G[C>G]T	0.0012602298676953946	0.0030288795986643806	0.001251446817198711	0.007601667003861916	0.003385244609321369	0.00939326609531104	0.005577078577766759	0.007783107687092273	0.0013698952924449987	0.005051857196344461	0.0016129972074831213	0.0021025751119415495
G[C>T]A	0.0028696921948061305	0.010643752378206906	0.01024684936778189	0.028103058018351213	0.006193292727988372	0.022739056993682345	0.018947910116134843	0.01472171692712029	0.005504339988885412	0.0038838770243035583	0.006332518473071591	0.0074079311608007915
G[C>T]C	0.021570107761669934	0.0042049479197693454	0.01122118016673249	0.032983659594395254	0.004862259885899393	0.011774362256156714	0.013439919798296444	0.011507742861479289	0.003865649454225725	0.0075262397699019335	0.001849842542289951	0.005658978368931267
G[C>T]G	0.004841176713415104	0.005508492661886693	0.004275306959973639	0.07580562344348629	0.026710033742788974	0.013919838379182616	0.010043048107117826	0.011145073089513177	0.024259514373014282	0.014590563758341618	0.012064048947325887	0.012279118510645276
G[C>T]T	0.013184463941045627	0.018893901358644084	0.011069824166258587	0.019900387060658997	0.007815078924039308	0.01260626267946855	0.006094655394947546	0.007369650074143815	0.010139151172180644	0.013820466574297651	0.004895223632944013	0.013350401700763839
G[T>A]A	0.001129278823080404	0.002679669896285372	0.00032663307055431174	0.0031003275721319355	0.0024751129383290132	0.0004891212798813369	0.0042418466226342485	0.0020894904869242573	0.005442389709932599	0.005116447944653964	0.0012927317269593958	0.0012799515091663106
G[T>A]C	0.0002284452858697695	0.0016154411450175275	0.0019801655079047516	0.0014650496388335665	0.003085501596441139	0.0023175356702824787	0.001783441812318429	0.002724704288383879	0.0022932862470738005	0.00546127023040907	0.0006044549822762313	0.004483941148024463
G[T>A]G	0.0011981016170378763	0.0022362404269403472	0.0012240624092342957	0.0024310233644588733	0.002989687737001809	0.0017690813475985405	0.0015919272733723856	0.004958400003819147	0.007597617666707019	0.005664501886205434	0.0021722281927370186	0.0034586679012135967
G[T>A]T	0.0010754627297443482	0.003550781914010441	0.0010843667864671206	0.0017211883245112631	0.0024967450988731023	0.0015561624048130043	0.0033819222285760768	0.0047791674432366505	0.00542976939947812	0.006500355842910663	0.0020225199262788305	0.006899508493021182
G[T>C]A	0.002205822631886312	0.004766769593122284	0.0024028927617385743	0.020641219978543773	0.004757320416824369	0.009632520408403	0.007336865587956306	0.005667535670740447	0.014891867381162665	0.0115045869782675	0.0037088885757094107	0.02090964883764751
G[T>C]C	0.001543460872452392	0.0011188204179501558	0.0026462888681060897	0.023280841814531456	0.002062572430001626	0.0008524590505478755	0.01902624943705299	0.0015744152679848522	0.006504869645560689	0.012047045152021579	0.001504309981294095	0.02601421540725256
G[T>C]G	0.0018724306909392676	0.00033949122689595524	0.0021016056452618343	0.012576462283237732	0.0025685473274450164	7.150628105033101e-05	0.005152920887053737	0.0013928318618551421	0.0021468320462570086	0.007867326917054194	0.20864886205636077	0.011686911960071265
G[T>C]T	0.0288483381449134	0.0012782644511495096	0.003679057690483564	0.022818130138170717	0.0073420289234034505	0.001514885427227956	0.005160592927547034	0.006177949439879504	0.08366087789278297	0.015345451356590111	0.005061350514211512	0.016078375760992684
G[T>G]A	0.0005230569529042158	0.0018256110039129784	0.0006885479790477287	0.0009310175040087052	0.0001004973759891176	0.0012369640324469359	0.0010481186264222593	0.0016474967254193514	0.0039628367966909	0.0030623143374245904	0.0010151997216240956	0.006323391687299502
G[T>G]C	0.0001409554721218676	0.0010078364343041172	0.001063630693982569	0.0012376899618192904	0.0012377407175583049	0.0010449449564126727	0.0017069536111949972	0.0002468203584498474	0.001814709080342449	0.0018807053603186374	0.0008763216633979228	0.010320631638446029
G[T>G]G	0.010588150079464708	0.006690300836416954	0.0007423815112664816	0.0002922872192040411	0.0010884465104406829	0.0032906284735690038	0.0006521095005894947	0.005530686008220524	0.06748291691464983	0.005229507822164376	0.021345359057817582	0.006534384610137147
G[T>G]T	0.000799097997842995	0.002525088298752678	0.0012114601871428708	0.003569019655952948	0.0004348930461618189	0.002108768555849963	0.003831132319557496	0.004570029603160124	0.006806462995372611	0.03500965919241535	0.000511291029104318	0.009676466096958379
T[C>A]A	0.006197408115018099	0.008692412762183079	0.0025944225807849925	0.012709883672419587	0.01236107555302497	0.03186578959466459	0.009274080447236857	0.03825555810303527	0.004218150687662091	0.0035492296929886618	0.003866522559987827	0.017138096297510366
T[C>A]C	0.0006477281308385705	0.007577782810787495	0.010197741304678386	0.010588198656679567	0.010208107723258298	0.02675669718587485	0.010992219098502166	0.0188084654075274	0.012521643204349609	0.0018893538620468576	0.0022284125530318798	0.0012870885564748922
T[C>A]G	0.0003833335898497208	0.0007562767231087643	0.00048752113581235635	0.002669508654380626	0.0019617227622584082	0.0005430713129029126	8.635129806951005e-05	0.003235184330530027	0.001861846624999878	0.0020037387481734886	0.0008024933572530324	0.0012909733016321962
T[C>A]T	0.007638184678713851	0.00917497017462975	0.00737555347603754	0.03100510941098769	0.03010437310922349	0.03569041707781643	0.013027025998578858	0.05292288551544929	0.0012638996010703083	0.006511396082002099	0.0073577323414722555	0.014096282808297491
T[C>G]A	0.0018141197244779994	0.0076853263316542485	0.0009007367842734709	0.008210412933208695	0.004803687672845766	0.08270523565819571	0.007845800723742347	0.0276490481407797	0.011346444409292857	0.0010841969143128571	0.0009057935857211887	0.001294028053216095
T[C>G]C	0.0029297990357503366	0.0008921676404483519	0.002315352261664155	0.0040772286775219765	0.006543754620378564	0.03112161380837518	0.009292895638188204	0.013223622555684843	0.010575055352054464	0.006084226830234262	0.002514324575041975	0.0018745520011400894
T[C>G]G	0.0004526985549778205	0.00016780699258905647	0.0001685243802122991	0.0022900744275862867	2.4679822956112082e-05	0.002173801434956113	0.0006667926087522122	0.0009647938363439677	0.0014239298297925346	0.0018613245861885913	0.0007387985030932096	0.00010932511127217153
T[C>G]T	0.005972749424416389	0.005838458111599449	0.00433786189250676	0.005182887481370317	0.013305993916828988	0.13178047851581953	0.013212861755081906	0.04071838301797884	0.028284209122480163	0.00990876002714593	0.000909780154737716	0.005243366856144902
T[C>T]A	0.1151895455347489	0.15101036867636156	0.02889902733865685	0.0132815380428954	0.0028578074670643195	0.10763842400588408	0.0054789723753358695	0.00664532271202029	0.023727773629596403	0.003251537254247232	0.0023176385442402444	0.013019156028238285
T[C>T]C	0.27902578465181643	0.05812196134930703	0.09036392196955527	0.003198561554744064	0.005536697656900431	0.013641338275771738	0.0018973658267986714	0.03573612715328547	0.030915920907766608	0.004123449463586841	0.0018535441259790605	0.0052416963809428264
T[C>T]G	0.06444987576930282	0.019781323970348933	0.001545826280580685	0.024181225480803193	0.011107002202963142	0.0055444186181273026	0.0023675393828436198	0.015544902955628612	0.027302928501846836	0.002607921592950678	0.009074465160659849	0.00482114590716704
T[C>T]T	0.07413131348617082	0.11481602120222598	0.0829599897542069	0.01472874443243288	0.0051380907637377645	0.0832523838437639	0.0014375423312292114	0.017137522187382594	0.027815259931579323	0.01111514923272966	0.0035406615756569137	0.010122137400112806
T[T>A]A	0.0044003988590180995	0.008993591719792294	0.002172371894321042	0.01917659069083412	0.01076724764472527	0.0029568230549954443	0.007001895586511693	0.008441139099927511	0.004590632494752503	0.023388817863599982	0.0032397775438447606	0.06330303309896053
T[T>A]C	0.0007828999782511281	0.0058449134280193415	0.0011408804383057092	0.006089026633980297	0.001553749070787828	0.001780286447358453	0.002694313622297987	0.008018724420944423	0.004522671577761928	0.004082957780717529	0.0018649670481883493	0.00785002862626569
T[T>A]G	0.002027108803776708	0.007643563870100939	0.0009278470260310329	0.0030729602747724427	0.0012719350071815163	0.00040167492669963877	0.00385417100335201	0.004677785650079539	0.004459607350215794	0.00431756780823275	0.0011936811899898112	0.005338762614641077
T[T>A]T	0.0042419276265840185	0.022887423231286372	0.001766804942285333	0.00234136501568463	0.00397048842507501	0.0038650268204775597	0.007750062463639856	0.011255431022769819	0.019493881017397355	0.014086762576948377	0.0027139015313544096	0.023629500267331727
T[T>C]A	0.008793156444915145	0.01122108407089067	0.0011851784501482863	0.009622077218894031	0.008558307142951395	0.002006334227988656	0.009799812610480003	0.016990754728390296	0.02006693773986753	0.013860948996381505	0.0052077939437804865	0.0209190564664145
T[T>C]C	0.003995928655526164	0.009105429593129478	0.0007382067220526446	0.022682572887948196	0.0049011940548667424	0.007139656318716795	0.023095913530485474	0.007239430234556643	0.0014338400851564726	0.01134117126870442	0.003887388701065206	0.02673790084027524
T[T>C]G	0.002988029304799384	0.005108454567453913	0.0002474412335502143	0.0004051221827084632	0.0025668944401286	0.0034498602831666805	0.0038948331688487946	0.005025943876423217	0.0019769002230022436	0.0014251639895247776	0.2747271279753917	5.1051241066605727e-05
T[T>C]T	0.007482216203834829	0.013360685563881066	0.0009106613846466121	0.015001245324283043	0.009852952832320043	0.005768852537370499	0.009486774592046611	0.018786210507119445	0.019860581354002437	0.016781905564319403	0.005138366341718608	0.028309225661243154
T[T>G]A	0.001760331900939283	0.005145297424611187	0.0007643150978875167	0.0013761773369012956	0.0024625427874596976	0.0016445874599063668	0.006493248893559548	0.005193368228307301	0.005850834357103356	0.004990397029867271	0.001925105544985656	0.0394209141554785
T[T>G]C	0.0007521483440428967	0.0020998278961943872	0.00039782102712749114	0.0027598362878296532	0.00014673293285660406	0.0004512832633205831	0.002353806192348829	0.0047468339889057045	0.002531001256616385	0.003467407290266466	0.0016418622514028848	0.012653636908541805
T[T>G]G	0.0011462868590865068	0.010938754729379	0.0014309792822709115	0.0015599723111171119	0.0010159160825526112	0.004606442797613536	0.005641539571908501	0.009180938725203378	0.015228553278714398	0.006224938317029001	0.0012112014095650352	0.010890322124747531
T[T>G]T	0.0021402020747768188	0.010130213637999631	0.0015520251397299993	0.007415898948152826	0.002518484797337611	0.0055175967331743	0.007310679831053422	0.014228982895330543	0.0037529684917179296	0.042169470493830644	0.0028177852972316913	0.04335093080085662
