MutationType	SBS96A	SBS96B	SBS96C	SBS96D	SBS96E	SBS96F	SBS96G	SBS96H	SBS96I	SBS96J	SBS96K	SBS96L
A[C>A]A	1.79E-04	1.76E-04	1.65E-04	6.76E-05	5.35E-05	1.95E-04	4.12E-04	2.79E-05	7.38E-05	4.56E-04	1.46E-04	4.66E-05
A[C>A]C	1.19E-04	1.06E-04	1.02E-04	5.01E-05	2.95E-05	1.50E-04	1.34E-04	3.42E-05	5.58E-05	1.63E-04	6.15E-05	3.05E-05
A[C>A]G	3.56E-05	2.84E-05	3.24E-05	2.03E-05	5.64E-06	6.03E-06	2.61E-05	4.39E-06	1.75E-05	4.60E-05	1.35E-05	1.44E-05
A[C>A]T	1.15E-04	9.71E-05	1.05E-04	4.57E-05	1.96E-05	1.43E-04	1.60E-04	1.97E-05	4.74E-05	2.03E-04	6.91E-05	3.29E-05
A[C>G]A	7.98E-05	1.15E-04	8.96E-05	5.55E-05	3.00E-05	1.62E-04	8.61E-05	1.48E-05	1.12E-04	1.45E-04	8.91E-05	4.41E-05
A[C>G]C	8.82E-05	8.39E-05	3.39E-05	3.87E-05	2.56E-05	1.36E-04	9.08E-05	1.49E-05	6.87E-05	1.07E-04	7.32E-05	3.01E-05
A[C>G]G	3.00E-05	3.24E-05	1.66E-05	1.95E-05	8.33E-06	4.14E-05	2.43E-05	3.42E-06	1.99E-05	4.13E-05	2.17E-05	1.22E-05
A[C>G]T	1.10E-04	1.05E-04	9.86E-05	5.28E-05	3.86E-05	2.20E-04	7.65E-05	1.73E-05	9.66E-05	2.15E-04	1.63E-04	3.41E-05
A[C>T]A	1.95E-04	1.55E-04	1.71E-04	7.79E-05	2.68E-05	2.95E-04	1.41E-04	7.76E-05	9.74E-05	2.02E-04	1.19E-04	6.07E-05
A[C>T]C	1.98E-04	1.26E-04	1.55E-04	6.31E-05	7.93E-05	1.91E-04	5.69E-05	1.28E-04	8.00E-05	2.74E-04	1.15E-04	4.38E-05
A[C>T]G	3.56E-04	2.70E-04	2.29E-04	1.31E-04	4.70E-05	3.22E-04	2.05E-04	4.59E-05	2.12E-04	3.59E-04	1.83E-04	1.13E-04
A[C>T]T	2.08E-04	1.49E-04	2.03E-04	6.95E-05	6.31E-05	2.79E-04	1.49E-04	1.41E-04	4.34E-06	2.05E-04	1.14E-04	5.82E-05
A[T>A]A	1.26E-04	8.59E-05	9.51E-05	4.63E-05	3.74E-05	1.81E-04	8.78E-05	1.81E-05	7.51E-05	1.14E-04	5.01E-05	3.33E-05
A[T>A]C	8.51E-05	6.87E-05	7.68E-05	3.76E-05	2.28E-05	8.24E-05	6.64E-05	1.55E-05	4.98E-05	8.71E-05	6.59E-05	2.81E-05
A[T>A]G	1.07E-04	6.87E-05	7.70E-05	4.44E-05	1.89E-05	7.69E-05	7.23E-05	1.65E-05	4.93E-05	1.64E-04	4.86E-05	2.56E-05
A[T>A]T	1.43E-04	1.24E-04	1.24E-04	5.61E-05	3.70E-05	1.99E-04	1.19E-04	2.31E-05	7.04E-05	2.87E-04	8.57E-05	4.42E-05
A[T>C]A	1.56E-04	1.35E-04	1.31E-04	7.13E-05	4.11E-05	2.30E-04	1.10E-04	2.42E-05	1.00E-04	1.79E-04	9.38E-05	5.27E-05
A[T>C]C	8.94E-05	9.64E-05	9.68E-05	4.16E-05	2.09E-05	1.58E-04	5.43E-05	1.44E-05	5.97E-05	8.06E-05	5.33E-05	3.09E-05
A[T>C]G	1.15E-04	1.09E-04	1.09E-04	5.56E-05	2.80E-05	1.81E-04	7.53E-05	1.59E-05	7.19E-05	1.22E-04	7.54E-05	1.71E-04
A[T>C]T	1.62E-04	1.35E-04	1.33E-04	6.80E-05	4.35E-05	2.24E-04	1.03E-04	2.30E-05	9.73E-05	1.52E-04	9.14E-05	5.30E-05
A[T>G]A	1.34E-04	3.75E-05	9.46E-05	2.30E-05	3.69E-05	3.46E-04	4.70E-05	1.26E-05	1.27E-04	6.57E-05	4.01E-05	2.59E-05
A[T>G]C	3.88E-05	3.70E-05	4.86E-05	1.71E-05	1.56E-05	1.17E-04	3.00E-05	2.00E-06	4.91E-05	4.04E-05	2.76E-05	7.51E-06
A[T>G]G	2.76E-04	5.18E-05	3.03E-05	3.29E-05	3.48E-05	1.26E-04	1.17E-04	1.82E-05	4.56E-05	1.87E-04	4.45E-05	7.01E-05
A[T>G]T	8.20E-05	5.67E-05	1.02E-04	3.24E-05	1.82E-05	1.21E-04	6.73E-05	1.14E-05	5.40E-05	9.24E-05	3.53E-05	2.25E-05
C[C>A]A	3.92E-04	1.06E-04	7.08E-04	5.86E-04	5.60E-05	1.76E-04	3.19E-04	2.65E-04	1.21E-03	4.09E-04	2.08E-04	7.62E-05
C[C>A]C	1.03E-04	1.01E-04	1.27E-04	9.65E-05	2.56E-05	1.09E-04	1.01E-04	4.33E-05	1.34E-04	1.23E-04	8.94E-05	3.41E-05
C[C>A]G	5.91E-05	5.19E-05	9.91E-05	8.72E-05	5.61E-06	3.59E-05	4.11E-05	3.51E-05	1.51E-04	5.89E-05	5.71E-06	1.95E-05
C[C>A]T	2.20E-04	2.08E-04	2.32E-04	2.43E-04	3.78E-05	6.38E-05	1.95E-04	1.24E-04	4.59E-04	2.54E-04	1.41E-04	4.47E-05
C[C>G]A	8.23E-05	6.58E-05	6.92E-05	3.86E-05	1.19E-05	3.92E-05	8.25E-05	1.11E-05	5.07E-05	8.95E-05	9.04E-05	2.24E-05
C[C>G]C	5.46E-05	5.97E-05	5.84E-05	3.71E-05	1.22E-05	9.43E-05	5.74E-05	1.20E-05	4.93E-05	6.92E-05	6.17E-05	2.22E-05
C[C>G]G	2.22E-05	2.95E-05	2.53E-05	1.36E-05	6.08E-06	3.93E-05	2.70E-05	6.77E-06	2.12E-05	3.92E-05	2.80E-05	1.01E-05
C[C>G]T	1.22E-04	7.51E-05	9.08E-05	4.50E-05	3.08E-05	1.42E-04	7.40E-05	1.42E-05	5.71E-05	2.05E-04	1.35E-04	2.40E-05
C[C>T]A	2.89E-04	1.46E-04	1.22E-04	6.80E-05	1.01E-04	2.51E-04	3.22E-04	7.85E-05	1.00E-04	3.64E-04	3.28E-04	5.53E-05
C[C>T]C	1.34E-04	1.37E-05	1.01E-04	7.23E-05	1.44E-04	3.76E-05	3.85E-04	2.30E-04	4.57E-04	3.09E-04	2.06E-04	6.87E-05
C[C>T]G	1.98E-04	1.58E-04	1.52E-04	8.56E-05	5.08E-05	2.13E-04	1.38E-04	2.87E-05	1.32E-04	2.28E-04	1.23E-04	7.32E-05
C[C>T]T	3.42E-04	4.48E-05	1.74E-04	3.08E-05	1.39E-04	1.81E-04	2.95E-04	1.31E-04	2.67E-04	7.09E-04	3.62E-04	3.99E-05
C[T>A]A	7.67E-05	5.23E-05	7.63E-05	2.92E-05	1.87E-05	6.04E-05	5.03E-05	2.49E-05	9.14E-05	6.68E-05	3.31E-05	2.86E-05
C[T>A]C	8.77E-05	6.08E-05	8.79E-05	3.57E-05	1.11E-05	6.53E-05	6.82E-05	2.07E-05	7.18E-05	1.06E-04	4.48E-05	2.58E-05
C[T>A]G	9.51E-05	4.12E-05	8.42E-05	3.06E-05	1.79E-05	5.97E-05	8.52E-05	2.40E-05	7.82E-05	1.55E-04	3.33E-05	2.72E-05
C[T>A]T	1.12E-04	6.38E-05	1.28E-04	3.71E-05	2.12E-05	1.15E-04	1.13E-04	3.03E-05	1.27E-04	1.68E-04	2.54E-05	1.29E-05
C[T>C]A	8.46E-05	7.68E-05	8.03E-05	4.21E-05	2.50E-05	1.35E-04	5.79E-05	1.69E-05	7.13E-05	1.02E-04	5.93E-05	5.09E-05
C[T>C]C	9.17E-05	1.37E-04	1.54E-04	4.24E-05	2.72E-05	2.32E-04	6.48E-05	2.20E-05	1.21E-04	1.06E-04	7.00E-05	8.09E-05
C[T>C]G	9.45E-05	7.79E-05	9.23E-05	4.90E-05	1.95E-05	1.10E-04	7.05E-05	1.72E-05	6.45E-05	1.07E-04	6.05E-05	1.22E-04
C[T>C]T	1.42E-04	7.87E-05	2.24E-04	4.50E-05	2.74E-05	1.43E-04	1.18E-04	2.37E-05	1.12E-04	2.22E-04	7.77E-05	4.07E-05
C[T>G]A	5.82E-05	4.57E-05	5.19E-05	2.86E-05	1.46E-05	9.47E-05	3.09E-05	9.50E-06	3.39E-05	4.98E-05	2.63E-05	3.00E-05
C[T>G]C	2.40E-05	4.12E-05	6.74E-05	2.75E-05	8.75E-06	8.56E-05	3.24E-05	7.99E-06	3.47E-05	6.33E-05	3.01E-05	2.51E-05
C[T>G]G	1.59E-04	3.16E-05	9.35E-05	3.39E-05	2.45E-05	7.41E-05	1.61E-04	1.96E-05	5.63E-05	2.44E-04	6.77E-05	3.91E-05
C[T>G]T	5.15E-05	6.38E-05	4.37E-04	4.50E-05	2.75E-05	1.10E-04	1.19E-04	2.30E-05	1.68E-04	1.78E-04	6.88E-05	4.82E-05
G[C>A]A	1.15E-04	1.28E-04	8.41E-05	6.11E-05	3.81E-05	1.07E-04	2.97E-04	2.17E-05	6.99E-05	3.68E-04	1.00E-04	3.15E-05
G[C>A]C	8.01E-05	6.39E-05	8.45E-05	4.18E-05	1.79E-05	9.88E-05	5.86E-05	2.59E-05	6.29E-05	8.16E-05	6.06E-05	2.23E-05
G[C>A]G	2.81E-05	2.46E-05	1.84E-05	1.58E-05	1.86E-06	1.85E-05	3.10E-05	1.81E-06	1.01E-05	4.86E-05	2.39E-05	6.17E-06
G[C>A]T	6.78E-05	8.88E-05	8.40E-05	4.68E-05	2.48E-05	9.44E-05	1.87E-04	1.78E-05	5.01E-05	2.12E-04	8.42E-05	2.98E-05
G[C>G]A	7.29E-05	6.67E-05	5.77E-05	3.83E-05	3.12E-06	6.53E-05	6.18E-05	1.01E-05	5.85E-05	1.00E-04	5.17E-05	2.44E-05
G[C>G]C	2.50E-05	8.15E-05	6.07E-05	7.96E-06	2.49E-05	1.63E-04	4.23E-05	1.73E-05	9.73E-05	1.06E-04	7.34E-05	2.63E-05
G[C>G]G	7.66E-06	1.14E-05	2.23E-05	1.67E-05	6.32E-06	3.11E-05	1.46E-05	1.29E-06	5.68E-06	2.54E-05	1.44E-05	1.01E-05
G[C>G]T	5.27E-05	7.32E-05	6.94E-05	4.09E-05	2.06E-05	8.15E-05	5.70E-05	1.15E-05	5.02E-05	9.87E-05	7.06E-05	2.30E-05
G[C>T]A	1.36E-04	1.61E-04	1.09E-04	7.20E-05	3.59E-05	1.85E-04	1.30E-04	3.25E-05	1.21E-04	2.15E-04	1.13E-04	5.48E-05
G[C>T]C	1.44E-04	1.49E-04	1.21E-04	6.29E-05	5.79E-05	2.16E-04	1.09E-04	4.30E-05	1.22E-04	2.54E-04	1.15E-04	5.15E-05
G[C>T]G	3.13E-04	3.02E-04	2.14E-04	1.13E-04	6.43E-05	4.38E-04	1.52E-04	3.62E-05	2.14E-04	3.08E-04	1.53E-04	1.08E-04
G[C>T]T	1.42E-04	1.13E-04	1.14E-04	6.19E-05	4.68E-05	1.79E-04	1.35E-04	3.48E-05	7.05E-05	1.63E-04	1.43E-04	4.45E-05
G[T>A]A	7.87E-05	4.30E-05	5.02E-05	2.77E-05	1.49E-05	4.97E-05	3.93E-05	7.71E-06	3.73E-05	6.18E-05	2.32E-05	1.78E-05
G[T>A]C	4.90E-05	3.85E-05	5.47E-05	2.81E-05	8.12E-06	7.77E-05	3.14E-05	1.18E-05	2.73E-05	5.07E-05	3.71E-05	1.31E-05
G[T>A]G	7.71E-05	4.53E-05	6.06E-05	2.81E-05	1.57E-05	7.73E-05	4.98E-05	1.05E-05	2.82E-05	6.94E-05	4.13E-05	2.15E-05
G[T>A]T	7.81E-05	4.43E-05	6.15E-05	2.91E-05	1.61E-05	8.79E-05	5.05E-05	1.09E-05	3.96E-05	8.18E-05	3.46E-05	2.08E-05
G[T>C]A	1.34E-04	1.22E-04	1.16E-04	4.98E-05	3.24E-05	2.01E-04	7.86E-05	1.77E-05	8.75E-05	1.29E-04	7.38E-05	3.93E-05
G[T>C]C	1.24E-04	2.21E-04	1.40E-04	3.93E-05	3.21E-05	3.67E-04	4.78E-05	2.09E-05	1.39E-04	8.63E-05	3.60E-05	4.16E-05
G[T>C]G	9.37E-05	1.15E-04	1.30E-04	7.00E-05	3.11E-05	2.07E-04	3.40E-05	1.83E-05	1.08E-04	8.23E-05	1.20E-05	3.42E-04
G[T>C]T	3.85E-04	1.37E-04	1.54E-04	7.52E-05	8.66E-05	2.67E-04	9.13E-05	5.11E-05	9.16E-05	2.24E-04	7.81E-05	9.31E-05
G[T>G]A	5.07E-05	2.62E-05	4.37E-05	6.42E-06	1.08E-05	7.41E-05	2.70E-05	7.53E-06	2.55E-05	3.90E-05	2.61E-05	1.51E-05
G[T>G]C	4.51E-05	3.32E-05	3.97E-05	1.76E-05	7.07E-06	1.01E-04	2.43E-05	8.79E-06	3.56E-05	1.87E-05	2.78E-05	1.47E-05
G[T>G]G	3.43E-04	2.82E-05	9.49E-05	3.62E-05	4.05E-05	1.81E-04	1.18E-04	2.20E-05	3.65E-05	1.71E-04	7.42E-05	9.20E-05
G[T>G]T	8.19E-05	7.87E-05	1.54E-04	1.73E-05	1.76E-05	1.67E-04	6.31E-05	1.29E-05	6.31E-05	9.90E-05	4.68E-05	1.68E-05
T[C>A]A	1.41E-04	1.89E-04	1.08E-04	7.71E-05	7.21E-05	2.65E-04	2.57E-04	2.63E-05	9.73E-05	3.09E-04	2.80E-04	4.62E-05
T[C>A]C	1.53E-04	1.24E-04	6.94E-05	6.12E-05	2.65E-05	9.24E-05	1.10E-04	3.00E-05	7.52E-05	2.05E-04	1.61E-04	3.31E-05
T[C>A]G	3.86E-05	4.01E-05	3.44E-05	2.56E-05	8.78E-06	4.00E-05	3.01E-05	6.17E-06	6.11E-06	4.81E-05	2.23E-05	1.35E-05
T[C>A]T	9.87E-05	2.42E-04	1.53E-04	1.05E-04	9.95E-05	2.96E-04	3.73E-04	4.17E-05	1.32E-04	3.98E-04	3.78E-04	6.99E-05
T[C>G]A	3.41E-04	2.15E-04	9.79E-05	1.07E-04	8.19E-05	1.65E-04	2.23E-04	2.93E-05	1.48E-04	1.03E-03	5.08E-04	3.31E-05
T[C>G]C	1.82E-04	9.94E-05	9.52E-05	5.97E-05	4.25E-05	1.00E-04	7.14E-05	1.93E-05	7.25E-05	4.55E-04	2.55E-04	2.91E-05
T[C>G]G	3.20E-05	2.75E-05	2.83E-05	3.21E-06	7.82E-06	1.11E-05	1.05E-05	4.24E-06	1.55E-05	3.68E-05	3.12E-05	1.22E-05
T[C>G]T	6.33E-04	2.92E-04	2.53E-04	1.75E-04	1.49E-04	3.58E-04	3.51E-04	5.18E-05	2.31E-04	1.78E-03	8.45E-04	4.57E-05
T[C>T]A	7.74E-04	4.08E-04	2.27E-04	1.26E-04	3.41E-04	5.72E-04	1.45E-03	2.75E-04	1.54E-04	7.85E-04	1.11E-03	1.02E-04
T[C>T]C	8.42E-04	1.88E-04	1.94E-04	1.84E-04	3.31E-04	3.18E-04	9.87E-04	3.91E-04	1.24E-04	8.41E-04	4.25E-04	9.50E-05
T[C>T]G	2.77E-04	1.34E-04	8.58E-05	7.96E-05	9.72E-05	1.66E-04	2.69E-04	9.44E-05	6.94E-05	2.55E-04	1.34E-04	5.85E-05
T[C>T]T	5.62E-04	3.20E-04	2.56E-04	1.15E-04	2.40E-04	4.09E-04	8.33E-04	1.69E-04	8.02E-05	6.39E-04	7.21E-04	8.54E-05
T[T>A]A	1.79E-04	2.27E-04	2.26E-04	7.51E-05	5.59E-05	5.34E-04	1.17E-04	2.36E-05	1.56E-04	2.02E-04	7.86E-05	4.96E-05
T[T>A]C	8.31E-05	6.21E-05	6.25E-05	3.46E-05	1.66E-05	1.05E-04	7.89E-05	1.24E-05	4.11E-05	1.24E-04	4.35E-05	2.36E-05
T[T>A]G	9.63E-05	5.24E-05	6.25E-05	2.70E-05	2.07E-05	8.90E-05	6.20E-05	1.43E-05	4.05E-05	1.24E-04	3.08E-05	1.85E-05
T[T>A]T	2.37E-04	8.66E-05	1.36E-04	4.95E-05	4.45E-05	2.27E-04	1.12E-04	3.74E-05	8.27E-05	2.94E-04	1.37E-04	3.59E-05
T[T>C]A	1.55E-04	1.04E-04	1.13E-04	5.45E-05	4.01E-05	1.68E-04	1.60E-04	2.05E-05	7.47E-05	2.30E-04	7.30E-05	3.98E-05
T[T>C]C	8.31E-05	2.52E-04	1.52E-04	5.11E-05	4.18E-05	4.22E-04	8.03E-05	1.92E-05	1.44E-04	1.43E-04	8.43E-05	4.72E-05
T[T>C]G	9.85E-05	4.22E-05	1.04E-04	7.74E-05	3.70E-05	2.13E-05	9.24E-05	1.27E-05	1.24E-04	1.54E-04	7.76E-05	4.40E-04
T[T>C]T	1.70E-04	1.25E-04	1.37E-04	5.79E-05	4.13E-05	2.47E-04	1.58E-04	1.93E-05	8.66E-05	2.27E-04	8.90E-05	4.42E-05
T[T>G]A	1.15E-04	7.31E-05	1.07E-04	3.45E-05	3.49E-05	2.94E-04	6.75E-05	1.25E-05	1.17E-04	1.14E-04	4.94E-05	2.87E-05
T[T>G]C	5.55E-05	4.85E-05	5.44E-05	8.33E-06	1.53E-05	1.07E-04	5.09E-05	7.14E-06	4.25E-05	7.47E-05	1.99E-05	1.86E-05
T[T>G]G	1.25E-04	5.25E-05	8.13E-05	3.01E-05	2.14E-05	1.41E-04	8.46E-05	1.93E-05	5.38E-05	1.70E-04	7.02E-05	2.42E-05
T[T>G]T	1.10E-04	1.09E-04	1.84E-04	4.04E-05	3.81E-05	2.59E-04	1.27E-04	1.99E-05	1.25E-04	1.87E-04	7.12E-05	3.61E-05
