Samples	SBS96A	SBS96B	SBS96C	SBS96D	SBS96E	SBS96F	SBS96G	SBS96H	SBS96I	SBS96J	SBS96K	SBS96L
PGENE_1T	1.81E+00	5.78E+00	4.19E+00	2.44E+00	2.83E+00	5.53E+00	6.34E+00	1.94E+00	2.16E+00	2.57E+00	4.39E+00	6.62E-01
PGENE_2T	5.48E-02	2.27E-02	2.17E-02	2.69E-02	1.01E-01	2.09E-01	2.46E-01	1.56E-01	2.13E-01	3.94E-01	4.15E-01	0.00E+00
PGENE_4T	1.65E+00	1.04E+01	1.58E+00	4.52E-01	9.00E+00	7.36E+00	6.37E+00	6.86E+00	1.23E+00	2.92E+01	2.05E+01	8.58E-01
PGENE_5T	1.18E+00	3.94E+00	1.48E+00	2.64E+00	1.48E+00	3.01E+00	4.09E+00	1.28E+00	3.00E+00	4.03E+00	3.56E+00	5.38E-01
PGENE_6T	9.70E-01	1.85E+00	4.55E-01	4.79E-01	3.02E-01	8.19E-01	3.45E-01	5.56E-01	4.39E-01	2.04E+00	1.30E+00	1.90E-01
PGENE_8T	1.19E+00	3.76E+00	7.08E-01	1.52E+00	2.69E+00	1.01E+00	4.78E+00	1.22E+00	2.11E+00	9.40E+00	6.14E+00	3.81E-01
PGENE_9T	1.35E+00	7.55E-01	5.61E-01	7.80E-01	1.18E+00	6.78E-01	1.90E+00	7.51E-01	1.13E+00	1.37E+00	1.22E+00	2.62E-01
PGENE_10T	1.27E+00	1.74E+00	1.16E+00	5.41E-01	2.74E-01	1.31E+00	1.72E+00	5.79E-01	1.16E+00	1.87E+00	1.04E+00	3.01E-01
AC_WGS_1T	1.72E+00	2.42E+00	9.65E-01	8.90E-01	1.62E+00	1.99E+00	2.26E+00	1.09E+00	1.62E+00	2.46E+00	1.69E+00	3.75E-01
AC_WGS_2T	6.42E+00	4.95E+00	3.39E+00	1.67E+01	3.74E+01	2.31E+00	3.75E+01	3.25E+01	1.53E+01	7.80E+00	7.71E+00	1.06E+00
AC_WGS_4	1.30E+00	2.58E+00	7.93E-01	1.25E+00	2.38E+00	1.50E+00	7.17E+00	1.49E+00	1.85E+00	3.06E+00	4.93E+00	3.62E-01
AC_WGS_5	4.01E+00	1.81E+01	7.44E+00	2.36E+01	3.58E+00	1.61E+01	6.00E+00	4.54E+00	2.24E+01	8.56E+00	7.41E+00	2.50E+00
AC_WGS_6	4.15E+00	8.93E+00	3.65E+00	2.80E+00	4.03E+00	9.89E+00	7.44E+00	4.42E+00	7.12E+00	9.78E+00	8.91E+00	1.07E+00
AC_WGS_9T	2.06E+00	5.71E+00	1.45E+00	1.64E+00	1.67E+00	2.85E+00	7.53E+00	5.33E-01	2.74E+00	5.25E+00	5.47E+00	5.23E-01
AC_WGS_10	5.83E+00	7.28E+00	1.45E+00	2.34E+00	5.31E+00	3.20E+00	7.49E+00	3.00E+00	2.78E+00	6.95E+00	5.27E+00	6.30E-01
AC_WGS_44	5.47E-02	2.14E-01	2.98E-01	4.93E-02	0.00E+00	3.17E-01	1.02E-01	6.01E-02	2.64E-02	1.53E-01	2.77E-02	0.00E+00
AC_WGS_12	1.56E+00	1.72E+00	1.31E+00	1.25E+00	1.70E+00	1.85E+00	2.07E+00	1.03E+00	1.49E+00	1.78E+00	5.57E-01	3.86E-01
AC_WGS_13T	8.74E+00	1.20E+01	2.64E+00	2.26E+00	3.91E+00	3.96E+00	6.55E+00	4.36E+00	5.70E+00	5.44E+00	4.16E+00	1.23E+01
AC_WGS_15	1.00E+00	2.12E+00	6.13E-01	9.84E-01	8.12E-01	1.07E+00	1.53E+00	5.02E-01	1.56E+00	2.13E+00	1.57E+00	2.29E-01
AC_WGS_17	1.57E+00	2.58E+00	1.45E+00	1.29E+00	2.16E+00	2.01E+00	6.29E+00	1.61E+00	1.55E+00	7.71E+00	4.47E+00	4.43E-01
AC_WGS_18T	1.74E-01	1.17E-01	5.45E-02	0.00E+00	5.97E-02	2.05E-01	7.61E-03	4.05E-02	0.00E+00	4.68E-02	3.23E-02	0.00E+00
AC_WGS_20T	1.04E-01	2.56E-01	1.72E-01	0.00E+00	1.25E-01	3.64E-01	1.38E-01	0.00E+00	7.00E-03	1.03E-01	3.87E-03	5.42E-02
AC_WGS_22	1.64E+00	3.94E+00	1.25E+00	1.05E+00	1.77E+00	3.27E+00	2.66E+00	1.15E+00	3.83E-01	5.32E+00	3.59E+00	7.36E-01
AC_WGS_23	3.91E+00	8.03E+00	3.62E+00	3.07E+00	3.68E+00	7.56E+00	8.00E+00	2.86E+00	5.95E+00	1.10E+01	1.22E+01	8.37E-01
AC_WGS_24	3.65E-01	1.48E-01	4.58E-02	1.03E-01	1.38E-01	3.90E-01	3.25E-01	1.55E-01	4.25E-02	1.88E-01	2.52E-01	0.00E+00
AC_WGS_25	1.10E+00	2.38E+00	7.39E-01	7.63E-01	8.83E-01	6.32E-01	2.12E+00	8.21E-01	1.16E+00	2.56E+00	2.58E+00	2.69E-01
AC_WGS_26	1.07E+00	1.56E+00	8.34E-01	5.33E-01	3.32E-01	1.24E+00	1.25E+00	1.89E-01	8.99E-01	1.50E+00	1.22E+00	2.59E-01
AC_WGS_27	4.63E-01	2.94E+00	7.29E-01	8.43E-01	6.15E-01	1.73E+00	2.56E+00	1.21E+00	1.89E+00	3.10E+00	2.88E+00	2.78E-01
AC_WGS_30	3.33E+00	1.36E+01	4.65E+00	2.86E+00	2.78E+00	1.50E+01	6.75E+00	1.74E+00	5.78E+00	6.67E+00	5.64E+00	7.95E-01
AC_WGS_31	5.01E-02	2.14E-01	3.12E-01	0.00E+00	3.36E-02	3.67E-01	5.09E-03	0.00E+00	0.00E+00	1.16E-01	0.00E+00	4.76E-02
AC_WGS_32	2.25E+00	5.76E+00	3.23E+00	2.87E+00	1.66E+00	5.42E+00	8.57E+00	1.22E+00	3.95E+00	5.49E+00	6.05E+00	7.36E-01
AC_WGS_33	9.50E+00	1.04E+01	1.31E+01	1.02E+01	3.90E+01	8.42E+00	5.48E+01	1.18E+01	1.69E+01	7.36E+01	2.04E+01	2.43E+00
AC_WGS_34	2.46E+00	2.06E+00	2.18E+00	4.49E+00	2.72E+00	3.94E+00	5.78E+00	2.52E+00	5.10E+00	1.17E+01	1.14E+01	9.83E-01
AC_WGS_35	2.29E-01	7.58E-01	2.56E-01	2.74E-01	3.18E-01	3.91E-01	6.06E-01	1.77E-01	1.34E-01	7.19E-01	5.90E-01	7.48E-02
AC_WGS_36	8.09E-01	5.78E+00	9.55E-01	4.25E+00	1.58E+00	2.91E+00	4.18E+00	1.74E+00	3.80E+00	4.72E+00	3.20E+00	6.62E-01
AC_WGS_39	1.79E+00	4.74E+00	3.18E+00	2.08E+00	2.03E+00	4.47E+00	5.20E+00	1.63E+00	1.64E+00	4.27E+00	3.47E+00	6.09E-01
AC_WGS_40	1.34E-01	1.67E-01	1.53E-01	0.00E+00	0.00E+00	2.68E-01	7.84E-02	0.00E+00	4.69E-03	6.96E-02	1.28E-02	0.00E+00
AC_WGS_41	4.80E+00	1.02E+01	1.63E+00	6.83E+00	9.90E+00	3.29E+00	1.46E+01	4.22E+00	6.25E+00	1.45E+01	1.65E+01	9.85E-01
AC_WGS_42	1.37E-01	4.87E-02	1.69E-01	0.00E+00	7.84E-02	2.07E-01	2.73E-02	0.00E+00	0.00E+00	9.21E-03	3.60E-03	5.67E-02
AC_WGS_43	2.09E-02	5.72E-02	3.89E-01	5.34E-02	1.61E-01	3.69E-01	2.98E-01	1.35E-01	2.09E-01	1.81E-01	1.81E-01	3.77E-02
AC_WGS_45	1.15E-01	2.25E-01	1.18E-01	0.00E+00	8.48E-02	2.90E-01	1.22E-01	8.57E-02	4.10E-02	5.49E-02	1.76E-02	3.04E-02
AC_WGS_46	2.29E-01	1.57E-01	9.19E-02	0.00E+00	7.51E-02	2.59E-01	1.53E-01	5.51E-02	3.95E-02	2.23E-01	2.11E-01	7.37E-02
AC_WGS_49	9.29E-01	3.61E+00	1.05E+00	2.12E+00	6.95E-01	2.29E+00	2.97E+00	1.05E+00	2.65E+00	3.70E+00	1.99E+00	4.61E-01
AC_WGS_50	3.78E+00	6.42E+00	9.86E+00	8.48E+00	2.76E+00	6.39E+00	1.08E+01	6.82E+00	1.12E+01	1.14E+01	9.20E+00	1.63E+00
AC_WGS_51	1.45E+00	2.72E+00	1.66E+00	1.41E+00	1.30E+00	1.57E+00	2.90E+00	1.24E+00	1.93E+00	2.98E+00	1.58E+00	4.00E-01
AC_WGS_52	1.34E+00	4.71E+00	1.70E+00	3.33E+00	1.75E+00	3.79E+00	3.64E+00	1.80E+00	4.53E+00	4.15E+00	3.06E+00	6.65E-01
AC_WGS_53	6.78E-01	6.22E-01	3.66E-01	4.04E-01	9.12E-01	8.36E-01	1.25E+00	5.95E-01	6.95E-01	1.25E+00	1.02E+00	2.21E-01
AC_WGS_11	1.43E+00	3.96E+00	1.40E+00	2.86E+00	1.56E+00	2.24E+00	4.64E+00	1.53E+00	2.53E+00	3.90E+00	2.80E+00	5.37E-01
AC_WGS_37	8.92E-02	1.45E+00	3.18E-01	4.72E-01	8.48E-01	6.31E-01	2.01E+00	5.93E-01	5.79E-01	1.41E+00	1.74E+00	9.02E-02
RC596TH1	1.45E+00	2.67E+00	5.33E-01	3.36E+00	1.91E+00	4.57E-01	2.71E+00	7.34E-01	7.92E-01	1.58E+00	2.42E+00	6.00E-01
RC597TH1	3.88E-01	6.97E-01	2.48E-01	1.19E-01	1.69E+00	4.22E-01	5.29E+00	6.26E-01	1.62E-01	2.71E+00	3.52E+00	1.56E-01
RC598TH1	7.45E-01	1.75E+00	2.40E-01	2.75E-01	9.83E-01	8.60E-01	2.66E+00	2.77E-01	1.00E+00	1.84E+00	2.07E+00	2.39E-01
RC599TH1	2.07E+00	4.31E+00	2.79E+00	2.04E+00	1.37E+00	4.52E+00	2.30E+00	1.73E+00	3.43E+00	5.57E+00	4.54E+00	5.06E-01
RC602TH1	2.32E+00	3.69E+00	1.95E-01	4.40E-01	2.08E+00	7.34E-01	3.40E+00	1.26E+00	7.99E-01	3.35E+00	1.77E+00	3.47E-01
RC603TH1	3.91E+01	5.62E+00	8.20E+00	1.19E+01	8.27E+01	2.63E+01	1.39E+02	7.52E+00	2.08E+01	2.85E+01	5.92E+01	4.42E+00
