Iteration	L1	L1 %	L2	L2 %	KL Divergence
1	403.676	41.919	63.325	31.121	0.304
2	403.413	41.802	63.693	30.903	0.297
3	414.213	41.736	64.856	31.758	0.302
4	397.167	41.03	61.388	30.16	0.29
5	400.442	41.557	62.455	30.815	0.292
6	399.542	41.459	61.489	31.106	0.296
7	411.392	41.679	64.84	31.532	0.299
8	408.257	41.926	63.21	31.489	0.294
9	401.153	40.901	62.659	30.343	0.281
10	402.155	41.555	62.458	30.991	0.291
11	435.697	42.102	68.999	31.96	0.293
12	400.771	41.787	62.748	30.868	0.297
13	401.033	41.825	62.228	31.214	0.296
14	408.883	41.427	64.032	30.874	0.286
15	400.403	41.451	61.023	31.561	0.302
16	410.87	41.14	64.404	31.218	0.285
17	417.296	41.607	65.064	31.362	0.3
18	412.667	41.08	65.795	30.824	0.286
19	394.943	41.86	61.302	30.725	0.299
20	411.018	41.728	64.907	31.045	0.29
21	411.662	41.73	66.181	31.301	0.293
22	415.091	42.392	65.876	32.092	0.311
23	409.446	41.288	65.243	30.858	0.284
24	412.794	41.612	65.616	31.088	0.292
25	397.662	42.024	60.192	30.939	0.302
26	404.385	40.722	61.647	30.569	0.284
27	404.376	42.281	62.98	31.646	0.308
28	410.39	41.21	64.599	31.302	0.293
29	414.37	43.154	64.664	32.238	0.314
30	400.521	41.628	61.482	31.075	0.294
31	415.031	42.902	64.35	31.656	0.311
32	419.119	42.121	65.772	31.74	0.297
33	387.392	41.494	60.694	30.828	0.294
34	408.495	40.761	62.445	30.765	0.289
35	402.69	41.84	62.737	31.157	0.3
36	394.127	41.47	60.168	31.643	0.312
37	411.859	40.506	65.038	30.854	0.279
38	409.905	40.692	64.763	30.37	0.274
39	402.797	41.739	64.062	30.977	0.295
40	398.46	41.5	62.143	31.183	0.298
41	405.963	41.894	64.274	31.011	0.295
42	398.419	41.325	62.152	30.872	0.281
43	406.127	41.929	63.843	31.614	0.294
44	414.586	40.754	65.581	30.433	0.272
45	418.422	41.97	65.27	31.499	0.294
46	408.781	41.603	63.012	31.383	0.302
47	403.368	41.055	62.419	31.065	0.289
48	406.175	41.444	63.715	30.891	0.29
49	391.914	41.954	60.012	31.132	0.303
50	402.217	41.418	63.547	30.879	0.292
51	403.187	41.93	63.302	31.239	0.299
52	409.309	41.42	63.31	31.018	0.289
53	419.121	41.502	65.337	31.228	0.285
54	416.011	41.039	65.454	30.944	0.28
55	401.273	40.918	62.773	30.48	0.287
56	407.391	41.641	63.874	31.136	0.292
57	402.236	41.96	63.82	31.48	0.3
58	397.865	41.662	62.354	30.871	0.296
59	404.747	41.68	63.921	31.328	0.29
60	405.629	41.518	63.439	30.851	0.288
61	403.954	42.175	63.316	31.392	0.312
62	405.485	41.844	63.465	31.416	0.295
63	406.546	41.697	63.199	31.258	0.288
64	406.45	40.996	63.095	30.694	0.283
65	413.648	41.994	64.928	31.536	0.294
66	404.511	41.352	63.818	31.203	0.286
67	417.531	42.422	67.429	32.051	0.304
68	405.795	41.173	62.401	31.013	0.292
69	404.597	41.18	64.1	31.458	0.296
70	406.775	41.886	64.409	31.985	0.308
71	398.89	41.961	61.658	31.862	0.31
72	404.249	41.662	64.106	31.557	0.293
73	413.939	41.544	66.501	31.882	0.287
74	409.388	41.173	63.407	30.746	0.285
75	414.769	41.532	65.169	31.164	0.286
76	423.557	41.899	67.373	31.322	0.285
77	406.552	41.805	64.074	31.058	0.303
78	409.534	41.216	64.121	30.888	0.285
79	413.821	41.488	65.185	31.173	0.288
80	403.791	40.621	62.829	30.699	0.282
81	405.454	41.867	64.009	31.91	0.309
82	401.458	41.822	62.655	31.334	0.301
83	405.556	41.355	63.064	31.152	0.29
84	410.487	41.501	64.744	30.867	0.295
85	409.252	41.747	65.114	30.983	0.295
86	421.113	41.245	66.39	30.986	0.283
87	398.977	41.604	62.731	31.698	0.303
88	398.591	41.35	62.207	31.191	0.293
89	416.05	41.465	66.874	31.39	0.291
90	404.248	41.809	63.577	31.453	0.305
91	416.508	41.517	67.01	31.153	0.292
92	403.686	41.688	63.733	31.533	0.293
93	402.298	41.775	64.064	31.045	0.289
94	403.555	41.42	63.927	31.177	0.288
95	407.345	41.793	62.858	31.618	0.294
96	402.165	41.544	62.338	30.623	0.298
97	407.341	41.504	64.805	31.188	0.301
98	393.914	40.86	61.807	30.527	0.285
99	413.062	41.944	65.931	31.216	0.295
100	408.532	42.041	64.295	31.912	0.3
101	404.277	41.819	63.453	31.515	0.288
102	400.848	41.548	62.129	30.884	0.295
103	406.912	41.945	64.4	31.757	0.303
104	397.253	41.13	60.865	30.647	0.287
105	397.618	40.953	62.294	30.64	0.282
106	398.642	40.445	61.786	30.746	0.277
107	402.47	42.144	63.237	31.713	0.301
108	404.611	41.884	63.531	31.295	0.293
109	402.692	42.626	63.003	31.661	0.31
110	410.224	41.459	63.255	30.978	0.295
111	400.812	42.011	62.94	31.213	0.294
112	405.449	41.78	63.255	31.039	0.294
113	412.435	41.479	63.573	31.356	0.287
114	411.219	41.767	64.53	31.206	0.295
115	412.577	42.132	65.284	31.172	0.294
116	403.669	40.918	63.575	30.635	0.284
117	408.351	41.344	63.465	31.066	0.284
118	402.857	41.39	63.476	30.733	0.288
119	418.425	41.721	64.893	30.779	0.295
120	408.26	41.686	62.978	30.972	0.289
121	406.98	42.469	62.43	31.148	0.296
122	410.025	42.228	64.878	31.456	0.307
123	394.311	41.154	61.534	30.468	0.298
124	397.914	41.604	61.252	30.91	0.293
125	401.161	40.912	63.058	30.532	0.281
126	399.037	42.003	64.081	31.416	0.302
127	415.281	41.951	64.819	31.422	0.293
128	406.278	41.522	63.201	31.328	0.3
129	397.781	42.043	61.608	31.614	0.309
130	406.379	40.987	62.366	31.063	0.296
131	408.074	41.4	64.18	31.685	0.297
132	399.88	42.282	62.102	31.5	0.299
133	414.769	41.752	66.558	31.269	0.295
134	411.299	42.101	64.049	31.732	0.3
135	407.03	42.106	64.3	31.818	0.306
136	414.464	41.368	64.2	30.913	0.283
137	403.106	40.771	63.047	30.515	0.287
138	417.184	42.118	64.438	31.432	0.292
139	403.422	42.552	62.654	31.542	0.316
140	405.924	42.242	64.254	31.373	0.302
141	408.464	41.814	63.482	31.089	0.295
142	404.504	42.153	63.291	31.198	0.303
143	406.723	42.373	63.877	31.662	0.306
144	397.647	40.711	62.097	31.004	0.291
145	389.969	40.646	60.847	30.16	0.285
146	396.487	41.921	61.649	31.329	0.302
147	405.301	41.333	63.061	30.783	0.282
148	401.083	41.361	63.22	30.765	0.29
149	409.617	41.258	65.609	31.397	0.293
150	401.944	40.639	62.581	30.907	0.287
151	406.903	41.393	62.183	31.089	0.297
152	417.373	40.837	64.845	30.557	0.273
153	411.074	41.945	63.896	31.4	0.307
154	403.902	41.327	64.196	31.638	0.299
155	407.326	42.328	60.908	31.328	0.311
156	414.403	41.522	65.632	31.022	0.294
157	399.684	40.999	60.944	30.703	0.277
158	411.79	41.431	65.992	31.323	0.293
159	403.175	41.797	62.917	31.352	0.292
160	392.299	41.325	62.103	30.771	0.289
161	412.397	42.001	62.605	31.14	0.295
162	410.902	41.776	63.125	31.226	0.293
163	406.264	42.119	63.525	31.377	0.294
164	401.732	41.55	62.979	31.073	0.29
165	410.173	41.935	65.434	31.362	0.3
166	409.051	42.06	64.605	31.617	0.293
167	403.679	40.866	62.579	30.521	0.286
168	404.978	41.388	63.339	30.767	0.288
169	398.499	40.474	62.951	30.42	0.271
170	421.265	41.842	66.092	31.725	0.296
171	396.51	41.111	61.284	31.097	0.289
172	403.859	42.096	62.723	31.679	0.301
173	405.276	42.325	63.903	31.843	0.31
174	416.421	41.039	65.336	31.363	0.286
175	417.488	41.255	66.127	31.04	0.288
176	406.776	41.29	63.821	31.102	0.292
177	407.995	40.573	64.38	30.601	0.28
178	407.325	42.02	63.607	31.781	0.309
179	413.976	41.1	64.447	30.553	0.28
180	404.662	42.488	63.33	31.648	0.302
181	398.966	42.21	63.345	31.737	0.312
182	406.953	41.886	63.847	31.165	0.301
183	412.082	41.794	65.022	30.793	0.291
184	390.817	41.652	59.858	30.811	0.292
185	400.152	41.019	61.175	30.277	0.294
186	412.87	42.13	64.4	31.315	0.3
187	418.12	42.331	66.212	31.671	0.3
188	410.692	42.383	65.422	31.827	0.31
189	414.549	41.541	65.796	31.028	0.297
190	408.125	41.109	64.269	31.049	0.287
191	410.067	41.25	62.818	30.913	0.287
192	400.684	41.364	61.489	31.3	0.292
193	410.505	41.903	64.152	31.494	0.308
194	423.32	40.819	65.462	30.378	0.276
195	403.838	41.939	63.431	31.707	0.303
196	405.379	41.267	62.503	30.756	0.288
197	408.311	41.561	64.219	30.79	0.29
198	413.32	42.54	64.591	31.551	0.297
199	411.297	41.546	63.849	31.121	0.294
200	412.466	41.88	64.261	31.225	0.293
201	405.315	41.812	64.46	31.62	0.311
202	409.181	41.558	64.085	31.688	0.293
203	408.576	41.838	64.84	31.567	0.3
204	395.615	41.845	61.32	30.879	0.302
205	409.668	41.924	64.416	31.378	0.299
206	399.646	41.182	62.708	30.642	0.285
207	414.135	41.761	65.334	31.433	0.285
208	401.534	41.796	60.917	30.869	0.3
209	410.276	41.097	63.58	30.78	0.283
210	401.488	41.599	62.233	31.231	0.288
211	402.206	40.985	63.571	31.038	0.29
212	410.162	41.542	65.008	31.468	0.303
213	408.446	41.106	64.457	31.167	0.28
214	396.877	41.865	62.156	31.379	0.303
215	396.371	42.083	61.337	30.773	0.304
216	411.541	41.587	64.589	31.567	0.293
217	410.434	42.387	64.865	31.549	0.307
218	409.811	41.929	64.372	31.344	0.299
219	404.933	42.217	62.767	31.41	0.301
220	397.637	42.163	63.023	31.215	0.295
221	396.711	40.716	62.008	30.793	0.278
222	414.788	41.632	66.214	31.62	0.287
223	415.611	41.979	64.866	31.325	0.29
224	412.486	42.306	65.627	31.338	0.304
225	412.013	40.965	64.936	30.593	0.279
226	403.116	41.335	64.048	30.852	0.285
227	403.657	41.534	63.312	31.089	0.295
228	415.407	41.559	65.82	31.309	0.289
229	404.691	40.808	62.999	30.78	0.284
230	402.769	41.271	62.531	30.999	0.287
231	416.313	41.774	65.339	31.407	0.291
232	409.055	41.13	63.607	31.22	0.284
233	398.207	41.762	61.414	31.092	0.292
234	412.287	41.129	64.85	31.024	0.277
235	408.03	42.199	63.323	31.147	0.288
236	407.536	41.784	64.091	31.125	0.292
237	398.242	40.642	62.929	30.85	0.285
238	410.262	41.103	64.094	31.285	0.296
239	400.707	41.889	61.085	31.297	0.295
240	411.368	41.7	64.423	31.854	0.311
241	407.309	42.539	63.04	31.523	0.311
242	414.121	41.515	64.526	31.516	0.299
243	403.753	42.582	62.467	32.011	0.317
244	413.909	41.185	63.202	31.122	0.29
245	398.652	41.846	61.551	31.459	0.307
246	402.385	41.405	63.051	31.183	0.305
247	392.327	41.41	60.361	31.107	0.298
248	405.363	41.232	63.404	31.143	0.29
249	400.438	41.22	61.856	30.644	0.301
250	401.785	42.272	61.283	31.451	0.3
251	414.514	42.225	65.244	32.198	0.312
252	404.067	41.634	63.087	31.487	0.288
253	404.571	42.366	62.685	31.482	0.304
254	394.668	41.662	60.088	31.308	0.309
255	404.409	40.925	62.021	30.958	0.292
256	412.888	41.608	64.378	31.296	0.287
257	404.44	41.634	62.734	31.135	0.289
258	410.076	42.264	64.236	31.661	0.306
259	410.804	42.068	65.041	31.567	0.295
260	410.823	42.261	63.677	31.639	0.303
261	397.592	42.177	62.22	31.285	0.299
262	403.812	42.441	62.412	31.749	0.305
263	406.479	41.143	62.056	30.673	0.279
264	412.06	41.836	64.112	31.631	0.296
265	399.651	42.031	62.834	31.155	0.302
266	409.726	41.769	63.606	31.196	0.294
267	405.938	41.626	62.958	30.611	0.295
268	410.537	41.172	65.308	31.142	0.283
269	401.405	41.455	62.541	30.986	0.293
270	415.776	41.655	65.276	30.887	0.292
271	411.966	42.05	64.715	31.849	0.297
272	403.127	41.837	63.841	31.719	0.293
273	420.695	42.075	67.367	31.434	0.294
274	405.651	42.418	62.091	31.285	0.305
275	409.747	41.164	65.862	31.061	0.278
276	397.198	41.466	61.623	31.083	0.298
277	410.618	40.588	64.683	30.604	0.279
278	417.626	42.008	66.764	32.015	0.303
279	404.214	42.297	62.229	31.628	0.304
280	403.722	41.67	62.017	31.644	0.298
281	403.893	41.806	63.303	31.165	0.295
282	411.397	41.998	63.615	31.255	0.304
283	408.786	42.053	63.085	30.894	0.3
284	406.07	41.852	63.678	31.714	0.3
285	401.904	41.726	63.399	31.135	0.296
286	411.493	42.263	64.747	31.196	0.303
287	399.034	41.283	62.312	31.256	0.292
288	405.073	41.804	63.401	31.048	0.296
289	404.82	42.395	63.906	31.676	0.311
290	412.082	42.209	64.268	31.321	0.303
291	412.251	41.789	64.722	31.036	0.287
292	416.588	40.648	64.936	30.311	0.271
293	402.941	42.332	62.874	31.768	0.308
294	395.364	41.728	61.057	31.29	0.3
295	405.567	41.826	64.045	31.247	0.291
296	416.182	41.984	65.194	31.1	0.297
297	403.735	40.941	64.563	30.825	0.284
298	402.103	40.434	62.853	30.431	0.271
299	405.477	41.614	62.775	30.929	0.296
300	399.245	41.916	61.319	31.47	0.294
301	404.417	41.494	63.064	31.02	0.291
302	413.626	42.285	63.694	31.571	0.304
303	415.623	41.831	65.243	31.948	0.302
304	413.203	41.878	64.474	31.153	0.295
305	400.414	41.952	63.191	31.114	0.3
306	404.89	41.234	62.93	30.479	0.281
307	403.899	41.508	64.513	31.054	0.288
308	403.85	42.084	63.164	31.561	0.31
309	414.306	41.952	64.064	31.124	0.299
310	400.223	41.361	62.881	30.876	0.297
311	408.851	41.17	64.14	30.762	0.284
312	403.052	42.852	61.75	30.861	0.304
313	398.651	41.672	60.503	30.736	0.3
314	406.809	42.407	62.522	31.116	0.305
315	405.46	40.785	62.695	30.736	0.28
316	413.651	40.379	64.665	30.488	0.273
317	399.335	41.443	61.679	31.051	0.295
318	398.297	41.0	61.401	30.897	0.285
319	405.092	41.912	63.971	30.98	0.296
320	409.516	40.643	65.727	31.129	0.28
321	395.481	40.353	61.24	30.399	0.28
322	403.065	42.279	64.051	31.528	0.304
323	411.349	41.469	64.579	31.522	0.287
324	405.462	42.199	63.899	31.268	0.299
325	412.974	41.42	64.325	31.061	0.289
326	412.345	42.404	63.677	31.779	0.311
327	400.915	41.995	63.048	30.869	0.292
328	404.818	41.027	64.546	30.735	0.288
329	408.04	41.813	64.649	31.262	0.3
330	409.268	41.259	63.908	30.813	0.285
331	396.418	41.424	62.127	31.01	0.298
332	417.298	42.117	64.673	31.346	0.295
333	397.955	41.105	62.477	31.069	0.291
334	408.526	40.851	64.571	30.388	0.284
335	407.237	41.611	63.995	31.487	0.298
336	413.364	41.344	63.843	31.117	0.281
337	394.094	41.102	61.43	30.829	0.295
338	412.814	42.309	65.507	31.674	0.296
339	414.676	41.612	65.888	31.708	0.291
340	406.532	40.92	64.42	30.455	0.276
341	408.295	42.254	64.278	31.387	0.298
342	410.844	41.747	65.24	31.616	0.304
343	402.066	42.43	60.47	30.93	0.305
344	394.907	41.184	60.628	30.466	0.29
345	412.205	41.567	64.125	31.275	0.293
346	408.472	42.036	63.129	31.433	0.302
347	395.691	41.215	60.256	30.773	0.294
348	405.049	42.26	63.042	31.332	0.305
349	399.689	40.434	62.386	30.382	0.274
350	392.978	40.911	60.917	30.355	0.283
351	408.185	41.046	63.344	30.732	0.282
352	407.747	41.198	63.935	30.873	0.286
353	415.744	41.708	65.452	31.205	0.295
354	395.912	41.605	61.751	30.802	0.3
355	404.087	41.465	62.831	30.972	0.289
356	387.649	41.443	59.111	30.791	0.296
357	389.399	41.604	60.436	30.968	0.304
358	400.451	40.719	62.781	30.297	0.278
359	403.357	42.035	63.935	31.765	0.299
360	401.045	41.592	62.494	31.232	0.288
361	399.635	40.803	62.667	30.394	0.277
362	389.997	41.727	61.267	31.329	0.304
363	407.868	42.302	64.092	30.823	0.298
364	400.566	40.718	60.817	30.852	0.285
365	393.954	41.163	61.365	30.915	0.284
366	403.524	40.692	63.923	30.487	0.279
367	396.267	41.846	60.088	31.327	0.297
368	390.379	42.067	60.268	31.477	0.309
369	418.924	41.624	65.39	30.815	0.285
370	395.678	41.39	61.153	30.646	0.289
371	412.147	42.928	63.207	32.224	0.317
372	410.136	42.117	64.13	31.448	0.303
373	407.771	41.845	64.444	31.586	0.303
374	407.676	41.088	62.871	30.983	0.284
375	416.162	42.65	65.221	31.831	0.301
376	402.477	41.416	63.326	31.331	0.299
377	399.726	41.07	62.671	30.856	0.29
378	398.311	42.006	61.564	31.34	0.304
379	404.91	41.176	64.223	30.905	0.292
380	402.677	42.497	63.935	31.922	0.322
381	408.819	42.08	64.632	31.186	0.301
382	411.817	41.905	64.181	31.619	0.29
383	419.934	42.755	63.831	31.582	0.304
384	407.947	41.424	63.556	31.735	0.297
385	406.609	41.902	65.223	31.329	0.293
386	411.872	42.122	62.616	32.119	0.3
387	408.581	42.332	62.609	31.395	0.298
388	388.403	41.472	58.692	30.856	0.299
389	425.379	41.535	67.053	30.676	0.282
390	385.744	41.401	59.136	30.453	0.293
391	398.931	41.958	62.613	31.319	0.306
392	397.774	42.15	61.567	31.429	0.309
393	401.331	41.887	61.976	31.502	0.299
394	403.426	41.156	62.857	30.657	0.288
395	410.883	42.541	65.608	31.536	0.305
396	413.183	42.613	64.141	31.562	0.304
397	400.913	41.481	63.266	30.895	0.29
398	414.097	42.145	64.926	31.235	0.301
399	397.206	41.523	61.589	30.963	0.29
400	404.677	42.206	61.936	31.148	0.307
401	407.586	41.337	62.646	30.894	0.286
402	398.779	41.121	62.309	30.821	0.285
403	401.894	42.746	63.464	32.598	0.312
404	405.087	42.286	63.204	31.499	0.301
405	402.753	41.877	61.952	30.96	0.301
406	407.574	41.434	64.357	31.03	0.287
407	413.152	41.847	66.118	31.142	0.29
408	399.023	41.763	62.224	30.652	0.296
409	416.907	41.161	67.372	31.076	0.286
410	402.664	41.094	63.032	30.629	0.285
411	395.989	41.863	60.619	31.578	0.302
412	404.146	41.17	63.509	30.801	0.288
413	410.011	41.835	64.406	31.528	0.297
414	415.983	41.445	64.968	31.014	0.287
415	394.36	42.434	61.844	31.671	0.315
416	403.774	41.642	62.581	30.972	0.293
417	415.404	41.714	64.947	30.875	0.29
418	405.84	41.812	64.522	31.322	0.303
419	399.746	41.781	62.14	31.175	0.299
420	401.607	41.431	62.916	31.347	0.297
421	400.878	41.272	63.703	31.141	0.297
422	398.075	41.482	62.183	31.191	0.29
423	390.958	41.059	60.625	30.851	0.285
424	402.646	42.04	60.965	31.165	0.303
425	413.319	41.397	64.757	30.98	0.29
426	399.853	40.504	63.583	31.156	0.283
427	405.556	40.977	63.07	30.641	0.289
428	415.062	41.964	65.144	31.391	0.292
429	407.322	41.766	64.113	31.433	0.293
430	402.266	41.733	61.253	30.81	0.295
431	400.873	41.868	62.786	31.509	0.297
432	413.497	40.452	66.138	30.768	0.276
433	401.506	42.029	61.285	31.029	0.298
434	408.836	41.44	62.863	30.755	0.285
435	409.454	42.721	64.054	31.861	0.31
436	403.234	40.894	64.039	30.659	0.28
437	414.199	41.445	67.727	31.024	0.29
438	417.174	41.59	64.953	31.206	0.292
439	391.738	41.667	60.984	30.897	0.296
440	408.437	41.804	63.834	31.28	0.293
441	413.129	41.427	63.818	31.284	0.292
442	400.324	41.492	63.127	30.94	0.296
443	411.251	41.126	63.904	30.976	0.286
444	408.508	40.699	64.647	30.87	0.273
445	401.094	41.346	62.838	30.848	0.29
446	406.385	41.815	64.103	31.566	0.297
447	414.173	42.877	64.97	31.79	0.308
448	394.762	41.597	61.744	31.26	0.302
449	409.703	42.707	63.812	31.527	0.31
450	408.13	42.044	63.14	32.005	0.31
451	414.056	42.383	66.77	31.738	0.306
452	407.377	41.556	65.305	31.404	0.291
453	410.778	41.366	64.744	31.548	0.291
454	402.698	41.271	62.665	30.952	0.295
455	406.0	42.232	64.445	31.615	0.308
456	407.124	41.853	62.77	30.972	0.291
457	408.587	41.827	64.041	30.918	0.297
458	407.155	41.53	63.137	31.218	0.293
459	412.732	40.585	65.493	30.923	0.276
460	401.795	41.98	62.941	30.852	0.296
461	393.689	41.164	60.488	30.498	0.293
462	402.115	41.117	63.328	31.342	0.296
463	408.183	41.492	63.314	30.48	0.297
464	403.487	41.51	63.513	31.166	0.289
465	427.804	41.86	66.75	31.315	0.29
466	408.191	41.377	62.792	31.426	0.296
467	393.615	42.153	60.955	31.643	0.316
468	398.618	42.289	62.752	31.453	0.304
469	401.495	41.014	62.421	31.099	0.291
470	402.51	41.992	63.512	31.156	0.299
471	403.677	42.72	64.588	32.326	0.312
472	404.062	42.037	62.696	31.087	0.298
473	397.548	41.374	60.925	31.016	0.28
474	416.929	42.282	65.229	31.761	0.295
475	398.757	42.342	62.168	31.296	0.311
476	407.745	41.847	63.51	31.044	0.292
477	412.941	41.774	66.561	31.24	0.296
478	420.745	41.968	66.707	31.452	0.293
479	414.018	42.198	65.366	31.284	0.291
480	401.76	41.26	62.649	31.512	0.294
481	400.25	42.479	61.015	31.09	0.305
482	406.66	42.226	64.262	31.227	0.298
483	411.613	41.221	64.657	30.892	0.282
484	415.838	41.093	65.354	31.203	0.283
485	414.528	42.396	64.917	31.862	0.314
486	417.404	42.394	65.22	31.918	0.308
487	410.588	41.823	64.876	31.394	0.297
488	413.627	41.537	65.775	30.76	0.288
489	415.788	41.42	66.033	30.821	0.284
490	404.956	42.367	63.257	31.713	0.305
491	404.715	41.786	63.546	32.003	0.308
492	410.392	42.174	63.987	31.468	0.303
493	407.506	41.767	64.051	30.947	0.302
494	405.281	41.081	64.343	31.608	0.29
495	409.906	41.236	64.973	31.019	0.285
496	401.638	41.541	63.749	31.088	0.294
497	411.596	41.64	64.386	31.212	0.294
498	400.5	41.143	62.365	30.867	0.284
499	402.667	41.73	63.011	31.242	0.295
500	397.209	41.674	62.124	31.105	0.291
501	406.534	41.083	62.34	30.706	0.288
502	410.172	42.827	64.052	31.975	0.313
503	395.961	42.427	60.911	32.199	0.32
504	405.298	41.612	62.878	30.831	0.291
505	400.88	41.15	63.085	30.626	0.282
506	406.893	41.436	63.833	31.569	0.296
507	406.066	41.753	62.942	31.068	0.301
508	402.209	41.382	62.957	31.207	0.286
509	415.031	41.561	67.293	31.031	0.291
510	397.085	42.179	61.23	31.603	0.308
511	402.869	41.563	62.785	31.054	0.294
512	403.91	40.895	63.428	30.472	0.279
513	409.583	42.648	64.198	32.476	0.313
514	403.1	41.195	61.84	30.652	0.281
515	410.805	42.29	63.424	31.324	0.301
516	410.63	41.24	64.683	30.929	0.286
517	406.617	42.134	64.285	31.434	0.301
518	409.321	41.713	63.671	31.009	0.291
519	401.33	41.723	62.076	30.898	0.298
520	409.161	42.512	64.649	31.976	0.297
521	405.586	41.824	62.69	31.258	0.291
522	407.095	41.848	63.474	31.353	0.295
523	412.423	41.692	64.596	31.166	0.288
524	408.935	42.915	64.486	31.681	0.306
525	400.404	41.34	62.179	30.674	0.295
526	416.21	42.102	66.043	31.243	0.296
527	407.122	41.474	62.822	30.84	0.292
528	410.294	42.857	62.684	31.887	0.313
529	409.837	41.003	65.482	31.245	0.282
530	396.024	41.055	61.377	30.739	0.292
531	408.885	42.081	62.55	31.211	0.296
532	414.608	41.81	64.739	31.525	0.29
533	408.423	42.177	63.045	30.995	0.303
534	409.996	43.074	64.377	31.616	0.305
535	402.868	41.24	61.84	30.99	0.29
536	402.713	41.98	63.548	31.375	0.301
537	407.064	42.517	63.622	31.936	0.313
538	413.162	41.361	65.117	30.621	0.285
539	407.523	41.522	65.004	31.288	0.293
540	410.407	40.375	64.946	30.832	0.266
541	401.293	40.65	62.555	30.542	0.285
542	413.532	41.68	65.383	30.905	0.289
543	420.091	42.294	65.572	31.387	0.296
544	405.136	41.156	64.187	30.556	0.288
545	406.456	42.289	63.245	31.689	0.302
546	400.641	40.666	62.793	30.615	0.279
547	408.793	41.344	63.764	30.652	0.292
548	402.084	40.57	61.911	30.722	0.28
549	411.491	42.472	63.911	31.747	0.313
550	407.229	41.551	63.079	31.065	0.29
551	418.249	41.432	65.667	31.073	0.284
552	403.367	42.613	62.766	31.574	0.308
553	413.705	41.826	64.306	30.907	0.3
554	401.167	41.838	61.427	30.769	0.302
555	409.334	41.93	65.028	31.538	0.297
556	403.226	41.78	62.518	31.711	0.301
557	407.885	42.171	61.851	31.477	0.298
558	405.6	41.815	63.87	31.318	0.296
559	404.118	42.677	64.276	31.803	0.316
560	403.365	41.301	62.897	30.723	0.284
561	396.205	41.517	61.574	30.796	0.305
562	405.623	41.902	63.982	31.492	0.305
563	407.549	41.666	65.961	31.176	0.297
564	408.116	41.267	64.273	31.003	0.286
565	407.293	42.023	64.928	31.33	0.295
566	407.647	42.135	63.071	31.879	0.306
567	407.224	41.996	64.316	31.244	0.294
568	396.318	41.209	60.596	30.927	0.3
569	401.484	41.722	62.113	31.017	0.297
570	407.07	42.193	63.16	31.415	0.299
571	412.068	40.943	65.076	30.5	0.28
572	400.317	41.068	63.348	30.86	0.286
573	403.873	42.603	63.136	31.595	0.307
574	407.676	41.413	64.597	31.198	0.296
575	414.062	42.608	65.575	31.183	0.299
576	408.078	41.303	61.73	30.579	0.283
577	416.905	41.535	64.724	31.1	0.283
578	407.292	42.217	64.481	31.302	0.3
579	415.365	41.666	65.238	31.374	0.29
580	398.177	41.527	61.767	31.111	0.289
581	404.183	41.785	64.007	31.309	0.296
582	415.202	41.651	65.055	30.825	0.29
583	401.171	41.566	61.298	31.463	0.305
584	410.156	41.402	64.201	31.522	0.293
585	391.96	41.239	60.991	31.016	0.288
586	401.425	41.107	63.781	30.855	0.287
587	402.138	41.804	62.89	31.084	0.298
588	398.102	41.013	61.999	30.472	0.287
589	411.791	42.572	65.208	32.632	0.311
590	407.478	41.404	62.8	30.958	0.283
591	408.678	42.24	63.051	32.237	0.312
592	412.367	41.972	64.375	31.016	0.306
593	399.482	41.099	62.823	30.666	0.284
594	392.363	40.249	59.718	29.793	0.274
595	404.54	42.24	61.991	31.356	0.298
596	405.766	41.855	64.484	31.385	0.294
597	406.727	42.544	62.582	31.45	0.304
598	397.166	40.048	62.105	30.011	0.274
599	408.381	41.709	64.381	31.471	0.296
600	411.204	40.826	64.14	30.543	0.283
601	397.718	41.397	60.934	30.941	0.302
602	407.002	41.534	64.308	31.952	0.304
603	411.431	41.304	64.471	31.035	0.286
604	398.151	41.523	63.347	31.465	0.298
605	404.126	41.588	62.587	30.552	0.294
606	413.021	42.219	64.682	31.218	0.298
607	398.039	41.356	60.89	31.022	0.299
608	403.162	41.188	63.567	31.222	0.303
609	405.473	41.599	62.188	31.133	0.291
610	408.955	41.247	63.662	31.272	0.284
611	399.25	41.156	63.016	31.438	0.288
612	398.352	42.467	62.19	31.72	0.314
613	412.444	41.869	64.478	31.118	0.291
614	414.62	41.6	64.105	31.513	0.302
615	417.623	40.876	66.936	31.291	0.278
616	400.504	42.858	60.76	31.428	0.319
617	411.768	41.509	64.583	30.894	0.292
618	408.561	41.609	64.225	31.016	0.297
619	402.682	41.264	62.395	30.917	0.286
620	403.928	42.517	61.761	31.844	0.311
621	402.443	41.729	63.466	31.277	0.299
622	395.68	41.272	61.114	30.321	0.296
623	410.803	42.601	61.689	31.436	0.311
624	407.381	41.867	62.63	31.042	0.29
625	406.276	42.729	62.778	31.567	0.311
626	402.785	42.545	62.333	31.41	0.304
627	424.67	41.489	67.464	30.949	0.288
628	397.245	41.898	60.232	31.425	0.305
629	406.12	41.882	62.968	31.276	0.293
630	419.793	41.734	65.804	31.534	0.291
631	402.399	41.373	62.211	30.962	0.289
632	412.055	41.89	65.1	31.28	0.292
633	402.633	40.966	61.911	30.74	0.282
634	397.969	42.169	60.969	30.886	0.306
635	401.712	40.542	64.117	30.726	0.278
636	411.683	41.741	64.283	31.431	0.289
637	401.632	41.284	62.247	30.929	0.291
638	413.268	42.505	65.198	32.223	0.307
639	418.566	40.831	65.11	31.107	0.285
640	398.053	41.432	62.487	30.891	0.298
641	417.153	41.871	65.94	31.228	0.287
642	405.848	41.509	62.972	30.825	0.296
643	409.59	41.174	62.546	30.811	0.281
644	399.897	42.11	61.967	31.258	0.291
645	400.791	41.665	63.489	30.954	0.292
646	411.571	42.477	63.08	31.493	0.298
647	411.631	41.768	64.888	31.195	0.292
648	409.664	41.076	66.085	30.832	0.287
649	410.167	42.152	63.394	31.321	0.298
650	401.772	41.197	61.509	30.634	0.286
651	406.369	41.733	62.718	31.288	0.297
652	405.788	42.121	63.274	31.085	0.298
653	408.434	41.508	63.621	31.269	0.293
654	409.961	41.938	64.629	31.761	0.303
655	403.122	40.682	62.652	30.317	0.281
656	394.967	42.299	60.836	31.616	0.309
657	401.139	41.862	61.251	31.375	0.309
658	411.64	41.783	64.298	31.427	0.289
659	409.931	42.421	64.217	31.68	0.314
660	401.92	41.118	63.242	30.687	0.29
661	398.288	41.796	62.291	30.888	0.293
662	404.374	41.573	62.566	31.106	0.292
663	408.746	42.181	64.485	31.681	0.303
664	413.599	41.266	64.312	31.852	0.285
665	398.14	41.296	61.323	30.801	0.29
666	410.302	41.53	63.689	30.814	0.288
667	407.051	42.118	63.212	31.274	0.313
668	401.384	41.275	62.692	31.103	0.294
669	410.899	42.059	65.72	31.622	0.294
670	400.778	41.592	61.801	30.797	0.296
671	401.652	42.436	62.022	31.522	0.304
672	412.391	41.195	63.353	30.944	0.299
673	399.438	42.028	61.142	31.212	0.299
674	404.863	42.074	63.739	31.648	0.296
675	401.284	42.282	63.007	31.507	0.31
676	413.42	40.59	64.827	30.365	0.277
677	403.521	41.514	63.985	31.372	0.296
678	401.373	41.185	62.397	30.785	0.287
679	404.385	40.905	63.252	30.464	0.29
680	392.26	42.19	61.316	31.477	0.302
681	409.313	41.806	63.665	31.949	0.301
682	412.14	41.255	66.571	31.16	0.29
683	390.64	41.11	61.094	31.021	0.297
684	403.467	40.299	63.164	30.715	0.278
685	401.198	41.566	62.305	30.778	0.288
686	408.045	41.956	63.623	31.114	0.297
687	402.207	40.888	63.963	30.476	0.283
688	410.847	41.437	64.787	31.365	0.297
689	409.568	40.615	64.455	30.733	0.282
690	397.598	41.541	62.091	31.129	0.286
691	401.367	41.467	62.753	30.88	0.295
692	394.201	42.088	60.87	31.426	0.303
693	410.461	40.888	63.517	30.503	0.277
694	415.749	41.629	65.227	31.645	0.303
695	396.971	41.809	62.383	31.719	0.305
696	398.273	41.867	61.428	30.842	0.305
697	396.726	40.808	60.575	30.837	0.282
698	403.614	41.829	63.706	31.011	0.293
699	402.238	41.809	62.557	30.815	0.297
700	407.893	41.24	62.523	31.284	0.284
701	399.684	41.976	62.011	31.318	0.297
702	405.09	41.445	60.943	30.951	0.291
703	408.328	41.027	63.872	30.49	0.275
704	421.861	42.666	65.255	31.633	0.309
705	411.937	42.456	64.523	31.786	0.306
706	405.907	41.338	63.445	31.1	0.29
707	411.792	42.502	64.25	31.588	0.306
708	400.357	41.844	62.038	31.634	0.311
709	404.675	41.574	63.62	30.952	0.289
710	406.172	41.689	64.185	31.223	0.297
711	406.306	41.772	63.762	31.162	0.293
712	398.925	42.216	61.441	31.256	0.306
713	399.419	41.68	62.517	30.934	0.29
714	408.348	41.931	64.757	30.857	0.294
715	400.192	41.642	62.469	30.782	0.293
716	403.781	41.628	63.675	31.118	0.293
717	405.555	41.027	62.911	30.957	0.286
718	410.888	41.647	64.77	31.459	0.302
719	395.62	40.896	60.944	30.773	0.284
720	404.462	41.632	63.892	31.659	0.298
721	402.821	41.891	62.11	30.841	0.298
722	408.473	41.736	64.429	31.291	0.291
723	407.721	41.766	65.472	31.295	0.295
724	409.626	42.168	64.127	31.461	0.298
725	414.043	41.062	65.228	30.789	0.276
726	406.28	41.904	64.769	31.912	0.3
727	410.113	41.702	63.926	31.132	0.291
728	399.054	41.325	60.911	31.128	0.296
729	404.831	41.059	64.174	30.762	0.286
730	410.436	42.42	64.577	31.928	0.304
731	405.996	41.116	63.153	30.918	0.286
732	414.158	41.862	63.563	30.951	0.293
733	414.132	41.548	64.349	31.115	0.283
734	406.699	42.331	63.967	31.662	0.301
735	410.463	41.12	62.687	31.03	0.284
736	413.444	41.658	64.346	31.274	0.292
737	407.138	41.509	65.475	31.495	0.297
738	411.413	41.057	64.153	30.997	0.286
739	400.63	40.891	61.995	31.164	0.285
740	400.469	41.852	63.21	31.305	0.295
741	413.94	42.053	63.502	31.538	0.302
742	408.947	42.139	63.37	31.219	0.302
743	406.161	41.164	64.602	31.034	0.286
744	408.974	41.53	64.463	31.513	0.29
745	394.437	40.083	61.594	30.199	0.278
746	400.721	41.85	61.817	31.765	0.303
747	401.888	41.896	62.862	31.23	0.306
748	407.997	40.409	62.864	30.923	0.272
749	401.99	40.798	63.027	30.498	0.282
750	407.624	41.771	63.477	31.458	0.296
751	400.354	42.013	63.235	31.189	0.296
752	403.999	41.803	63.544	31.079	0.294
753	409.277	42.019	65.05	31.399	0.298
754	409.835	41.517	63.997	30.811	0.292
755	413.831	40.644	65.981	30.752	0.267
756	403.773	42.072	62.071	31.129	0.303
757	415.541	41.818	66.354	31.603	0.295
758	404.744	41.385	63.851	30.765	0.286
759	402.501	41.543	62.267	31.213	0.293
760	397.826	40.627	61.766	30.858	0.288
761	403.796	41.323	62.9	30.354	0.285
762	403.496	41.296	63.209	31.593	0.295
763	406.243	42.036	63.262	30.943	0.302
764	403.9	41.251	65.387	30.853	0.29
765	419.979	42.057	66.815	31.348	0.291
766	415.979	42.112	66.336	31.783	0.302
767	415.098	42.22	63.86	31.171	0.304
768	401.087	41.411	62.873	31.387	0.3
769	414.746	40.958	66.211	31.165	0.277
770	406.768	41.716	65.015	31.294	0.296
771	399.493	41.915	61.179	31.205	0.307
772	405.968	41.725	63.477	30.915	0.294
773	410.886	41.834	64.452	31.269	0.298
774	419.271	42.203	65.439	32.013	0.311
775	403.134	41.539	62.16	31.6	0.291
776	411.345	42.131	64.49	31.373	0.295
777	409.193	41.533	64.293	31.484	0.287
778	405.5	42.116	62.967	31.027	0.302
779	410.823	41.764	65.53	31.375	0.297
780	410.782	41.581	63.525	30.929	0.291
781	405.399	41.399	62.978	31.573	0.288
782	407.071	42.224	63.006	31.675	0.3
783	398.375	41.447	61.46	31.401	0.294
784	405.73	40.953	63.272	31.004	0.28
785	402.9	41.849	61.497	31.344	0.299
786	412.831	41.298	64.57	31.594	0.288
787	407.252	41.465	63.458	30.872	0.291
788	395.431	41.483	60.789	30.9	0.294
789	409.726	41.199	63.674	30.651	0.288
790	404.8	42.326	62.865	31.42	0.311
791	407.575	41.139	63.944	31.093	0.287
792	401.208	41.299	63.611	30.957	0.287
793	399.854	41.148	62.252	30.603	0.29
794	414.334	42.586	65.737	31.918	0.308
795	399.598	41.565	61.975	31.109	0.297
796	399.298	41.411	61.645	31.275	0.296
797	410.913	41.777	64.905	31.799	0.303
798	404.743	41.334	62.244	30.77	0.292
799	407.85	42.22	64.173	31.322	0.295
800	401.25	41.467	61.744	31.306	0.295
801	418.669	41.933	65.114	31.329	0.294
802	396.997	39.8	61.02	30.141	0.267
803	401.059	41.244	61.88	30.787	0.278
804	394.486	40.008	60.861	29.929	0.269
805	400.912	41.346	61.796	30.981	0.286
806	415.901	41.987	66.692	31.046	0.294
807	393.258	40.6	60.822	30.176	0.28
808	413.569	42.618	64.989	31.616	0.299
809	414.169	41.611	67.684	31.263	0.289
810	390.44	41.636	60.977	30.709	0.301
811	411.201	41.462	63.288	30.784	0.277
812	405.667	42.075	63.185	31.411	0.298
813	393.879	41.652	61.93	31.953	0.304
814	404.553	41.844	62.521	30.703	0.295
815	397.456	41.822	61.636	30.928	0.299
816	402.682	41.447	62.345	31.208	0.294
817	399.684	41.44	61.285	31.064	0.3
818	397.657	41.777	63.262	31.08	0.304
819	401.963	42.163	62.375	31.239	0.308
820	414.447	41.386	65.233	31.519	0.282
821	394.038	41.56	61.186	30.969	0.292
822	411.287	40.775	65.433	30.999	0.276
823	396.86	41.616	61.124	30.964	0.306
824	412.311	42.466	64.044	31.291	0.297
825	408.134	41.172	64.165	30.634	0.282
826	401.763	41.341	63.569	31.814	0.297
827	410.488	42.142	64.523	31.51	0.308
828	402.539	41.08	63.731	30.993	0.285
829	408.15	41.33	62.946	31.044	0.281
830	404.788	42.143	62.663	31.68	0.307
831	407.601	41.846	62.38	30.833	0.297
832	418.688	41.549	64.592	31.069	0.29
833	398.914	41.481	61.897	30.83	0.288
834	416.112	40.521	64.532	30.975	0.272
835	416.329	42.42	64.998	32.169	0.311
836	404.334	41.357	63.388	30.915	0.293
837	409.236	42.396	65.409	31.595	0.303
838	396.778	41.155	61.069	30.919	0.28
839	398.783	41.514	62.827	31.136	0.289
840	418.606	40.619	67.129	30.786	0.272
841	411.942	41.779	65.005	31.04	0.293
842	397.915	40.814	61.402	30.732	0.283
843	406.732	41.135	61.971	31.338	0.287
844	415.218	41.548	64.562	30.726	0.288
845	414.289	41.846	64.349	31.769	0.299
846	395.55	41.813	60.419	31.326	0.298
847	416.551	42.326	65.93	31.517	0.3
848	405.356	43.31	63.015	32.61	0.315
849	420.505	42.255	65.881	31.691	0.299
850	397.377	41.14	63.49	30.77	0.279
851	417.352	42.307	65.655	31.671	0.299
852	395.746	41.355	61.494	31.744	0.304
853	411.602	41.063	65.066	31.022	0.279
854	403.869	41.808	62.708	31.066	0.297
855	398.077	41.991	61.065	31.306	0.308
856	397.5	41.753	63.876	31.106	0.3
857	413.906	41.853	65.376	31.116	0.293
858	410.128	41.042	63.598	30.669	0.284
859	418.243	42.206	65.372	31.595	0.302
860	402.616	41.438	62.721	31.616	0.298
861	416.286	41.921	66.829	31.426	0.293
862	390.058	41.591	59.705	31.045	0.293
863	417.611	41.451	66.143	30.874	0.286
864	404.136	41.657	63.819	31.032	0.296
865	412.312	41.301	66.043	31.097	0.286
866	413.269	42.208	63.868	31.785	0.316
867	405.427	41.444	63.89	31.285	0.292
868	400.943	41.139	62.13	31.139	0.287
869	413.475	41.449	65.591	31.887	0.291
870	404.193	41.274	62.623	30.78	0.286
871	398.023	41.579	61.329	30.792	0.287
872	408.633	41.873	63.559	31.514	0.289
873	413.328	41.327	65.807	31.142	0.29
874	403.205	41.79	62.393	31.458	0.304
875	392.307	41.438	61.885	31.223	0.297
876	404.222	40.93	63.045	30.639	0.283
877	403.477	41.982	62.767	31.511	0.3
878	419.611	41.288	64.502	31.016	0.291
879	403.894	41.94	62.746	31.4	0.293
880	410.914	40.471	65.147	30.61	0.277
881	403.793	41.11	62.749	30.693	0.288
882	400.149	41.927	62.83	32.015	0.307
883	408.491	42.252	63.613	31.52	0.305
884	395.841	41.072	61.834	30.724	0.289
885	413.825	41.977	64.091	31.393	0.294
886	405.428	42.08	62.814	31.034	0.294
887	413.135	42.052	64.639	31.377	0.301
888	413.367	40.801	64.74	30.67	0.286
889	401.308	42.187	63.275	31.949	0.306
890	395.155	41.769	61.358	30.781	0.297
891	400.653	42.02	61.775	31.312	0.303
892	400.221	41.808	62.045	31.133	0.296
893	405.167	42.136	62.693	31.082	0.298
894	414.344	41.693	65.487	31.908	0.297
895	405.321	41.648	63.554	31.382	0.292
896	397.987	41.397	61.86	30.826	0.287
897	396.689	41.622	60.205	30.774	0.29
898	403.516	42.208	63.675	31.451	0.301
899	411.124	41.98	65.085	31.292	0.295
900	408.326	42.577	62.954	31.375	0.314
901	410.592	42.303	63.644	31.653	0.304
902	413.431	42.12	63.724	31.547	0.299
903	416.82	41.579	66.431	31.098	0.296
904	398.714	41.41	62.666	31.11	0.289
905	392.118	40.833	60.209	30.797	0.288
906	403.661	42.436	62.688	31.485	0.308
907	405.524	41.35	63.227	30.759	0.29
908	398.45	41.807	62.326	31.412	0.305
909	399.468	41.297	62.663	31.124	0.289
910	405.768	42.044	63.624	31.194	0.303
911	405.693	41.427	64.375	31.101	0.291
912	407.71	40.987	65.004	30.82	0.285
913	412.877	41.77	64.238	31.127	0.287
914	408.09	41.029	63.325	30.912	0.278
915	399.372	41.727	62.391	31.369	0.298
916	398.664	41.749	62.145	31.192	0.302
917	406.699	41.914	62.763	31.098	0.298
918	406.234	41.374	64.369	30.854	0.294
919	401.791	41.38	62.72	31.301	0.285
920	396.391	40.76	61.353	30.814	0.279
921	411.241	42.354	64.429	31.676	0.304
922	411.599	41.608	64.291	31.498	0.287
923	402.903	40.728	64.03	30.694	0.276
924	402.152	41.74	62.494	31.241	0.296
925	412.964	41.121	65.033	30.561	0.282
926	406.921	41.975	63.037	31.318	0.301
927	403.204	41.435	61.996	31.017	0.285
928	408.408	41.788	63.845	31.026	0.294
929	401.86	41.711	62.166	31.266	0.296
930	400.625	41.912	61.317	31.287	0.299
931	412.723	41.365	64.232	30.761	0.288
932	410.622	41.27	64.382	31.051	0.28
933	399.482	40.88	61.959	30.553	0.284
934	408.57	41.949	63.254	31.752	0.308
935	417.517	41.919	67.21	31.262	0.299
936	400.495	41.414	62.488	30.845	0.288
937	410.229	41.966	64.184	31.203	0.291
938	401.012	41.043	61.023	31.126	0.287
939	407.983	41.774	65.506	31.204	0.305
940	400.037	41.444	62.908	31.047	0.295
941	417.362	41.449	66.932	31.07	0.284
942	409.596	42.335	64.458	31.05	0.298
943	423.012	41.446	66.512	31.172	0.287
944	403.624	41.144	65.113	31.18	0.282
945	408.716	41.829	64.484	31.759	0.297
946	405.251	41.544	63.858	31.146	0.295
947	411.047	42.154	64.697	31.334	0.292
948	401.1	41.508	62.355	31.329	0.298
949	420.291	42.325	66.971	31.665	0.292
950	400.774	41.81	61.357	31.179	0.298
951	409.103	41.98	63.505	31.715	0.306
952	396.244	41.68	61.401	30.817	0.298
953	407.263	41.632	64.241	31.12	0.3
954	406.316	42.298	63.641	31.985	0.313
955	400.249	41.527	61.621	30.911	0.291
956	414.539	41.056	65.899	30.916	0.285
957	405.899	41.047	63.654	30.514	0.28
958	408.083	41.517	64.215	31.467	0.289
959	418.965	42.622	66.537	31.948	0.301
960	408.443	40.841	63.418	30.556	0.278
961	405.459	42.042	62.612	30.976	0.301
962	407.682	41.593	63.916	31.142	0.281
963	396.207	41.885	61.618	30.817	0.296
964	401.179	40.459	61.562	30.29	0.279
965	406.961	41.788	64.562	31.031	0.298
966	392.238	41.349	60.312	30.972	0.296
967	413.748	41.594	65.376	31.322	0.29
968	397.896	41.969	61.252	31.448	0.295
969	389.781	42.459	60.075	31.542	0.317
970	411.661	41.846	65.522	31.45	0.295
971	406.251	40.953	63.801	31.082	0.291
972	405.755	42.074	62.74	31.478	0.301
973	414.922	41.737	64.187	31.222	0.292
974	406.909	41.328	64.882	31.915	0.294
975	410.064	41.412	62.984	31.278	0.29
976	401.058	41.773	62.64	30.795	0.291
977	412.116	41.663	63.984	31.686	0.3
978	405.53	41.22	63.955	31.473	0.296
979	403.838	41.838	62.119	31.196	0.292
980	404.208	41.248	62.411	31.449	0.291
981	406.454	40.818	62.652	30.868	0.28
982	411.773	41.9	64.771	31.518	0.303
983	409.38	42.15	65.418	31.751	0.295
984	405.1	40.736	63.995	30.535	0.278
985	413.31	42.183	64.08	31.454	0.301
986	391.649	41.623	60.024	31.186	0.298
987	412.498	42.019	64.56	31.754	0.293
988	409.648	41.981	64.257	31.774	0.308
989	409.197	40.901	64.245	30.678	0.286
990	407.328	41.759	63.233	31.664	0.304
991	417.344	41.927	65.839	31.283	0.293
992	403.33	42.31	62.016	31.238	0.304
993	397.551	41.054	61.886	30.529	0.286
994	401.563	41.252	63.776	30.491	0.283
995	403.459	42.405	62.381	32.149	0.304
996	397.895	41.323	63.066	30.845	0.288
997	407.502	41.449	63.152	30.898	0.283
998	404.988	41.737	62.863	31.546	0.304
999	405.199	40.159	62.998	30.578	0.273
1000	407.66	41.886	63.042	31.191	0.298
