Iteration	L1	L1 %	L2	L2 %	KL Divergence
1	357.605	35.433	54.203	27.308	0.216
2	360.78	37.709	54.813	28.444	0.239
3	371.751	38.836	57.413	29.093	0.257
4	360.922	40.298	55.627	29.585	0.291
5	347.08	39.172	52.963	29.139	0.274
6	355.837	39.917	54.317	30.034	0.274
7	360.572	39.11	56.481	29.291	0.265
8	360.166	39.408	54.947	29.639	0.263
9	374.212	40.391	57.296	30.553	0.283
10	366.863	40.255	56.812	29.863	0.278
11	362.895	38.57	55.89	28.715	0.261
12	363.16	38.827	56.382	28.847	0.26
13	369.503	39.93	56.95	29.686	0.274
14	361.918	40.546	55.971	30.067	0.295
15	353.164	39.509	54.501	29.147	0.268
16	359.67	39.986	55.39	30.256	0.28
17	365.289	41.479	56.336	30.406	0.298
18	350.297	39.865	52.435	28.94	0.281
19	362.845	40.578	55.535	30.519	0.298
20	362.232	37.736	55.866	28.389	0.247
21	356.455	39.586	52.976	29.284	0.27
22	358.532	38.974	54.479	29.345	0.272
23	362.652	35.423	55.648	27.186	0.219
24	358.976	40.19	54.242	29.467	0.282
25	348.101	39.978	53.007	30.074	0.291
26	361.467	39.398	55.348	28.946	0.271
27	364.219	40.405	55.406	29.754	0.279
28	356.216	39.195	54.229	29.277	0.272
29	352.555	39.161	53.068	28.77	0.268
30	341.308	39.957	51.979	29.864	0.284
31	357.157	39.431	54.456	29.331	0.266
32	361.166	39.187	55.292	29.292	0.263
33	353.567	39.12	52.673	29.186	0.26
34	368.579	36.518	57.53	28.543	0.235
35	365.36	38.627	55.017	29.058	0.256
36	363.861	40.39	55.259	30.08	0.283
37	350.927	39.623	53.626	29.812	0.279
38	350.888	40.347	53.302	29.931	0.278
39	356.14	39.47	53.176	29.336	0.278
40	354.6	40.26	53.832	29.829	0.287
41	364.434	39.816	54.331	29.334	0.273
42	363.475	36.03	55.809	27.963	0.222
43	361.585	40.348	54.247	30.002	0.286
44	374.284	39.932	57.086	29.761	0.283
45	364.324	36.627	57.438	28.201	0.23
46	359.392	39.521	55.374	29.348	0.265
47	357.48	39.672	53.674	29.367	0.278
48	360.947	39.544	53.287	29.284	0.276
49	346.648	39.414	52.923	29.56	0.276
50	363.636	38.987	54.593	28.666	0.262
51	359.879	39.793	54.8	29.671	0.279
52	360.184	39.094	55.692	29.497	0.276
53	363.438	37.425	55.34	28.263	0.239
54	356.52	40.103	53.337	29.522	0.286
55	354.924	39.738	55.474	30.125	0.281
56	340.115	39.211	51.238	29.004	0.268
57	361.96	39.52	56.074	29.486	0.274
58	361.013	40.117	54.153	29.776	0.28
59	363.74	36.094	55.026	27.833	0.227
60	356.047	40.421	54.638	30.015	0.289
61	362.706	39.813	55.356	29.638	0.276
62	369.626	35.603	56.386	27.426	0.217
63	361.658	38.055	54.112	28.203	0.249
64	352.309	40.298	52.903	29.835	0.288
65	366.401	39.761	56.639	29.948	0.277
66	369.753	35.564	56.74	27.389	0.223
67	364.341	40.274	56.253	29.934	0.288
68	366.401	35.968	55.639	28.156	0.216
69	355.624	39.024	53.945	29.233	0.263
70	366.663	39.146	57.829	29.163	0.262
71	376.869	37.41	59.22	28.708	0.236
72	360.917	40.897	54.935	30.377	0.291
73	358.997	39.195	54.267	29.217	0.265
74	388.967	37.78	61.401	28.934	0.248
75	364.393	40.43	54.692	30.262	0.285
76	355.468	35.769	55.211	27.708	0.226
77	353.972	40.403	54.167	29.759	0.284
78	354.623	39.161	54.639	28.833	0.268
79	364.9	39.566	58.384	29.804	0.279
80	363.934	40.982	56.289	30.245	0.291
81	358.603	35.807	54.126	27.682	0.23
82	369.544	39.767	56.646	29.818	0.279
83	367.578	39.843	56.218	29.788	0.275
84	361.657	40.137	55.064	29.874	0.283
85	354.383	39.876	52.823	29.749	0.275
86	361.791	39.128	55.577	28.811	0.263
87	365.69	39.443	55.167	28.921	0.278
88	363.475	39.533	55.029	29.392	0.271
89	366.443	39.392	55.922	29.802	0.274
90	350.674	39.78	51.763	29.543	0.276
91	374.214	35.716	57.867	27.857	0.221
92	364.366	40.851	55.949	30.266	0.287
93	372.024	40.832	56.399	30.603	0.287
94	363.465	39.384	56.363	29.704	0.274
95	354.341	40.223	54.118	29.774	0.277
96	356.209	38.999	54.419	29.08	0.271
97	354.791	39.516	55.128	29.193	0.271
98	354.779	38.898	53.168	29.64	0.263
99	359.371	40.256	55.882	29.808	0.292
100	363.629	38.977	55.412	29.467	0.263
101	371.539	39.733	58.378	29.594	0.272
102	361.854	36.912	54.917	27.653	0.231
103	365.15	40.401	54.934	29.671	0.292
104	352.752	40.058	53.663	29.424	0.279
105	360.515	38.597	54.891	28.925	0.265
106	358.176	38.718	55.161	28.992	0.256
107	355.034	40.027	54.418	29.354	0.277
108	365.552	39.298	55.705	29.482	0.263
109	359.981	39.595	54.982	29.363	0.272
110	357.475	39.482	53.872	29.445	0.279
111	355.405	39.94	54.862	29.387	0.278
112	354.052	38.733	53.343	29.179	0.259
113	359.908	39.91	54.954	29.703	0.269
114	361.869	40.151	55.849	29.929	0.276
115	349.917	39.935	52.635	30.167	0.279
116	360.454	38.507	55.59	29.176	0.262
117	352.212	40.219	53.474	29.876	0.292
118	357.826	40.296	53.83	29.775	0.28
119	369.429	40.785	56.564	29.995	0.288
120	352.24	38.612	54.067	29.045	0.261
121	369.966	38.842	57.876	29.277	0.256
122	366.182	39.447	56.255	29.43	0.271
123	354.668	38.759	52.934	28.87	0.259
124	356.788	39.143	54.625	29.076	0.265
125	364.735	39.554	55.948	29.544	0.276
126	366.007	40.011	55.306	29.352	0.279
127	359.831	40.187	55.234	30.068	0.288
128	367.31	40.121	58.056	29.984	0.288
129	365.582	37.166	55.933	27.726	0.239
130	370.368	35.269	57.111	26.415	0.213
131	364.984	39.648	55.89	29.596	0.275
132	362.004	35.61	56.052	27.65	0.224
133	370.216	39.575	56.779	29.781	0.272
134	363.555	40.864	56.145	30.201	0.283
135	364.688	38.136	55.575	29.01	0.259
136	372.638	38.444	59.946	28.82	0.259
137	365.488	35.473	56.741	27.216	0.215
138	368.042	39.751	56.633	29.836	0.271
139	363.941	39.917	55.365	30.066	0.284
140	360.23	38.738	54.374	29.016	0.259
141	370.91	39.445	57.616	29.754	0.275
142	369.6	39.266	56.609	29.571	0.27
143	350.256	39.17	54.237	29.615	0.275
144	359.551	39.911	55.269	29.731	0.273
145	358.769	40.236	54.167	29.656	0.281
146	349.481	39.173	52.885	29.513	0.281
147	361.29	40.992	55.618	30.224	0.293
148	361.495	36.132	55.093	27.396	0.227
149	364.918	39.857	56.559	29.893	0.274
150	359.338	34.123	55.143	26.088	0.209
151	359.657	39.288	54.36	29.476	0.274
152	369.856	37.918	58.094	29.133	0.252
153	350.144	39.185	52.847	29.151	0.268
154	362.889	40.079	56.0	29.42	0.276
155	359.155	40.009	54.392	29.653	0.278
156	357.706	39.179	53.999	29.445	0.273
157	364.2	36.796	55.067	28.318	0.234
158	366.871	37.648	56.096	28.159	0.245
159	350.582	38.391	52.622	29.182	0.26
160	353.891	40.709	53.214	29.594	0.284
161	366.983	39.033	56.765	29.362	0.261
162	362.843	40.32	56.59	30.145	0.289
163	370.299	37.399	56.205	28.308	0.236
164	362.178	36.201	55.147	27.666	0.228
165	374.856	40.455	58.027	30.077	0.28
166	355.767	39.466	54.547	29.221	0.278
167	366.036	39.638	55.194	29.504	0.276
168	351.823	39.3	52.38	29.656	0.275
169	359.472	39.398	53.589	29.161	0.271
170	353.238	38.958	53.52	29.473	0.269
171	362.566	37.931	55.885	28.85	0.248
172	371.127	40.108	56.762	30.361	0.286
173	360.481	39.072	54.089	28.788	0.27
174	362.971	39.336	55.038	29.176	0.265
175	355.955	36.729	55.635	27.967	0.237
176	361.257	39.214	55.989	29.55	0.272
177	363.29	38.686	55.136	28.721	0.263
178	360.201	38.738	56.724	28.926	0.264
179	356.925	39.9	55.094	29.666	0.273
180	354.748	39.514	53.093	29.211	0.272
181	354.694	40.023	54.037	29.473	0.288
182	352.819	41.065	52.731	29.934	0.295
183	349.584	40.169	54.243	29.404	0.282
184	339.91	39.405	51.095	29.187	0.271
185	349.289	38.08	54.655	29.237	0.258
186	351.528	40.17	53.427	29.502	0.284
187	343.109	39.043	50.495	28.983	0.266
188	353.533	40.956	54.258	30.108	0.297
189	367.175	39.69	56.306	29.528	0.278
190	365.363	40.45	56.619	29.967	0.296
191	356.032	38.618	54.134	28.852	0.252
192	364.254	40.737	57.18	30.442	0.288
193	362.44	40.554	54.152	30.095	0.279
194	358.012	39.586	54.353	29.504	0.278
195	350.046	39.111	54.575	29.223	0.267
196	347.727	39.983	53.024	29.412	0.28
197	360.52	39.942	54.67	29.728	0.277
198	363.09	40.01	56.613	29.62	0.278
199	353.94	40.155	54.099	30.08	0.288
200	365.647	39.795	55.453	29.163	0.272
201	367.776	40.415	58.59	30.028	0.281
202	360.581	38.728	56.072	29.271	0.264
203	364.275	39.097	55.717	29.395	0.269
204	360.903	39.443	55.341	29.191	0.27
205	355.105	39.252	54.294	29.666	0.273
206	369.915	39.302	56.669	29.605	0.268
207	351.786	39.794	53.199	29.858	0.281
208	358.435	38.903	55.188	29.345	0.261
209	352.069	39.925	52.379	29.604	0.278
210	362.711	39.377	56.01	29.32	0.266
211	368.711	38.762	56.878	29.207	0.255
212	360.873	39.107	55.949	29.212	0.267
213	349.183	39.57	51.866	29.282	0.28
214	354.888	39.562	52.307	29.218	0.265
215	366.418	39.232	56.604	29.706	0.267
216	351.59	39.569	53.642	29.23	0.274
217	359.394	39.853	54.954	29.528	0.279
218	355.432	38.835	53.875	28.868	0.258
219	353.692	38.984	54.282	29.051	0.263
220	352.905	35.879	53.635	27.936	0.23
221	353.346	39.758	55.309	29.734	0.276
222	371.228	39.275	57.171	30.093	0.271
223	359.636	39.801	54.608	29.792	0.288
224	366.526	40.702	56.592	30.083	0.292
225	371.244	40.939	57.136	30.268	0.29
226	371.527	35.636	55.617	27.684	0.219
227	357.792	39.352	53.914	29.062	0.266
228	364.348	38.735	56.781	28.873	0.261
229	354.326	39.465	52.649	29.343	0.275
230	368.394	38.298	55.31	28.889	0.246
231	363.215	39.455	55.88	28.839	0.276
232	363.221	38.66	56.991	29.225	0.263
233	348.71	37.545	52.958	28.142	0.25
234	355.583	39.039	54.476	29.319	0.269
235	363.228	40.248	54.27	30.4	0.291
236	374.771	37.612	58.039	28.166	0.242
237	359.052	39.982	55.121	30.008	0.279
238	362.957	39.91	54.579	30.09	0.279
239	354.245	39.269	54.234	29.446	0.266
240	365.31	40.109	55.945	29.819	0.283
241	369.821	36.968	56.078	28.125	0.232
242	366.375	35.149	55.923	26.711	0.213
243	367.584	40.285	56.532	29.916	0.286
244	357.733	40.555	54.258	29.888	0.287
245	360.481	39.567	55.079	29.706	0.271
246	362.627	40.227	55.145	29.72	0.283
247	361.344	40.073	54.959	29.681	0.285
248	364.711	39.768	58.371	29.443	0.27
249	368.623	40.313	56.339	29.484	0.274
250	364.722	39.399	55.48	29.264	0.275
251	356.299	37.84	53.944	28.463	0.244
252	360.615	39.599	54.887	29.394	0.274
253	364.34	38.138	55.784	29.025	0.251
254	370.171	39.906	55.601	29.679	0.279
255	357.613	41.542	54.111	30.309	0.303
256	353.539	38.195	52.9	28.801	0.261
257	347.271	39.925	53.079	29.727	0.283
258	364.83	39.867	55.294	29.678	0.277
259	356.696	40.142	55.02	30.21	0.29
260	361.446	39.936	55.149	29.564	0.278
261	364.271	38.722	55.25	29.498	0.262
262	352.962	40.01	54.085	29.339	0.279
263	362.564	36.13	55.274	27.019	0.229
264	360.157	39.868	54.86	29.955	0.279
265	356.309	40.495	53.747	29.53	0.288
266	361.951	40.169	56.881	30.463	0.28
267	359.359	38.634	55.417	29.047	0.257
268	360.854	39.084	55.322	29.334	0.262
269	357.293	39.796	54.665	29.52	0.276
270	360.556	40.372	54.521	30.152	0.281
271	357.494	38.568	54.285	28.933	0.255
272	355.87	39.784	54.196	29.696	0.286
273	363.029	40.215	56.034	30.12	0.288
274	364.972	40.227	55.632	29.741	0.275
275	354.324	39.426	52.425	29.532	0.278
276	364.803	36.93	55.298	28.488	0.241
277	361.975	41.229	54.878	30.624	0.301
278	360.936	40.619	54.936	30.192	0.296
279	368.478	40.188	56.467	30.155	0.274
280	358.168	39.313	54.723	29.443	0.266
281	361.338	39.895	54.147	29.373	0.278
282	361.311	39.81	55.473	29.607	0.277
283	351.81	40.387	52.936	29.901	0.286
284	378.775	39.597	59.205	29.586	0.271
285	360.732	37.626	55.157	29.064	0.246
286	365.753	39.525	56.029	29.74	0.27
287	357.653	38.816	54.413	28.901	0.261
288	371.502	39.557	57.012	30.178	0.276
289	364.354	36.376	57.554	27.529	0.229
290	365.482	40.979	56.542	30.027	0.289
291	366.826	39.119	57.171	28.984	0.265
292	356.011	39.923	54.721	29.923	0.277
293	346.837	39.664	52.742	29.307	0.274
294	363.194	39.55	56.11	29.673	0.271
295	359.176	40.675	53.826	30.222	0.286
296	357.873	39.041	55.971	28.76	0.261
297	358.832	40.752	53.947	30.02	0.291
298	378.057	35.265	58.667	26.907	0.211
299	373.811	39.878	58.135	29.525	0.272
300	360.414	40.006	54.741	29.858	0.279
301	363.912	40.439	55.602	29.815	0.283
302	379.323	39.742	59.574	29.857	0.268
303	353.348	40.438	53.451	30.163	0.296
304	349.377	39.85	53.246	29.556	0.285
305	351.927	39.041	54.104	29.332	0.274
306	359.605	40.675	55.523	29.998	0.29
307	363.944	39.881	56.568	29.738	0.272
308	355.172	40.2	53.545	29.684	0.283
309	354.432	39.047	56.482	29.697	0.268
310	359.053	39.289	55.099	29.566	0.272
311	355.168	40.47	54.428	29.931	0.286
312	358.643	39.914	56.284	29.678	0.28
313	359.953	40.631	54.777	29.984	0.284
314	347.931	40.023	51.282	29.198	0.281
315	363.411	38.793	56.168	29.392	0.26
316	352.535	39.419	55.201	29.524	0.268
317	360.109	39.78	54.551	29.32	0.28
318	356.023	40.212	54.6	30.065	0.286
319	368.454	39.924	56.225	29.992	0.276
320	364.578	38.876	55.438	29.124	0.261
321	358.904	39.174	54.513	29.085	0.27
322	360.444	36.786	54.603	27.881	0.234
323	362.111	39.626	55.217	29.809	0.277
324	367.029	38.218	56.304	29.332	0.258
325	354.748	39.139	54.482	29.22	0.268
326	356.511	39.048	54.42	28.852	0.267
327	367.859	40.222	55.506	29.432	0.282
328	355.908	39.849	54.911	29.634	0.274
329	359.308	34.912	54.011	27.244	0.207
330	362.019	39.429	55.685	29.434	0.262
331	357.304	40.153	54.365	29.539	0.283
332	358.821	38.787	55.116	29.378	0.269
333	367.095	38.341	57.082	29.189	0.26
334	364.672	40.234	56.279	30.311	0.285
335	365.703	39.305	56.397	29.611	0.27
336	363.534	40.463	54.701	30.238	0.285
337	361.913	39.183	56.661	29.412	0.266
338	373.417	40.79	59.848	29.708	0.284
339	368.113	40.274	56.82	30.088	0.289
340	350.962	38.981	52.984	29.243	0.262
341	359.932	38.849	55.361	29.131	0.271
342	353.709	39.822	54.053	29.513	0.277
343	347.031	39.175	53.35	29.337	0.277
344	365.527	39.732	55.349	29.486	0.285
345	352.959	39.923	53.391	29.295	0.274
346	366.233	40.701	56.466	30.056	0.292
347	344.627	39.377	52.251	29.464	0.28
348	360.446	39.892	55.308	29.762	0.291
349	366.424	39.267	56.617	29.422	0.263
350	350.478	40.096	53.476	29.817	0.283
351	357.521	40.203	55.108	29.906	0.278
352	376.138	35.615	58.46	27.542	0.221
353	359.446	39.459	55.863	29.606	0.276
354	359.398	39.91	57.26	29.673	0.28
355	352.954	39.122	54.342	29.33	0.269
356	352.254	40.989	52.971	30.411	0.298
357	353.641	39.984	53.374	29.768	0.284
358	351.936	40.739	53.533	30.22	0.296
359	363.159	34.921	56.071	27.33	0.217
360	367.183	38.755	55.606	28.837	0.255
361	352.972	39.207	52.62	29.272	0.273
362	355.937	39.749	54.282	29.742	0.277
363	366.267	41.162	55.497	30.123	0.296
364	351.891	40.143	53.636	29.756	0.291
365	353.359	38.565	54.328	29.39	0.266
366	358.291	39.729	54.474	29.458	0.274
367	356.269	39.565	54.04	29.626	0.271
368	369.44	40.08	56.356	30.067	0.279
369	359.856	35.875	54.73	27.209	0.219
370	366.476	41.214	56.767	30.134	0.3
371	368.103	39.866	56.951	29.892	0.279
372	370.385	40.93	56.191	29.856	0.288
373	367.592	41.131	56.314	30.722	0.302
374	349.139	39.101	53.541	29.249	0.263
375	367.912	38.61	56.011	28.756	0.259
376	349.409	40.64	53.122	30.296	0.291
377	364.755	38.869	55.156	28.824	0.266
378	353.699	39.976	53.233	29.52	0.278
379	360.115	40.018	55.729	29.9	0.276
380	368.84	40.618	55.882	29.522	0.282
381	355.534	40.216	54.787	29.749	0.279
382	360.991	39.71	55.057	29.134	0.272
383	364.251	40.98	55.083	29.923	0.293
384	358.765	36.136	53.337	26.931	0.221
385	351.177	39.033	52.169	29.371	0.263
386	357.51	35.967	54.082	28.155	0.23
387	363.846	40.351	55.811	30.01	0.286
388	355.715	39.995	54.797	29.627	0.284
389	362.81	39.741	55.463	29.912	0.275
390	361.546	40.817	54.84	30.036	0.291
391	351.338	39.184	53.166	29.478	0.271
392	365.385	39.47	57.476	29.8	0.27
393	359.553	40.345	55.278	29.773	0.279
394	364.722	39.697	55.104	29.544	0.267
395	361.76	39.818	54.038	29.071	0.275
396	350.716	39.528	52.677	29.13	0.266
397	365.606	40.884	56.936	30.471	0.295
398	369.955	41.139	56.076	30.442	0.294
399	371.485	36.868	57.174	28.018	0.234
400	367.003	39.067	55.731	29.199	0.269
401	366.654	39.639	55.685	29.285	0.268
402	352.707	39.44	53.188	29.128	0.28
403	357.904	39.309	54.486	29.349	0.266
404	354.396	40.204	53.585	29.546	0.286
405	350.212	38.632	53.59	28.774	0.263
406	367.323	39.63	56.74	29.519	0.263
407	352.015	39.671	53.554	29.783	0.28
408	354.541	39.912	53.612	29.792	0.279
409	357.797	39.803	54.596	29.616	0.277
410	358.062	39.857	56.848	29.344	0.283
411	358.383	35.545	54.926	26.929	0.217
412	368.162	38.017	57.99	29.057	0.255
413	355.172	39.393	54.062	29.243	0.272
414	370.116	35.216	56.404	27.297	0.22
415	352.873	37.271	53.212	28.18	0.241
416	359.848	39.934	53.753	29.433	0.285
417	360.189	39.78	55.789	29.441	0.278
418	355.047	39.596	53.736	29.067	0.276
419	357.127	39.215	54.059	29.616	0.266
420	368.844	40.401	55.286	30.136	0.287
421	360.664	39.459	56.286	29.399	0.272
422	358.256	40.506	54.73	29.831	0.297
423	366.502	38.582	55.793	28.761	0.257
424	364.009	35.123	56.551	27.122	0.219
425	360.34	39.494	55.987	29.277	0.279
426	355.283	40.629	52.911	29.834	0.287
427	364.827	39.461	55.592	29.717	0.268
428	368.603	39.974	56.069	29.672	0.274
429	364.78	35.612	56.709	27.662	0.225
430	366.223	38.776	56.717	29.289	0.256
431	366.085	40.581	57.332	30.039	0.288
432	369.393	40.249	58.055	30.206	0.279
433	355.279	39.709	54.098	29.023	0.275
434	362.127	39.23	54.433	29.251	0.268
435	370.907	34.703	56.511	27.514	0.213
436	354.115	39.314	53.204	29.561	0.264
437	373.534	36.788	57.971	28.345	0.225
438	367.864	38.128	57.267	29.024	0.249
439	361.901	39.802	55.056	29.753	0.276
440	364.574	38.827	55.484	28.8	0.271
441	357.089	39.952	55.3	29.673	0.274
442	362.063	35.635	55.493	27.501	0.22
443	356.567	40.758	53.111	29.751	0.295
444	368.354	39.41	58.174	29.142	0.267
445	360.196	39.465	55.429	30.004	0.272
446	367.998	39.11	56.835	29.13	0.262
447	358.606	40.622	53.844	30.55	0.286
448	362.635	40.586	54.756	29.75	0.288
449	357.762	38.291	55.33	29.127	0.259
450	365.769	39.545	57.448	30.045	0.274
451	350.332	40.0	52.631	29.509	0.29
452	350.83	40.776	52.746	29.605	0.294
453	364.553	39.563	56.281	30.024	0.278
454	353.654	39.649	53.21	29.618	0.279
455	364.497	40.344	55.749	30.038	0.288
456	355.924	38.15	53.359	28.382	0.252
457	363.215	39.584	55.154	29.215	0.27
458	370.398	38.669	57.224	29.318	0.266
459	363.983	39.391	54.735	29.547	0.269
460	358.449	39.289	54.777	29.124	0.267
461	353.842	40.132	54.884	30.389	0.286
462	353.34	37.259	53.051	27.88	0.242
463	357.538	39.655	54.762	29.707	0.279
464	365.181	40.444	56.2	30.15	0.289
465	354.275	40.126	54.417	29.543	0.283
466	354.962	40.048	53.249	29.693	0.284
467	357.32	39.389	54.937	29.125	0.272
468	352.432	39.513	53.535	29.241	0.276
469	366.767	39.384	57.076	29.271	0.27
470	357.334	38.79	55.669	29.394	0.263
471	370.402	39.899	58.141	30.05	0.278
472	359.851	39.024	55.017	29.484	0.261
473	363.324	39.397	54.359	29.462	0.271
474	348.08	40.351	53.039	29.975	0.288
475	350.181	39.357	53.116	29.315	0.275
476	365.077	40.662	56.737	29.838	0.286
477	373.81	40.529	57.09	29.911	0.283
478	361.379	39.505	54.655	29.303	0.274
479	375.306	40.457	59.734	30.147	0.282
480	351.299	40.491	52.443	29.622	0.281
481	346.027	40.121	52.247	29.927	0.281
482	356.651	39.537	52.684	29.457	0.282
483	363.554	40.264	55.922	29.607	0.287
484	360.594	39.465	54.138	28.947	0.271
485	353.201	39.678	53.708	29.63	0.284
486	366.73	39.985	56.488	29.553	0.273
487	370.917	34.755	56.994	27.65	0.21
488	352.308	39.558	53.098	29.528	0.282
489	364.708	39.711	55.3	29.471	0.271
490	373.639	39.311	57.829	29.148	0.266
491	360.423	39.469	54.532	29.323	0.281
492	365.848	39.804	55.61	29.176	0.27
493	363.972	39.452	55.47	29.214	0.264
494	374.326	39.958	58.613	29.679	0.281
495	359.389	40.578	54.863	30.277	0.291
496	361.681	39.252	54.668	29.048	0.263
497	361.915	39.091	53.695	28.71	0.264
498	361.134	35.285	54.877	27.435	0.222
499	362.757	38.481	55.119	28.451	0.257
500	370.539	39.247	56.424	29.06	0.265
501	365.574	39.457	56.21	29.364	0.268
502	353.375	40.527	53.846	29.838	0.277
503	362.956	41.365	55.902	30.689	0.302
504	363.548	39.917	56.255	29.696	0.275
505	356.182	39.787	55.422	29.894	0.278
506	374.012	40.114	58.029	29.581	0.282
507	362.161	39.24	55.076	29.367	0.267
508	358.467	40.453	55.367	29.802	0.285
509	358.671	39.793	55.321	29.467	0.281
510	355.526	39.626	54.21	30.041	0.282
511	357.414	40.239	54.631	29.922	0.281
512	359.092	39.419	54.919	29.04	0.271
513	361.93	38.991	56.367	29.088	0.258
514	367.382	39.646	55.414	29.209	0.28
515	365.62	38.327	55.272	28.908	0.254
516	351.837	39.144	53.226	28.997	0.271
517	364.539	40.678	54.423	30.239	0.294
518	352.999	39.866	54.415	29.774	0.276
519	360.745	39.904	55.22	29.571	0.278
520	372.544	40.194	57.262	29.78	0.279
521	366.747	39.65	57.293	30.337	0.283
522	358.991	40.226	55.329	29.986	0.286
523	357.793	38.442	53.392	28.838	0.259
524	368.881	36.28	56.331	28.294	0.229
525	359.969	40.195	55.857	29.86	0.283
526	362.533	40.24	56.245	29.656	0.285
527	363.978	40.595	56.682	30.082	0.29
528	358.074	40.444	55.977	30.145	0.285
529	361.893	40.555	55.932	30.059	0.296
530	359.145	40.865	56.052	30.511	0.294
531	352.744	38.246	52.621	28.493	0.259
532	363.254	37.35	55.838	28.194	0.239
533	349.528	39.892	52.514	29.576	0.279
534	362.469	36.74	55.202	28.45	0.234
535	356.016	40.037	53.482	29.568	0.278
536	351.726	40.276	53.207	29.883	0.285
537	365.886	40.568	55.092	30.014	0.288
538	376.935	38.76	57.481	28.423	0.26
539	371.689	40.895	56.654	29.813	0.286
540	352.069	39.344	55.157	29.567	0.281
541	367.562	40.281	56.534	29.845	0.276
542	365.47	39.738	55.7	29.472	0.269
543	358.53	40.349	54.638	29.813	0.284
544	368.135	38.847	56.725	29.095	0.264
545	357.245	37.891	54.45	28.262	0.251
546	359.516	40.165	56.177	30.24	0.284
547	367.627	39.861	57.373	29.59	0.276
548	362.246	39.349	54.275	29.187	0.26
549	358.798	39.973	53.805	29.097	0.281
550	366.887	39.789	55.265	28.895	0.268
551	361.433	38.688	54.841	29.103	0.258
552	369.038	39.998	56.682	29.749	0.277
553	366.573	38.8	55.045	28.891	0.254
554	350.943	39.329	52.536	28.931	0.276
555	360.784	39.999	55.377	29.833	0.276
556	355.294	38.908	54.597	29.29	0.266
557	356.875	39.485	55.425	29.634	0.273
558	355.511	38.964	55.262	29.49	0.268
559	359.521	40.45	54.283	29.806	0.289
560	372.694	35.678	57.542	27.992	0.223
561	344.013	38.524	52.356	28.619	0.26
562	361.517	40.649	55.79	30.137	0.298
563	364.3	39.469	55.436	29.325	0.27
564	359.098	39.665	54.03	29.48	0.273
565	362.303	40.539	56.292	29.911	0.287
566	361.01	39.865	54.466	29.324	0.275
567	359.046	39.693	54.158	29.433	0.275
568	361.468	38.693	57.34	29.193	0.264
569	363.627	39.837	56.654	29.697	0.276
570	363.758	40.403	54.886	29.712	0.284
571	362.39	39.603	56.682	29.682	0.263
572	363.207	39.859	55.702	30.134	0.291
573	369.266	37.357	58.409	28.704	0.244
574	357.896	40.035	55.046	30.051	0.278
575	351.823	41.071	51.84	29.6	0.294
576	363.875	37.421	57.179	28.622	0.245
577	355.293	39.875	53.443	29.62	0.279
578	361.905	40.31	55.331	29.871	0.284
579	359.005	38.57	54.471	28.832	0.262
580	361.178	40.935	55.455	30.187	0.286
581	349.257	38.644	53.101	28.955	0.26
582	358.39	39.228	54.412	29.299	0.266
583	350.272	38.761	52.888	28.813	0.257
584	354.948	38.388	53.767	28.546	0.258
585	351.495	39.345	54.732	29.698	0.278
586	373.941	40.094	57.896	29.971	0.282
587	358.185	38.999	55.312	28.893	0.269
588	357.563	39.492	54.415	29.895	0.267
589	356.266	40.47	53.395	30.309	0.283
590	358.38	40.79	56.066	30.094	0.292
591	373.42	40.264	56.844	30.151	0.277
592	360.374	39.717	56.262	29.518	0.269
593	351.797	39.592	55.005	29.465	0.27
594	358.865	40.26	55.275	29.724	0.282
595	357.976	39.795	52.747	29.325	0.275
596	348.71	39.181	53.176	29.252	0.272
597	367.52	39.837	56.661	29.851	0.277
598	372.904	38.645	56.957	29.429	0.264
599	364.151	39.493	57.664	29.441	0.27
600	358.915	40.447	55.043	30.151	0.28
601	363.958	39.433	56.633	29.298	0.271
602	358.522	39.104	53.662	29.385	0.268
603	355.635	39.462	54.307	29.468	0.26
604	356.454	40.18	55.16	29.533	0.275
605	358.881	35.344	54.909	27.367	0.224
606	357.873	40.385	54.233	30.25	0.282
607	367.911	40.377	55.341	30.057	0.286
608	360.173	39.489	55.145	30.036	0.274
609	355.012	38.674	53.961	28.733	0.257
610	360.144	40.381	54.398	30.15	0.284
611	354.425	39.372	52.694	29.253	0.267
612	359.755	40.021	53.865	29.556	0.28
613	357.324	38.502	54.26	28.479	0.261
614	367.36	39.805	56.224	29.445	0.266
615	366.69	39.857	56.116	29.726	0.274
616	368.629	36.806	56.345	27.949	0.229
617	354.615	39.119	53.276	29.001	0.269
618	356.998	40.029	55.12	29.641	0.281
619	354.93	40.186	53.601	29.511	0.283
620	358.708	40.814	54.311	30.045	0.293
621	369.02	40.365	56.221	29.596	0.28
622	364.96	38.269	56.799	28.825	0.256
623	375.45	39.698	57.798	29.652	0.268
624	350.979	39.336	53.158	29.125	0.274
625	355.644	38.782	54.113	29.375	0.261
626	367.625	40.158	57.849	29.778	0.288
627	361.017	40.034	55.501	29.248	0.282
628	352.303	39.635	53.764	29.449	0.277
629	361.816	40.821	56.33	29.985	0.286
630	358.807	39.951	54.727	29.633	0.277
631	365.286	40.341	55.495	29.642	0.28
632	363.739	40.419	55.263	29.716	0.281
633	371.618	40.104	58.153	30.076	0.276
634	380.371	39.311	59.212	29.558	0.264
635	355.043	34.166	54.295	26.748	0.208
636	360.049	39.22	55.152	29.141	0.267
637	360.104	40.172	54.33	29.782	0.275
638	359.39	40.193	53.868	29.992	0.29
639	358.802	39.853	55.446	29.535	0.276
640	366.867	35.299	55.981	27.037	0.213
641	364.071	39.27	55.615	29.256	0.265
642	352.04	40.751	53.856	30.186	0.291
643	361.346	39.941	56.736	29.682	0.276
644	366.771	39.069	56.096	29.329	0.266
645	350.899	39.28	52.353	29.134	0.272
646	372.125	36.211	57.005	27.463	0.228
647	360.58	39.037	55.053	29.524	0.262
648	368.007	38.957	56.153	29.6	0.264
649	358.98	39.876	54.947	29.082	0.283
650	353.884	36.648	53.247	27.55	0.231
651	365.003	39.734	55.703	29.271	0.274
652	360.0	40.025	55.142	29.895	0.278
653	354.124	40.336	52.731	29.715	0.281
654	360.566	39.831	55.889	29.696	0.284
655	379.146	39.438	57.019	29.986	0.274
656	342.259	38.937	51.68	29.116	0.265
657	366.012	41.199	56.371	30.235	0.302
658	354.303	40.211	53.479	29.277	0.278
659	364.582	35.281	55.634	26.998	0.214
660	359.837	40.573	54.955	30.008	0.29
661	359.514	40.022	54.662	30.367	0.274
662	366.082	37.947	56.779	28.672	0.247
663	354.628	34.094	52.992	27.242	0.208
664	353.669	40.125	53.517	29.735	0.277
665	366.082	38.861	57.702	29.044	0.258
666	363.773	40.372	56.289	30.253	0.287
667	374.405	40.121	58.284	29.869	0.276
668	356.726	39.909	54.112	29.653	0.276
669	355.552	40.156	54.555	29.91	0.284
670	353.315	39.727	53.307	29.454	0.284
671	352.56	39.891	53.479	29.218	0.282
672	359.941	40.343	54.393	29.859	0.284
673	363.666	39.923	56.787	29.847	0.28
674	361.961	39.219	55.484	29.354	0.274
675	361.265	40.081	54.981	29.971	0.282
676	356.545	40.476	55.198	30.281	0.292
677	356.369	40.635	53.44	29.88	0.297
678	361.097	39.825	54.957	29.797	0.271
679	359.275	38.962	54.026	29.167	0.265
680	363.919	39.704	56.346	29.801	0.273
681	361.323	41.103	54.577	30.215	0.292
682	367.92	40.948	56.757	30.19	0.29
683	358.292	40.046	53.937	29.718	0.277
684	345.219	39.964	52.177	29.313	0.281
685	363.7	39.058	56.253	29.273	0.266
686	355.176	40.157	53.498	29.765	0.292
687	369.321	39.178	58.085	29.111	0.267
688	356.714	38.83	54.346	28.565	0.268
689	354.742	40.177	53.353	29.652	0.287
690	347.652	39.546	52.858	29.757	0.278
691	360.925	39.701	55.884	29.63	0.272
692	361.829	40.611	54.246	29.761	0.288
693	364.455	39.267	56.086	29.183	0.263
694	363.912	39.74	56.356	29.699	0.278
695	376.808	37.788	59.953	28.574	0.251
696	363.626	40.925	55.797	30.181	0.286
697	376.12	41.033	59.502	30.336	0.288
698	351.234	38.8	52.74	29.224	0.264
699	360.052	40.168	55.456	29.739	0.278
700	368.524	37.258	55.988	28.775	0.244
701	351.765	38.624	53.576	28.969	0.268
702	358.853	39.324	54.198	29.244	0.271
703	362.032	40.88	54.946	29.938	0.283
704	354.398	39.326	53.437	29.351	0.271
705	368.001	39.192	56.399	29.259	0.267
706	368.196	39.089	56.274	29.538	0.27
707	359.996	40.59	56.873	30.12	0.292
708	359.775	39.985	55.064	30.203	0.291
709	366.605	39.69	55.27	29.741	0.273
710	354.506	39.402	54.938	29.749	0.272
711	366.223	39.432	56.0	29.502	0.272
712	354.205	39.748	54.702	29.162	0.275
713	359.471	39.567	55.379	29.598	0.275
714	350.083	40.838	52.96	29.708	0.293
715	341.518	39.042	50.801	29.375	0.27
716	367.404	39.598	56.946	29.668	0.271
717	358.147	40.153	55.25	29.669	0.284
718	361.701	40.265	55.039	29.807	0.273
719	356.334	39.968	54.988	29.323	0.275
720	358.829	40.468	54.62	29.789	0.294
721	361.973	37.066	55.245	28.57	0.238
722	354.793	40.199	53.426	29.901	0.283
723	375.876	39.538	56.353	29.802	0.264
724	349.537	39.043	54.281	29.138	0.269
725	364.313	38.987	55.554	28.924	0.264
726	361.293	39.121	55.494	29.342	0.269
727	356.996	39.124	55.12	28.869	0.269
728	363.241	39.981	55.618	29.871	0.273
729	355.0	39.422	54.621	29.222	0.274
730	361.158	39.972	57.125	29.966	0.281
731	360.98	39.686	55.351	29.547	0.277
732	357.199	38.992	54.087	28.54	0.263
733	346.973	39.742	51.736	29.52	0.28
734	348.986	40.793	53.354	29.99	0.289
735	349.786	39.978	53.595	29.483	0.281
736	365.066	39.508	58.182	29.835	0.268
737	376.592	38.558	58.382	28.802	0.264
738	365.218	40.255	56.82	30.045	0.281
739	354.27	39.586	54.054	29.774	0.272
740	356.369	39.571	54.359	29.365	0.27
741	372.61	38.863	57.267	29.188	0.259
742	370.378	40.787	55.987	29.999	0.286
743	361.119	40.094	55.389	29.121	0.28
744	375.902	40.816	57.238	29.808	0.279
745	372.522	37.82	56.489	28.043	0.251
746	356.167	38.673	55.211	29.032	0.26
747	360.31	40.472	54.656	30.308	0.292
748	356.776	40.002	54.166	29.967	0.279
749	362.534	39.137	56.166	29.479	0.266
750	363.819	40.148	55.061	29.773	0.28
751	361.611	39.913	55.699	29.661	0.281
752	363.899	38.494	56.236	29.239	0.256
753	353.62	40.176	54.479	29.096	0.279
754	358.127	39.46	54.689	29.609	0.277
755	360.957	39.57	55.63	29.558	0.269
756	363.671	39.635	56.528	29.44	0.267
757	371.766	34.856	58.89	27.578	0.21
758	351.151	40.317	54.513	29.556	0.288
759	359.435	38.977	54.817	29.533	0.263
760	352.674	39.342	54.428	29.1	0.272
761	352.544	40.733	53.078	30.09	0.285
762	359.556	39.563	55.117	29.296	0.27
763	360.091	40.215	55.193	29.998	0.281
764	370.984	37.124	56.566	28.355	0.229
765	361.197	39.71	55.223	29.228	0.279
766	355.254	39.759	54.087	29.611	0.283
767	354.601	39.584	53.827	29.279	0.272
768	363.616	38.956	57.392	29.365	0.266
769	364.955	36.181	56.151	28.267	0.233
770	380.29	40.171	58.028	29.844	0.283
771	369.094	39.784	56.62	29.843	0.281
772	363.461	39.376	55.488	29.511	0.278
773	356.096	40.186	54.179	29.325	0.284
774	371.285	39.335	56.845	29.555	0.262
775	362.284	39.726	56.855	29.245	0.271
776	371.325	40.216	58.44	30.812	0.284
777	361.7	39.42	54.504	29.193	0.267
778	360.101	40.487	55.755	30.068	0.287
779	363.277	40.006	55.613	29.541	0.275
780	359.259	41.049	55.402	30.293	0.293
781	363.951	40.317	55.851	29.629	0.279
782	362.317	39.477	56.2	29.483	0.265
783	354.475	39.907	53.457	29.963	0.28
784	346.306	38.651	50.909	28.896	0.265
785	354.807	39.594	54.435	29.22	0.261
786	349.845	40.023	54.708	29.524	0.287
787	358.099	39.709	53.494	29.577	0.274
788	356.375	39.815	54.823	29.363	0.276
789	362.1	40.745	56.355	30.494	0.291
790	356.193	40.621	54.969	30.304	0.293
791	358.933	39.48	54.279	29.583	0.268
792	364.963	36.053	55.902	28.037	0.23
793	364.705	38.953	56.0	29.827	0.264
794	357.457	39.532	54.622	29.349	0.274
795	362.581	40.398	56.125	30.079	0.288
796	367.246	40.608	55.714	29.474	0.291
797	351.176	39.485	53.604	29.317	0.272
798	360.577	39.832	55.062	29.346	0.271
799	363.303	39.12	55.711	29.25	0.262
800	361.861	39.358	55.08	29.475	0.273
801	364.302	40.383	57.096	29.837	0.276
802	367.835	38.426	56.142	28.784	0.253
803	357.5	39.269	52.924	29.077	0.267
804	363.434	39.296	54.564	29.243	0.259
805	353.665	39.354	54.222	29.747	0.271
806	362.318	34.78	55.278	26.855	0.214
807	358.84	39.61	55.464	29.575	0.278
808	361.226	38.942	55.544	28.92	0.26
809	355.711	37.807	53.393	28.417	0.246
810	353.805	41.226	53.136	30.286	0.295
811	367.127	36.329	56.371	27.285	0.232
812	365.876	39.752	54.918	29.635	0.272
813	359.972	39.823	55.349	29.877	0.28
814	356.545	39.653	54.754	29.222	0.27
815	365.222	40.105	55.929	30.014	0.285
816	353.738	38.861	54.027	29.063	0.261
817	359.076	37.392	54.867	28.523	0.242
818	370.682	35.53	56.313	27.443	0.22
819	359.889	39.992	55.261	29.775	0.283
820	360.752	40.121	55.494	30.004	0.28
821	356.329	40.298	54.548	30.428	0.284
822	359.974	39.56	54.75	29.529	0.273
823	363.217	40.554	57.048	30.147	0.29
824	357.718	39.407	54.151	28.911	0.266
825	383.694	37.205	58.298	28.059	0.241
826	361.496	40.092	57.621	30.361	0.274
827	368.188	40.417	56.723	30.186	0.284
828	363.837	39.826	56.238	30.254	0.279
829	358.782	40.299	54.712	29.873	0.284
830	364.59	39.914	56.576	29.369	0.275
831	350.839	39.365	52.665	28.511	0.269
832	359.22	39.005	54.823	29.223	0.262
833	347.241	40.634	51.782	29.43	0.288
834	363.143	39.792	56.702	29.505	0.288
835	360.718	38.917	54.703	29.023	0.259
836	361.942	36.033	54.692	27.549	0.223
837	358.091	41.346	54.915	30.198	0.302
838	366.749	35.184	55.104	27.106	0.217
839	366.854	40.755	55.936	30.391	0.284
840	365.565	40.156	55.627	29.423	0.281
841	364.19	34.43	55.929	27.271	0.201
842	365.466	37.819	54.789	28.965	0.246
843	357.391	39.288	55.359	29.376	0.27
844	362.026	39.126	56.639	29.699	0.273
845	369.365	38.966	56.585	29.286	0.27
846	355.545	38.14	53.744	28.933	0.259
847	348.345	40.205	53.02	29.705	0.283
848	361.609	40.027	55.694	29.505	0.276
849	366.646	40.235	55.16	29.831	0.281
850	354.257	39.545	53.764	29.058	0.278
851	366.377	39.275	57.204	29.148	0.266
852	359.655	39.233	54.431	29.545	0.267
853	345.809	39.484	52.839	29.079	0.274
854	374.242	39.878	57.086	30.104	0.278
855	356.381	39.271	53.259	29.415	0.27
856	365.486	35.23	57.012	27.393	0.215
857	357.397	39.899	54.952	29.761	0.276
858	356.413	40.144	53.689	30.162	0.281
859	357.936	38.186	53.697	28.946	0.257
860	357.266	40.025	53.52	29.407	0.273
861	362.129	39.39	55.58	29.472	0.275
862	358.158	39.642	54.366	29.667	0.265
863	362.732	39.573	54.75	29.406	0.278
864	359.181	39.463	53.748	29.159	0.267
865	353.928	39.718	53.248	29.466	0.276
866	359.447	38.914	54.726	30.307	0.271
867	357.218	39.194	54.517	29.597	0.273
868	360.743	39.601	56.086	29.485	0.269
869	365.602	40.264	54.897	29.617	0.278
870	352.343	38.595	53.724	29.265	0.265
871	354.451	40.389	54.088	29.751	0.282
872	359.3	39.989	54.195	29.521	0.277
873	368.204	39.68	55.69	29.226	0.273
874	358.532	39.232	54.668	29.461	0.277
875	361.619	40.025	55.218	29.849	0.272
876	348.781	41.214	54.057	30.428	0.312
877	349.406	39.345	52.432	28.674	0.271
878	364.655	38.598	54.744	29.206	0.259
879	359.74	39.863	54.962	29.975	0.278
880	368.076	39.759	59.078	29.779	0.27
881	356.062	39.371	54.565	29.329	0.272
882	362.808	40.402	55.304	29.781	0.285
883	342.947	39.475	52.896	29.69	0.277
884	373.862	34.659	57.134	27.07	0.202
885	369.113	39.744	56.817	29.428	0.272
886	374.942	36.346	59.41	28.275	0.232
887	357.066	39.898	54.432	29.362	0.284
888	357.81	39.413	54.973	29.478	0.274
889	361.204	39.012	55.322	29.224	0.263
890	360.576	40.306	56.093	30.02	0.283
891	360.585	39.867	55.056	30.123	0.279
892	359.765	40.033	54.734	29.762	0.279
893	364.805	39.761	56.806	29.796	0.269
894	360.674	39.846	55.791	29.273	0.276
895	351.153	39.267	53.776	28.936	0.277
896	366.447	39.284	54.782	29.085	0.258
897	360.237	39.059	55.301	29.092	0.267
898	357.721	34.669	52.774	26.472	0.218
899	373.194	40.014	57.512	29.658	0.277
900	374.077	37.595	57.401	28.451	0.238
901	371.949	35.933	58.33	28.027	0.223
902	364.647	40.012	55.277	29.944	0.273
903	353.498	39.598	52.981	29.365	0.271
904	354.152	40.689	52.659	29.922	0.286
905	358.626	39.941	55.64	29.692	0.277
906	358.476	40.081	54.278	29.708	0.282
907	361.065	39.834	57.314	29.771	0.275
908	367.158	40.327	55.528	29.928	0.289
909	360.472	39.818	54.686	29.824	0.282
910	361.83	39.836	54.787	29.793	0.277
911	355.989	41.201	54.251	30.333	0.295
912	361.798	40.015	55.126	29.91	0.272
913	360.306	37.644	56.095	28.599	0.251
914	358.591	40.411	55.032	30.012	0.289
915	350.159	38.931	53.314	28.751	0.261
916	359.956	40.748	54.57	30.231	0.296
917	355.337	39.44	53.852	29.599	0.269
918	365.204	39.949	56.114	29.507	0.278
919	362.048	40.101	54.015	29.521	0.278
920	358.716	39.84	55.444	29.514	0.281
921	358.058	38.598	53.724	29.11	0.265
922	354.963	40.679	54.699	30.065	0.293
923	364.86	39.103	55.135	29.129	0.276
924	361.901	39.904	54.957	29.498	0.274
925	347.667	38.723	52.581	29.07	0.267
926	372.908	38.248	56.28	29.555	0.251
927	363.827	35.849	55.561	27.348	0.23
928	360.134	40.304	55.337	29.928	0.281
929	363.859	40.45	55.645	29.847	0.281
930	359.595	38.443	55.275	28.714	0.249
931	366.733	38.967	55.789	28.914	0.262
932	353.588	40.464	53.555	29.709	0.279
933	350.675	39.957	53.847	29.564	0.278
934	356.473	39.819	54.262	29.134	0.281
935	352.818	40.193	53.721	29.862	0.28
936	348.942	39.744	52.574	29.126	0.28
937	356.802	39.679	52.726	29.527	0.272
938	359.871	40.239	54.638	29.777	0.283
939	364.694	40.325	54.956	29.972	0.278
940	360.914	37.921	55.434	28.777	0.244
941	353.412	39.887	54.132	29.973	0.285
942	363.789	40.375	55.654	30.029	0.288
943	366.027	35.94	56.6	27.329	0.229
944	363.709	40.315	56.38	30.088	0.278
945	359.022	40.434	54.885	29.945	0.289
946	373.359	39.563	57.685	29.196	0.272
947	357.394	40.057	53.368	29.732	0.28
948	361.38	40.72	57.491	30.323	0.28
949	363.14	38.879	55.559	29.044	0.26
950	358.46	39.091	55.081	29.348	0.267
951	362.408	39.695	56.664	29.946	0.283
952	361.875	39.503	55.854	29.639	0.274
953	352.846	39.675	53.68	29.399	0.272
954	356.609	39.305	54.144	29.377	0.272
955	357.984	39.098	54.289	29.028	0.274
956	355.82	39.082	53.611	29.063	0.272
957	362.183	40.313	55.419	29.54	0.279
958	351.582	40.339	52.987	29.817	0.287
959	366.984	39.68	56.427	30.239	0.278
960	363.423	40.262	54.556	29.718	0.278
961	364.564	40.523	55.155	30.057	0.285
962	358.728	40.744	55.503	30.489	0.292
963	341.902	40.188	51.194	29.466	0.279
964	367.547	39.777	55.559	29.433	0.269
965	359.352	40.051	53.822	29.267	0.279
966	354.598	38.83	53.309	28.887	0.263
967	348.184	39.155	51.998	29.08	0.271
968	377.106	36.748	58.173	27.335	0.233
969	361.336	38.767	54.906	28.929	0.263
970	364.688	39.902	55.344	29.602	0.272
971	363.872	40.052	56.465	29.895	0.276
972	350.874	39.47	52.846	29.398	0.273
973	368.794	40.622	55.658	30.049	0.292
974	356.081	39.134	54.012	28.855	0.272
975	350.73	39.752	53.044	29.564	0.277
976	353.374	40.576	52.815	30.219	0.291
977	356.154	39.753	54.791	29.216	0.277
978	351.433	39.926	53.804	29.486	0.284
979	353.999	38.913	53.434	29.49	0.267
980	354.816	40.236	54.386	29.837	0.287
981	366.125	38.327	55.523	29.0	0.249
982	364.326	38.835	54.955	29.036	0.26
983	365.351	40.283	55.293	29.797	0.284
984	368.934	38.858	57.669	28.937	0.265
985	352.619	38.786	54.529	29.224	0.266
986	363.274	40.522	55.438	30.201	0.284
987	367.927	38.802	55.996	29.412	0.256
988	364.845	39.452	55.725	29.678	0.277
989	357.095	39.433	54.774	29.419	0.27
990	381.141	40.106	58.815	29.849	0.276
991	373.817	40.143	59.045	29.929	0.28
992	362.871	39.407	54.799	29.551	0.271
993	361.925	40.014	55.041	29.663	0.278
994	360.702	39.317	54.748	29.001	0.264
995	344.792	40.331	52.162	30.088	0.291
996	364.355	40.78	56.189	30.324	0.294
997	357.348	40.821	54.919	29.953	0.295
998	358.706	38.96	54.204	29.164	0.266
999	353.567	39.148	53.434	29.239	0.264
1000	350.792	41.181	53.69	30.05	0.302
