MutationType	SBS96A	SBS96B	SBS96C	SBS96D	SBS96E	SBS96F	SBS96G	SBS96H	SBS96I	SBS96J	SBS96K	SBS96L	SBS96M	SBS96N
A[C>A]A	0.0016426816423785722	0.009193627304529543	0.004154977611098183	0.009969905694018056	0.019712685744699605	0.005653065541952385	0.004208164534814965	0.03675189954018782	0.004525953493225715	0.01686895980578091	0.014726425969069545	0.0038396145892400898	0.01073102483990642	0.012059887366817703
A[C>A]C	0.00185086444662195	0.002308896370755531	0.012735712492199892	0.00642501380547878	0.016080029808664107	0.001453368942759551	0.003524163407053435	0.012460708202848477	0.006934323186426237	0.010076598200938595	0.019009248972879134	0.0014015610014212502	0.0076011130600106384	0.011657062668934036
A[C>A]G	0.00021614849283839986	0.0005794423082458997	0.00015327075946249718	0.0013822004351303288	0.002259399523465895	0.000315235085637762	0.0010000878035909269	0.001803224099394418	0.00015852767649612252	0.0022216186842828525	0.002979186215285718	0.0012260589528379545	0.0010445686679334697	9.468574738523346e-05
A[C>A]T	0.0006804989592566605	0.0054845944743644355	0.004353474227360655	0.004057954197996546	0.011614421802214826	0.003963129803667196	0.0024650766107112672	0.013990049250318886	0.002086746485104641	0.010390296517949286	0.016483205343589744	0.0034406434723219144	0.005994951994022715	0.009908092220370845
A[C>G]A	0.00350088081038013	0.004213214900502177	0.00026111575855226475	0.004594553845977054	0.019262012139267697	0.006962261269652414	0.023640503175013265	0.010466760890170918	0.014374490599423901	0.0024448797913600006	0.003715275959450144	0.005473815482684391	0.00980325562539961	0.008215816700273021
A[C>G]C	0.0016371196036753606	0.0018187787986778258	0.0020281955858523636	0.0017066309547781949	0.011721335042841044	0.004050998546820631	0.008284124482691538	0.010078800655399638	0.009601015841794744	0.006958437456258989	0.0006455129874656006	0.0029644949405882768	0.00701983197912112	0.01287612107633808
A[C>G]G	0.0004577817404140281	0.0005694307765465448	7.8965136382878e-05	0.001434519206311057	0.0036129560891057237	0.0005228504844367671	0.0009311526232494272	0.0020673701299795512	0.0022082195791230178	0.0007216146456887436	0.000348050819317083	0.0005274306378596681	0.002964475604196315	0.0013003377886918333
A[C>G]T	0.0042247854780759	0.0016049981672133582	0.0009464092622767906	0.0051851753823231195	0.007357459304782549	0.012012335710033267	0.009459889384156888	0.012395037730983095	0.01523786151927323	0.006127050247486703	0.007352779787075364	0.0033804675350781153	0.005947405560921318	0.021908256431470336
A[C>T]A	0.0008858873955661108	0.010880266349184358	0.039973812381344995	0.00637815374629145	0.032133827399564635	0.018290462562735584	0.006202291767947206	0.010988049045913549	0.011529215014792527	0.008330017567984998	0.02420521833226627	0.008756339690878929	0.028654335637670496	0.03604127408782077
A[C>T]C	0.029426226125349543	0.0010539166602247802	0.07901856455098308	0.0038801756224512403	0.011045786143405012	0.004640555006707755	0.00563266280694003	0.005636172017770597	0.01004854412612906	0.0056769718558586394	0.007374025795169972	0.0015738014802719376	0.008135566512248801	0.0061519022893090245
A[C>T]G	0.0010464438698766863	0.01090175110843009	0.006660985067393011	0.031615378689867614	0.07416093259648099	0.02170196476682808	0.007717821944994534	0.01659849272430368	0.05496907292739059	0.029900012069642736	0.013570415765014247	0.01665066682055492	0.024503289293090622	0.0196153680654715
A[C>T]T	0.006524880223299978	0.01375549214049181	0.08719987844973001	0.005717694164815301	0.015428234632451701	0.005959220481456931	0.00010254288737176195	0.010027078354779645	0.006539425165466063	0.007295741176828784	0.016086484144683954	0.0027290779199671492	0.015566056766511602	0.01618619751088607
A[T>A]A	0.00700758806223908	0.0041237590648250605	0.0018958481683848288	0.005287299960555819	0.007923775414048937	0.0015624588944162423	0.008098270748504737	0.009403901422577366	0.013927864848329434	0.013927412653854129	0.009926872307795194	0.0033059875124190567	0.012814781664555568	0.023018326915083143
A[T>A]C	0.002132588276556893	0.0016408296164337592	0.0031648049687737797	0.0030257332432795385	0.012170327008257832	0.0037569028101519593	0.0026642451149690907	0.007350467143071958	0.012025891746518504	0.005317007813979376	0.007758831520541929	0.0016620588168332914	0.006675662085348138	0.0019348054024906696
A[T>A]G	0.0010452153910412271	0.0069494672304131425	0.0015711897226752692	0.004415736800641434	0.010096455147208392	0.0007258894837178111	0.006031264036645024	0.007163582815181922	0.0047299793772455296	0.012269860669210675	0.009493122575840996	0.0016527073160455302	0.006285877981802234	0.002594051898506692
A[T>A]T	0.006452527379032913	0.011774274855940604	0.0020642358812390967	0.004450884622201441	0.023572168924553275	0.0012848927027537798	0.0031151983627861644	0.013084312093864982	0.01414616127280885	0.005628388661145845	0.01390413507254776	0.0030609084860045836	0.021268249558596807	0.01394606882266962
A[T>C]A	0.008790991983241452	0.008182716873470402	0.00352086071397912	0.013946893323656197	0.02492588718490763	0.010678994401321184	0.0077369243223974265	0.0144587959998183	0.02221257772238253	0.011318107635150974	0.02259469483077376	0.005544939595702981	0.03915260994156	0.019332271982536148
A[T>C]C	0.0012295419289094767	0.0032620334865835973	0.0021390250252824915	0.00471271183330997	0.006604579350641564	0.004440767632818378	0.00346052566179847	0.005050734664636327	0.012479474864460962	0.0046974442622943965	0.011676071565916572	0.0032565083784942316	0.01629161486021375	0.010087154984274488
A[T>C]G	0.0025130197694023834	0.005061032392104239	0.0012843639546830836	0.005038463665896613	0.014963710645431182	0.007896611337124373	0.00347922363052436	0.0074834316172162985	0.00768104006651053	0.008776527422759752	0.012343988174432517	0.10492483098179652	0.01810503389062316	0.009043990073288684
A[T>C]T	0.006556321321181527	0.008305653079229149	0.0030824634081553556	0.00963459708468239	0.021013302196304255	0.009005028738516187	0.005396291663082907	0.00805634684601296	0.024908104539636076	0.017566261799925768	0.022405459699978415	0.006972609883212188	0.030064786204542216	0.019127663118431875
A[T>G]A	0.0032120731326773476	0.001273967263387594	0.0006619735044344895	0.0009569529290082777	0.001125811427903877	0.0013947991825921187	0.005080570745716173	0.0013476832698476173	0.0016540038922851785	0.0071457999078417345	0.004228082088315731	0.0010237371031271635	0.004450949341736203	0.0533013854189212
A[T>G]C	0.001107782803776708	0.0012925448286578898	2.2715593501353957e-05	0.0005366791887081757	0.0020946153160217615	0.0008258046521925066	0.0023987808039852543	0.0012579283995037814	0.0019469904696926884	0.0007681870689781991	0.0029204707975024943	0.000150933735466063	0.001739000341521294	0.015842476874157796
A[T>G]G	0.007260205688855793	0.008223175747264487	0.0006254177761111028	0.0009779812935705751	0.0022252235015505287	0.0007224209330621681	0.0015962820553431217	0.008036106142360317	0.0025023935550499646	0.06398597299432839	0.0004772716235219775	0.0038104312158364815	0.001955719067742673	0.0059522724408365745
A[T>G]T	0.0010097247008032646	0.0027861420077379896	0.0007723186763128364	0.0027373813983883155	0.0028813588031214375	0.001236824623798712	0.004164560793056171	0.0060721940566018364	0.005127374132791457	0.00849854267788204	0.022121626057007134	0.0013826507436710447	0.005736411015382769	0.013694037980705193
C[C>A]A	0.0027398409284997653	0.011367262015132634	0.025285197364486086	0.3349408477946737	0.007013853876750718	0.012709012888300368	0.06607321714715018	0.017794550624847052	0.009289521958733863	0.01101689861510097	0.028347612092298212	0.002692097667915273	0.01149947218439748	0.0064835357163293
C[C>A]C	0.0007486909768063645	0.007024052526507801	0.009264932620626783	0.03800822187377169	0.010474019496423726	0.013390741129786122	0.03163780800487375	0.004128986583220667	0.009136854128344807	0.00285526999522523	0.01015055005010565	0.0028971097711009237	0.006642611065943004	0.003974322241125817
C[C>A]G	7.898591160226074e-05	0.0008875168635168984	0.003959412398856829	0.03932523692859039	0.0036636841479862543	1.0714017968853767e-05	0.010337721766376904	0.0015270371452450816	0.0021198022544577934	0.0018722227524666764	0.005824754392984016	0.001052452931271876	0.0021115033703842075	0.0008517243800440159
C[C>A]T	0.001398796531622668	0.010369262305927312	0.02175690317466032	0.12938957986079289	0.026748245666386224	0.006897356978491179	0.09969342526473875	0.007046797885921836	0.0017369508253768022	0.004248802678579605	0.0065511773163010635	0.0009311001203439251	0.00917197343554888	0.003282599501923629
C[C>G]A	0.0002215042397414192	0.0030179713970303634	0.0006682840924608639	0.0028983886084815074	0.005430899557269273	0.01095917201920149	0.0070703078363210485	0.010313189602165205	0.0035393509402496573	0.006668189278732317	0.0036572268964359367	0.0018549601956269791	0.006068246541977937	0.0008924025567441571
C[C>G]C	0.0003119235920900631	0.002690164886848449	0.0009877753329431283	0.0048497234252550476	0.005208119793544686	0.006998182311295839	0.0085895428811552	0.006803852793448314	0.004388212174313019	0.002067519876261051	0.002865857511616904	0.0018210643282897813	0.005612559384029134	0.005452921129190566
C[C>G]G	0.00018841295687736724	0.0005890751340582352	0.0006606890704772066	0.00044657967268660993	0.002150252136856281	0.0016411769684073984	0.0011841750714583373	0.002510279314503612	0.0011348095325180885	0.0004612024834359464	0.0009147805504657988	0.00037625647765175967	0.0024292990807893836	0.0012743169417093875
C[C>G]T	0.0017833870763875389	0.0041020548132925825	0.001202384784463245	0.004213942723637644	0.004913925913081334	0.021314540665687696	0.0065290814515159236	0.009401624656604714	0.004061810690108878	0.006953903258551627	0.006754502793963899	0.0018805051115414547	0.008498378726370177	0.008826219068050619
C[C>T]A	0.04866399582048719	0.05121741483568863	0.03080626718324413	0.003940791135437277	0.012570386380792577	0.01747122771238583	0.016678215302535573	0.020026061715378234	0.007874360270266131	0.022512961844285747	0.006734103209540687	0.00916791271040191	0.017319836279195897	0.019995973356505766
C[C>T]C	0.06944526703987043	0.03720824731287004	0.1783516165007285	0.003309243187462102	0.0004995283565970482	0.0036965591915872195	0.10301046883219739	0.013127559939016313	0.003082195564866881	0.002347203491728698	0.003764151338345722	0.0030014792479423147	0.002326596253558724	0.001029907108592846
C[C>T]G	0.010035509561035317	0.01029833528169727	0.006072607098737151	0.012178129662521709	0.03920037913279824	0.015363880648166586	0.00703210435548195	0.009900001953555726	0.03340467346020854	0.007645732558568147	0.010699461568377512	0.01119294250508592	0.023602256039681704	0.00817112427530044
C[C>T]T	0.04272391539164095	0.06603245762855493	0.10028590661912887	0.0009428592119599468	0.004221572463583162	0.010757475182941099	0.05373813409042711	0.03684588772501304	0.004550925911658272	0.012223791876650427	0.006170467447049376	0.0012797130118886858	0.005098997660198265	0.006123190158479693
C[T>A]A	0.0020762876575762383	0.0031594427654134333	0.0062492856195366635	0.0011623060193714258	0.002184443152859689	0.0009980997435287923	0.019966959142723482	0.00248862618235954	0.004574840504546833	0.004040439376036706	0.006130812131258132	0.003859697702167341	0.0018875249360831195	0.0017772346447145768
C[T>A]C	0.0002974543699694172	0.00313495586704329	0.0044242210672621315	0.002462418725083199	0.006053719105094445	0.002296857787939933	0.01417203051966051	0.005403579137731887	0.002424048609716451	0.006093458105622554	0.011269354330410339	0.0025965210641192083	0.004089578517258872	0.0027568830262446027
C[T>A]G	0.0021140277245028432	0.005759903742382562	0.0065579862231963095	0.002196538697365779	0.003308962434764572	0.0004517900891278709	0.014876571327705292	0.006537485310834145	0.0012315370241159252	0.006913063662185964	0.010001268117229508	0.0026107392903654382	0.0019377281819232164	0.0029208875541857694
C[T>A]T	0.0011728851108767672	0.0036306956979064707	0.0063102611836841705	0.0032357990201627882	0.003775425674093721	0.0003899297101098696	0.02920729539411961	0.008664942324737692	0.0041155669394067505	0.0071212408637838735	0.019146891657201487	0.0001720515147922877	0.003942992606722607	0.006263199171639602
C[T>C]A	0.003053908451334238	0.0050250019755128045	0.001966415027013228	0.0042033176168334435	0.008482285208179185	0.004779795083157323	0.015398912970136035	0.00567332377108484	0.00875202229781482	0.003448862003211317	0.004137571955282934	0.01577965047170514	0.013419218584152673	0.0080373683619273
C[T>C]C	0.0009984083092306976	0.0059719573306134975	0.0027699776960535367	0.002985182343261419	0.0023606227074498966	0.004631954669983018	0.023503752546526	0.005566220826858631	0.02160285666314095	0.004293725925783617	0.02261745866283441	0.035362927596912785	0.013886936100582782	0.01416432061284843
C[T>C]G	0.000893036233531364	0.0039061135329830007	0.0027841937912302253	0.00688210532939072	0.007604752929018796	0.003910924351604991	0.010715992757449385	0.007148997197314594	0.007798297180308655	0.007548315115786906	0.011515777150904707	0.06480563341944105	0.011113384134401268	0.0036076231441531732
C[T>C]T	0.0035982726197751587	0.00974195078972634	0.0031697407524115912	0.0034906202753971546	0.003861999315961613	0.005671803404685356	0.021508445764245977	0.012275260831110465	0.0046096263339087005	0.01706916272364643	0.048056463117060556	0.004938803283304217	0.01369644788737579	0.004558014134717562
C[T>G]A	0.000981632036662895	0.0016207790938250627	0.000920757199258151	0.002480559348348912	0.0012143305966668026	0.0009297294914309275	0.0018126498340713631	0.002165901856746081	0.003832038457941694	0.004062323947833509	0.0029556044034258653	0.005571532701580388	0.004888294093569957	0.0071171902824418735
C[T>G]C	0.00032002304148907103	0.002379060211406978	0.0005450781702271777	0.0017208895435392422	0.001353438893478711	0.0008368073455587916	0.002547870519247458	0.0026256571170934807	0.0021464339754407947	0.0003732832435312715	0.008756085243347244	0.003992608199582229	0.005796100652454514	0.005372955084811674
C[T>G]G	0.0015080966702564736	0.010089463856151438	0.001660451227840482	0.0016948285730350205	0.0016549881176413203	0.00390959456922885	0.005439517586141258	0.016102456583327814	0.0036599229345417026	0.025615897483326776	0.0057689360884200305	0.004645443658829885	0.0023929021959394115	0.0023778431671576668
C[T>G]T	0.0012796426558842403	0.0038212594760799953	0.0007145144035299014	0.0019795772556254507	0.0025218607405118353	0.001971608204166508	0.007497541643815277	0.004502630324583875	0.005061565184889511	0.0005758683694515573	0.13146985833168603	0.00292558064676105	0.0027926427151653416	0.002947510575989836
G[C>A]A	0.001143027502228759	0.007755842707824405	0.0027906027059734226	0.013428911678170653	0.014701071798473556	0.0039601777487762255	0.006908584119618839	0.027235205043342765	0.002800992110945747	0.004525914389119099	0.0025252237256752227	0.0012208022436300118	0.0066035763437717904	0.004377537794890873
G[C>A]C	0.0012573147563280608	0.0021883488402432293	0.008079868977734956	0.007579532613589765	0.005046701707086878	0.0035104772218734915	0.013461136000835781	0.005876252410544517	0.0057748268875756105	0.004760264577601762	0.010080317340059397	0.0014016263859081568	0.004455568436148932	0.004857577773941498
G[C>A]G	1.2135023120949662e-05	0.0005988243894193748	2.9037093010723882e-05	0.000989840802797216	0.0017866993962764221	0.0014422856310542338	0.00023413883356613647	0.0031041821241188598	0.0006549157727887916	0.001514427019590765	0.00043909907303238204	0.00011037893513449373	0.0010774890501012476	0.0004218698833048701
G[C>A]T	0.0007599030158522661	0.005371058662985717	0.003222095043754874	0.007445191328428196	0.011501487248698183	0.005056058040280167	0.00300336800624229	0.018361866959866618	0.006277873993502467	0.002139472566229168	0.0033938287465241144	0.0017886917222098534	0.009989603406515613	0.0026509933844611217
G[C>G]A	4.161899092718481e-05	0.0017987286662763716	0.00045171338778905295	0.00158584826621005	0.00921291965982839	0.003865781902322932	0.009671540302716379	0.006345936368621027	0.002753514271238812	0.005066247743498384	0.002757797187874399	0.0021175784844965173	0.006151613487672643	0.0025290476816351333
G[C>G]C	0.003127066118442739	0.0010181880779381335	0.0020930122176798733	7.687145741810192e-05	0.003940536153614637	0.003545984126133199	0.013047171371317287	0.006405459340342304	0.01333641408925379	0.00029413026576277	0.0013236445755146948	0.0022095411015510226	0.002800662458179421	0.014749871242298013
G[C>G]G	0.00042282372569228997	0.0004622515952909265	1.6096539881748295e-05	0.001311709471991589	0.0001902598346004487	0.0005451733458330326	6.057052452501176e-05	0.0012040958717383084	0.0008594120767918094	8.004582359909612e-05	0.0005888372367590567	0.0006369812053616425	0.0009056066473723486	0.0009378860604099106
G[C>G]T	0.0012803455895611432	0.0026519776743472215	0.0012322231689991922	0.0025657874039443852	0.009649988651399792	0.009518334470206117	0.005184140432726274	0.006680982954223448	0.004077666736426428	0.0013345768647724534	0.00583520381410384	0.0016522499661373185	0.005099897915362467	0.0035775735761064908
G[C>T]A	0.0028102927559364482	0.010429806074641034	0.01015332914866007	0.0039338647715364255	0.031927281533844484	0.021186375494126036	0.018017592674726617	0.013179228354517377	0.016879320041716488	0.00504917930294184	0.006134979608900399	0.006340329840426043	0.011312358530674789	0.011617104066755327
G[C>T]C	0.020990817388692788	0.006076859015964382	0.011501264276026064	0.0037337482191031747	0.02548415380703186	0.010890034801068581	0.011319153114332726	0.011252189375198141	0.03533467100678	0.0033335975619223817	0.006810583085606812	0.0018672833393800147	0.008111446253654982	0.004940784963312249
G[C>T]G	0.003956275747216444	0.007643519954062379	0.003913895723328705	0.02675771423413952	0.05247482424732618	0.011011383974732173	0.005780729785441018	0.010090812266504098	0.08101573301298967	0.023978625644284334	0.012119334063297366	0.011852587341088303	0.021971686847001824	0.0050204636426465455
G[C>T]T	0.013392628545500107	0.018990634974683368	0.011185006035852959	0.006681318049127935	0.01612609452662994	0.010664578988564202	0.005909027925506508	0.008801612104542347	0.01655036846740468	0.01064825453558512	0.013628494188272007	0.004898111899763661	0.01905286874069265	0.010297016219613432
G[T>A]A	0.0011670829812030806	0.002487582578295819	0.00027805501163626176	0.002259094675063253	0.0035429377458691433	0.0003820921261090674	0.0044679188759689575	0.0019510772571375145	0.0021343125331539335	0.005059125876143399	0.005348466494247037	0.001223173077264556	0.002470446785119911	0.001456618749217774
G[T>A]C	0.0002787147076713765	0.0014835001950571395	0.0019440867268323276	0.002786159117585603	0.0027767024778327203	0.0022191658628134023	0.001736622676104818	0.0023017830878854315	0.001196231454949218	0.0019001153255650046	0.005827954405097651	0.0005413656039465948	0.002551243696229939	0.005524980365236137
G[T>A]G	0.0012454801978257332	0.0018140230263092244	0.001159496293889275	0.0027184336259868836	0.0025280374194169503	0.001991525122793052	0.0016872351864386436	0.004864504034816565	0.0020067598805510764	0.008040000662854367	0.0051252241069077885	0.0020969662549765143	0.006461646575679737	0.002697886412471914
G[T>A]T	0.0011143459930873267	0.003329624628355499	0.001024424950382442	0.002464201373236135	0.0023266903860990995	0.0014968221528585243	0.003312815424359231	0.004514186884971163	0.003090854483990311	0.005236403407518964	0.006276761539374995	0.001913899392852314	0.0037164403915298694	0.006490418118154913
G[T>C]A	0.0024037504607263786	0.004621664317053145	0.0022419502461850202	0.003970538395230572	0.01335047021424083	0.009363464606566589	0.006809580769957206	0.0056295080356075135	0.020452646185613058	0.014778463110234724	0.00993867119538411	0.0037683361102940293	0.019911505939567503	0.015721145558714344
G[T>C]C	0.0011490969825087077	0.002099531355368371	0.002477335253022477	0.0018617194320602764	0.00668740558632961	0.0005048833694662081	0.018178752303586284	0.0026094661003887402	0.04176670994424735	0.00756286806608257	0.007374190817265534	0.0015824330086460742	0.018792747444007146	0.011291699209689067
G[T>C]G	0.0018037494404843303	0.0003578279532482847	0.001941583745008375	0.001852129838645778	0.008221034521155093	7.376298510016635e-05	0.005524482888733379	0.0019221035084644967	0.008976343273006027	0.0020860035877736265	0.00740159129792341	0.20988347963081458	0.020798082859789114	0.008286378011491636
G[T>C]T	0.029355471016083035	0.002003233000708845	0.0036914346473227444	0.006339530616200209	0.015380476051827262	0.0020233934457493533	0.005163661230845851	0.005332024865986783	0.015923568660811897	0.08670338971310752	0.014904988474814869	0.004506439553598495	0.023839257635662865	0.012511145327498238
G[T>G]A	0.0005252258925036016	0.0017833812846572625	0.0006867940065513969	8.652601037806171e-05	0.0008900184584715489	0.0012374221450854013	0.0008308327430714129	0.0017730991539850738	0.001742031371592501	0.0039828605222623084	0.003168105202511048	0.0009608030720994387	0.0019097275671280704	0.00673137817460241
G[T>G]C	0.00018603541835961784	0.0009834638856232934	0.0010131068180772404	0.0012488934928853333	0.0009304881642306563	0.0008693346102361945	0.001447950258789046	0.00042574880238843336	0.0024642263123979226	0.001574420004192264	0.0017282023275988045	0.0008272506699681327	0.003130043216427434	0.01059505235394029
G[T>G]G	0.010431673553198077	0.006923468290643631	0.0007976406284097158	0.0012176902555902235	0.0009413310264207533	0.0038322895554455173	0.0006601195723178086	0.006912745078864045	0.002323753779175644	0.07055142461342132	0.004943628796978895	0.020823308831786378	0.005408907211671761	0.008232888475996777
G[T>G]T	0.0005762287449059536	0.0031327621640426253	0.0011552832275230106	0.0004874442244028083	0.0008797674225644241	0.0021066342901713284	0.002744824461688401	0.005504213127513664	0.01430509216831653	0.007034629315327824	0.032178004497416736	0.0003197265547395778	0.005297271443037227	0.005234483653869244
T[C>A]A	0.006343584448115849	0.006957418638694259	0.0025514878783503077	0.0105357221320445	0.024726681404566214	0.03455711800755127	0.007409336369996367	0.03250838531439886	0.007393776815609922	0.003959582606921265	0.004800571820012594	0.003591061905832259	0.011977979628489534	0.025272640110741814
T[C>A]C	0.0007920710567535046	0.006484878280451329	0.010062255810332108	0.009008137252874028	0.016252197137603414	0.028948413514240847	0.011186039134324748	0.01573977272930698	0.004760547315785812	0.013258143761492494	0.0029840305044017456	0.0021835397472673205	0.009797862796306572	0.00406681878100226
T[C>A]G	0.00041578416743915574	0.0005287911626576699	0.0004749615947575714	0.0015373794335684443	0.0037055608349574475	0.0004686492514661077	8.173266678962578e-05	0.0026915303095917677	0.0011274714369855694	0.0019234532481474088	0.002183656103842206	0.0007502191202905693	0.0025434987231851636	0.001409978431336104
T[C>A]T	0.007702471211933583	0.006850348806691145	0.007148213827044688	0.02813010843375649	0.0422341090720358	0.03945925721531748	0.01017997086690315	0.044832328364210666	0.023614666350037915	0.0012413275545486975	0.008399205646970678	0.007187843529786804	0.018931725856953057	0.01805633459664774
T[C>G]A	0.0019387023777628326	0.008720084410822164	0.0009120607525943043	0.004085978653460441	0.013971821055634994	0.09070756468999351	0.005354459756613444	0.02081651019584305	0.01184156270186224	0.011677987613913508	0.0010295196149721268	0.0010142114945585008	0.00900690572522718	0.00781419375586671
T[C>G]C	0.0028481204062616523	0.0011479390536616382	0.0022535219142923515	0.006700420940783405	0.004663840335130025	0.03550683817448429	0.009006580754877787	0.010082231525814148	0.00620556752270666	0.011458455453107239	0.005187414846718558	0.0025864273807874225	0.008943204861017736	0.003648165266017075
T[C>G]G	0.00041871811308462006	0.0002648697575203774	0.00016932346533051306	2.677176808000399e-05	0.0014165499242944554	0.002317169194166178	0.0005286642187732095	0.0007967912885612871	0.002892697093401445	0.0014780338231784854	0.0017046919131374603	0.0007209161475162545	0.0007758690171205203	9.941743511311297e-05
T[C>G]T	0.0061492517959033	0.007820056754245595	0.004254218974208644	0.01454278246905732	0.013693096194947685	0.14585759667657386	0.009405636192441754	0.029143507972741626	0.013864411185900045	0.028180381265949038	0.009796590035357891	0.0010456158310850761	0.011917561005143788	0.020515996912304667
T[C>T]A	0.1181130961302857	0.1563385424445437	0.03026426128387556	0.002353957350898599	0.017709503644456455	0.09670526412646352	0.0063791308634941896	0.019310623407515458	0.01254006448514349	0.02276679839422588	0.006346075544820611	0.0019192697660076966	0.02141943954355762	0.016242426258926558
T[C>T]C	0.2797670398943826	0.06889792044689423	0.09474588429116904	0.0060548360264430345	0.006190425169567727	0.014267892699995798	0.003063155559236504	0.04403218206558981	0.0030116111499988384	0.03468703861524436	0.004385029691364614	0.0012758979460903725	0.010781769878488796	0.008123689740187495
T[C>T]G	0.06432808095455847	0.022419979232642745	0.002037238829066336	0.011058896757502372	0.017998360577010628	0.0051689162604614015	0.0018531094811171161	0.01655719265420332	0.022517898342056877	0.027808942842140007	0.0014834300905978857	0.008779116788907871	0.015566741265202499	0.003845772928856319
T[C>T]T	0.07505469132377138	0.11941829930574888	0.08452995310095682	0.005849139717118198	0.016579213936598183	0.07603457701349864	0.0018674079450416554	0.028764222228907302	0.01677876790979558	0.027250183620732296	0.013711924533025452	0.0032844610934617863	0.01754804365713176	0.012415385305942831
T[T>A]A	0.00503175506705132	0.006719707645691031	0.0018307098447841901	0.009358537529310002	0.012774543347370696	0.0026697155378733336	0.00812011955709685	0.009352847859361624	0.016270122029134658	0.003462767296067682	0.01940930302811385	0.0028049582801679216	0.05853560200804644	0.05196349404456322
T[T>A]C	0.0008152650082910465	0.005257236639847708	0.001077963857637128	0.0011767564192960893	0.005888520829069779	0.0016370839238326613	0.0025181100146220024	0.007428048263444932	0.005709143515587104	0.004153258546448007	0.003966758203895072	0.0017444679312564406	0.007370784596136833	0.007103419223973559
T[T>A]G	0.0019514931403125336	0.0076588175342805756	0.0008723639937591958	0.0012791711766418717	0.002602872324802521	0.00014373730276448976	0.0036470925643740473	0.004946709903836886	0.005146394140706562	0.004026817266218495	0.00425338861045527	0.0010449986556255446	0.0022496445115064057	0.005232982432405375
T[T>A]T	0.004387163313622497	0.022412763583106687	0.0015836695584692047	0.004075199423993171	0.003069899163390133	0.0026829473399594115	0.008123870769995257	0.012742029342095545	0.006343806891175568	0.018676887093539755	0.013046292243740808	0.0023019192482449757	0.015649395709148875	0.021444945560763626
T[T>C]A	0.00859557001485955	0.01068045091009405	0.0011032385429741683	0.008917691186529709	0.00621501867611569	0.0023060448282888994	0.009281527114272325	0.018393091738853146	0.015485914622178807	0.021214912390354033	0.011032348341135504	0.004982745009210183	0.017033911728043322	0.016908786679283618
T[T>C]C	0.003264932475447486	0.010984685724667253	0.0005341382561508254	0.005602855038614722	0.005589391069484024	0.006480521098705351	0.021392865250164702	0.009354060540258266	0.04887083104320962	0.002249878716046004	0.0061140329291753835	0.003997337507245688	0.013410342755947454	0.012065879267706891
T[T>C]G	0.002436134807913051	0.006256239353666844	0.00016634652221305274	0.003200772660911056	0.001015351655630711	0.0036613396349434424	0.0036756605524249104	0.005992967826684986	0.002729241515471573	0.002463626823005603	0.002079660048839354	0.27852559575098845	0.0013887677454572601	0.0010981532975513379
T[T>C]T	0.007308975365358702	0.012454396695150092	0.000730621365785281	0.010022379305181345	0.010215851485899232	0.006014897419297196	0.00919685966622704	0.020061591405182398	0.019442430182930237	0.020811286968138522	0.01366520678604354	0.004694686125556629	0.0283916553808978	0.02263471561631664
T[T>G]A	0.0017047064525209663	0.005558466547453793	0.0007086467375502346	0.0028650473404500812	0.0007444676267293178	0.0015984634947944602	0.004401199486860819	0.005598373336105649	0.01209109272815514	0.004826824191243614	0.0038892426037773894	0.0017487293531259474	0.0029325693860621435	0.04015109789836325
T[T>G]C	0.0006961043708823515	0.0020399646036607616	0.0003730096763739148	0.00010426240402040482	0.002120966692528623	0.0004800700448353479	0.001856118936669317	0.004535459596296247	0.005460981442184871	0.002541176137424685	0.0030160449364207463	0.001541364072887993	0.0038069121284399336	0.012166097341900616
T[T>G]G	0.0013177809443708723	0.010288157027425755	0.0013356291283939462	0.0009386518032677418	0.0032951409599832264	0.004586802799800552	0.005981950153360088	0.008706382845852676	0.002312695795774745	0.014773324866208122	0.006109567603045799	0.0009743111919455563	0.006760269834476359	0.012228606859946773
T[T>G]T	0.0021417184778584975	0.009549476981957742	0.0014555076421726044	0.002185487500452206	0.006371247898239576	0.005395905973431154	0.0057150912634893	0.014724837658327371	0.01520658934975392	0.0029334192891142773	0.04094569975700763	0.0026359019751435115	0.018707791252651377	0.0425904274935254
