MutationType	DBS78A	DBS78B	DBS78C	DBS78D	DBS78E	DBS78F	DBS78G
AC>CA	5.03E-04	6.96E-05	8.64E-04	2.90E-04	6.24E-05	4.48E-09	5.04E-04
AC>CG	2.70E-04	4.57E-05	1.02E-04	5.07E-08	2.25E-08	3.00E-09	3.61E-05
AC>CT	5.83E-04	1.35E-04	5.38E-04	1.88E-04	2.97E-05	5.43E-09	9.76E-04
AC>GA	1.10E-03	4.89E-05	5.95E-04	3.38E-04	5.10E-05	4.56E-09	4.97E-04
AC>GG	3.19E-04	4.95E-05	1.14E-04	4.82E-08	2.17E-08	3.08E-09	3.79E-05
AC>GT	2.88E-04	1.30E-04	4.77E-04	4.57E-05	1.52E-04	1.43E-04	3.48E-04
AC>TA	3.90E-04	1.60E-04	3.42E-04	1.95E-04	1.64E-04	1.42E-04	5.01E-04
AC>TG	8.24E-08	8.35E-09	7.73E-08	4.86E-08	2.29E-08	2.53E-09	6.83E-08
AC>TT	8.11E-04	2.19E-04	1.06E-03	4.85E-04	1.92E-05	4.83E-09	1.01E-03
AT>CA	2.08E-04	3.58E-05	2.51E-04	1.17E-04	1.95E-05	2.66E-09	2.94E-04
AT>CC	5.02E-05	4.39E-05	8.49E-05	2.42E-05	2.31E-08	2.78E-09	1.36E-04
AT>CG	8.24E-08	8.35E-09	7.73E-08	4.86E-08	2.29E-08	2.53E-09	6.83E-08
AT>GA	5.07E-04	3.97E-05	3.57E-04	6.42E-04	4.13E-05	5.10E-09	5.27E-04
AT>GC	2.40E-04	5.04E-05	1.82E-04	4.23E-05	1.15E-05	1.23E-04	2.86E-04
AT>TA	8.11E-04	6.98E-05	5.53E-04	6.68E-04	2.67E-04	5.92E-09	6.00E-04
CC>AA	2.15E-03	1.59E-04	2.02E-03	1.39E-03	1.24E-03	6.02E-04	1.83E-03
CC>AG	7.98E-04	1.09E-04	6.41E-04	2.96E-04	3.68E-04	3.10E-04	9.32E-04
CC>AT	1.71E-03	1.70E-04	1.55E-03	1.07E-03	6.99E-04	2.08E-04	2.35E-03
CC>GA	5.97E-04	2.57E-05	6.53E-04	2.37E-04	2.76E-04	5.94E-09	5.53E-04
CC>GG	6.90E-04	8.43E-05	2.94E-04	3.05E-05	1.40E-04	9.94E-06	1.57E-04
CC>GT	9.80E-04	1.90E-04	9.23E-04	5.28E-04	2.23E-04	4.81E-09	1.11E-03
CC>TA	4.40E-03	2.58E-04	7.69E-04	2.46E-04	6.75E-04	1.49E-04	9.82E-04
CC>TG	1.26E-03	1.25E-04	8.90E-04	6.72E-04	1.18E-05	1.37E-04	1.12E-03
CC>TT	2.62E-03	1.36E-03	1.56E-03	4.51E-03	1.76E-03	1.49E-04	1.09E-03
CG>AT	1.81E-04	1.31E-08	1.38E-04	2.57E-04	4.94E-06	1.30E-04	1.75E-04
CG>GC	8.24E-08	8.35E-09	7.73E-08	4.86E-08	2.29E-08	2.53E-09	6.83E-08
CG>GT	8.80E-08	1.60E-08	8.06E-08	4.82E-08	2.58E-08	1.19E-04	7.08E-08
CG>TA	8.24E-08	8.35E-09	7.73E-08	4.86E-08	2.29E-08	2.53E-09	6.83E-08
CG>TC	3.90E-04	4.16E-05	2.58E-04	1.20E-04	3.99E-05	1.36E-04	1.71E-04
CG>TT	1.68E-05	1.78E-08	2.87E-05	2.02E-04	2.19E-08	2.09E-09	2.37E-05
CT>AA	3.60E-04	1.56E-05	3.22E-04	7.42E-05	8.76E-04	3.10E-04	5.21E-04
CT>AC	7.37E-05	2.56E-05	7.41E-05	3.35E-08	1.12E-03	1.21E-03	5.33E-06
CT>AG	2.00E-04	3.13E-05	2.03E-04	1.24E-04	4.20E-04	4.59E-09	3.11E-04
CT>GA	1.14E-04	6.06E-09	2.02E-04	3.82E-05	3.02E-04	2.63E-09	8.39E-05
CT>GC	5.74E-05	4.29E-05	5.64E-05	1.58E-05	1.34E-04	2.56E-09	1.53E-04
CT>GG	4.52E-04	2.38E-05	5.18E-04	2.39E-04	2.66E-05	3.80E-09	4.88E-04
CT>TA	7.19E-04	5.28E-09	7.15E-04	8.56E-04	3.09E-04	5.07E-09	2.88E-04
CT>TC	6.61E-04	1.05E-04	6.24E-04	8.71E-04	2.73E-04	5.06E-09	8.88E-04
CT>TG	1.80E-04	1.04E-04	1.90E-04	3.72E-04	2.20E-04	3.74E-09	2.11E-04
GC>AA	2.81E-03	2.50E-04	3.48E-03	9.44E-04	5.44E-04	1.40E-04	1.70E-03
GC>AG	1.28E-03	7.11E-05	1.19E-03	3.80E-04	2.94E-04	2.77E-04	8.08E-04
GC>AT	5.76E-04	2.78E-05	1.11E-03	1.57E-04	3.45E-04	5.02E-09	5.13E-04
GC>CA	7.04E-04	1.91E-05	6.71E-04	5.11E-04	2.09E-04	2.07E-04	3.77E-04
GC>CG	8.24E-08	8.35E-09	7.73E-08	4.86E-08	2.29E-08	2.53E-09	6.83E-08
GC>TA	4.45E-04	6.01E-06	4.17E-04	3.73E-04	1.66E-04	1.29E-04	2.38E-04
TA>AT	5.84E-04	7.23E-05	7.53E-04	3.18E-04	3.44E-05	1.24E-04	5.13E-04
TA>CG	1.38E-05	1.42E-06	1.14E-05	2.06E-04	2.18E-08	2.15E-09	2.48E-05
TA>CT	6.11E-04	1.08E-04	8.06E-04	3.28E-04	4.77E-05	1.19E-04	5.51E-04
TA>GC	8.24E-08	8.35E-09	7.73E-08	4.86E-08	2.29E-08	2.53E-09	6.83E-08
TA>GG	8.24E-08	8.35E-09	7.73E-08	4.86E-08	2.29E-08	2.53E-09	6.83E-08
TA>GT	7.95E-05	8.82E-05	1.00E-04	1.75E-04	1.59E-08	3.24E-09	2.01E-04
TC>AA	1.78E-03	1.88E-05	3.10E-03	2.06E-04	1.30E-03	2.96E-04	1.40E-03
TC>AG	1.20E-03	3.06E-05	1.18E-03	1.80E-04	5.03E-04	5.34E-09	1.00E-03
TC>AT	2.22E-03	1.55E-04	1.30E-03	1.09E-03	7.30E-04	2.49E-09	1.13E-03
TC>CA	8.69E-04	5.61E-05	7.65E-04	7.45E-04	2.15E-04	4.96E-09	8.17E-04
TC>CG	2.42E-04	3.28E-06	1.95E-04	5.04E-05	1.60E-05	1.21E-04	1.71E-04
TC>CT	7.74E-04	1.30E-04	1.39E-03	6.26E-04	2.53E-04	1.36E-04	9.05E-04
TC>GA	4.80E-04	2.98E-05	3.81E-04	2.37E-04	2.33E-04	1.52E-04	4.43E-04
TC>GG	3.13E-04	3.79E-05	2.45E-04	5.78E-05	3.85E-05	3.22E-09	2.13E-04
TC>GT	8.59E-04	1.11E-04	8.68E-04	4.15E-04	2.19E-04	1.44E-04	7.05E-04
TG>AA	1.96E-04	1.19E-04	2.27E-04	3.15E-04	3.41E-04	1.45E-04	2.84E-04
TG>AC	3.27E-04	9.89E-05	2.08E-04	3.36E-04	1.71E-05	3.76E-09	1.59E-04
TG>AT	7.32E-04	2.06E-04	6.57E-04	1.40E-03	2.24E-04	3.88E-04	9.37E-04
TG>CA	3.61E-04	1.49E-04	2.66E-04	3.45E-04	5.67E-06	4.38E-09	4.43E-04
TG>CC	1.64E-04	5.34E-05	2.51E-04	2.56E-04	2.88E-08	1.77E-04	2.68E-04
TG>CT	1.12E-03	1.18E-04	1.99E-03	1.58E-03	7.02E-04	2.01E-04	1.36E-03
TG>GA	1.97E-04	5.83E-05	1.27E-04	3.47E-04	1.45E-05	3.37E-09	2.64E-04
TG>GC	1.99E-05	1.84E-08	1.84E-05	2.07E-04	2.14E-08	2.14E-09	1.79E-05
TG>GT	1.64E-03	4.88E-05	1.48E-03	5.66E-04	1.16E-03	8.97E-04	1.80E-03
TT>AA	9.93E-04	1.65E-04	4.96E-04	7.61E-04	2.99E-04	1.51E-04	2.83E-04
TT>AC	4.40E-04	4.76E-05	4.88E-04	1.57E-04	6.75E-05	5.70E-09	6.17E-04
TT>AG	2.36E-04	1.13E-05	2.63E-04	3.00E-04	1.75E-04	9.95E-06	3.07E-04
TT>CA	4.09E-04	1.32E-04	6.61E-04	2.64E-04	3.90E-05	4.99E-09	8.02E-04
TT>CC	5.56E-04	1.24E-04	5.05E-04	4.74E-04	4.73E-05	7.67E-09	7.92E-04
TT>CG	5.93E-05	6.36E-05	5.71E-05	2.97E-04	1.50E-08	3.07E-09	8.89E-05
TT>GA	2.86E-04	5.55E-05	4.46E-04	4.52E-04	2.65E-05	1.20E-04	2.67E-04
TT>GC	2.31E-05	2.38E-08	1.76E-05	1.95E-04	2.15E-08	2.11E-09	1.58E-05
TT>GG	3.19E-04	8.44E-09	1.05E-04	1.13E-04	2.32E-04	2.13E-09	1.09E-04
