Iteration	L1	L1 %	L2	L2 %	KL Divergence
1	15.576	94.194	4.5	58.701	0.97
2	14.299	88.414	3.857	53.892	0.917
3	14.309	93.308	3.89	56.134	0.959
4	15.367	96.392	4.271	57.69	0.994
5	14.19	93.79	3.878	56.968	0.956
6	13.973	85.232	3.861	51.817	0.873
7	15.461	90.75	4.314	55.495	0.892
8	15.113	88.778	4.423	55.601	0.9
9	14.286	90.601	3.921	55.057	0.945
10	14.89	96.958	4.129	59.815	0.99
11	14.817	88.867	4.149	54.609	0.864
12	13.735	89.548	3.749	54.67	0.934
13	14.033	92.307	3.88	56.269	0.941
14	14.215	93.744	3.9	57.152	0.979
15	14.585	89.015	3.962	54.907	0.925
16	14.518	90.945	4.239	57.539	0.951
17	14.769	90.342	4.016	53.875	0.914
18	15.022	92.38	4.25	56.764	0.951
19	13.686	95.86	3.76	57.359	1.014
20	15.372	99.352	4.265	59.926	1.017
21	14.765	96.266	4.048	59.69	1.022
22	14.67	91.894	4.148	56.123	0.933
23	14.417	90.575	3.915	56.688	0.909
24	14.616	93.905	4.066	58.461	0.976
25	14.332	94.458	4.201	59.564	1.015
26	14.86	92.414	4.052	56.805	0.962
27	14.263	91.933	3.785	55.014	0.95
28	14.74	93.781	3.965	56.493	0.913
29	14.716	96.556	4.348	59.856	1.001
30	15.313	95.3	4.2	57.349	0.973
31	14.071	91.242	4.0	56.26	0.937
32	15.006	93.391	3.964	56.468	0.925
33	14.768	89.5	4.047	55.173	0.889
34	14.255	92.227	3.905	57.285	0.936
35	14.122	90.653	3.745	55.632	0.928
36	13.281	88.464	3.806	55.956	0.921
37	14.772	94.061	4.052	57.751	0.987
38	14.039	94.047	3.859	58.452	0.988
39	14.429	94.404	4.012	57.981	0.935
40	14.578	97.282	4.074	60.851	1.058
41	14.152	91.147	3.812	55.938	0.934
42	14.399	91.08	4.259	55.607	0.929
43	15.137	95.491	4.228	58.421	0.985
44	13.844	89.249	3.752	54.077	0.922
45	15.108	94.482	4.065	57.362	0.955
46	13.726	89.846	3.636	54.833	0.92
47	15.495	93.554	4.194	57.579	0.973
48	14.817	98.642	3.932	59.27	1.026
49	14.278	93.526	4.032	58.202	0.913
50	14.126	93.98	3.844	57.164	0.963
51	14.483	92.874	4.059	56.86	0.937
52	14.524	90.884	4.012	55.962	0.924
53	15.912	100.777	4.402	59.662	1.049
54	14.645	91.201	4.012	55.871	0.933
55	14.34	91.31	4.138	56.029	0.898
56	14.272	95.147	3.869	57.033	0.973
57	14.917	97.533	4.134	60.747	0.994
58	15.421	96.232	4.24	60.44	0.965
59	14.242	91.562	3.897	56.331	0.935
60	14.254	89.025	3.88	52.446	0.911
61	14.92	92.185	4.209	57.604	0.974
62	14.476	94.197	4.051	57.838	1.015
63	14.355	89.765	3.994	54.322	0.867
64	14.592	92.517	4.044	58.586	0.959
65	15.367	98.795	4.15	59.48	0.992
66	14.022	91.174	3.968	56.09	0.955
67	15.352	97.434	4.38	58.893	0.997
68	15.372	97.041	4.137	58.769	0.977
69	15.509	99.83	4.224	59.739	1.06
70	14.393	93.639	3.877	58.182	0.987
71	14.038	93.459	3.918	57.09	0.967
72	14.494	91.755	3.851	55.307	0.947
73	15.105	100.581	4.056	58.336	1.048
74	15.619	95.375	4.429	58.459	0.977
75	13.809	90.077	3.82	55.176	0.946
76	14.645	95.146	4.095	57.782	0.991
77	14.499	94.004	4.044	56.325	1.003
78	16.203	97.977	4.319	58.966	0.997
79	14.534	93.158	3.943	56.756	0.98
80	14.47	92.185	3.899	55.867	0.995
81	16.213	96.274	4.508	58.748	0.983
82	15.772	96.811	4.193	58.113	0.973
83	15.852	98.027	4.381	60.539	0.994
84	14.223	93.445	3.971	57.1	0.962
85	15.468	90.941	4.131	55.755	0.906
86	14.958	93.683	4.087	56.4	0.962
87	14.46	90.727	3.827	55.532	0.937
88	14.462	97.015	3.851	58.194	1.012
89	14.005	94.355	3.788	58.358	0.976
90	15.208	96.604	4.218	59.571	1.009
91	15.314	99.693	4.351	62.76	1.051
92	14.629	93.684	3.955	57.595	0.922
93	14.833	92.855	3.874	57.691	0.997
94	14.803	94.622	4.01	57.432	0.97
95	15.002	97.717	3.989	59.016	1.026
96	15.022	93.109	4.246	56.325	0.988
97	13.705	90.376	3.839	55.433	0.939
98	14.918	101.353	3.92	61.25	1.094
99	14.815	96.15	4.178	59.754	1.009
100	14.179	93.111	3.881	56.181	0.955
101	14.42	89.548	3.877	56.312	0.931
102	14.013	87.651	3.912	53.507	0.876
103	14.711	94.124	4.106	57.212	0.981
104	14.805	90.415	4.119	56.154	0.906
105	14.172	93.448	3.823	58.187	0.95
106	15.672	95.895	4.309	58.686	0.949
107	14.501	98.082	3.998	58.319	1.02
108	14.544	96.437	3.96	57.933	0.981
109	15.151	95.136	4.101	57.431	0.964
110	14.452	93.497	3.939	57.538	0.962
111	14.547	91.486	3.92	57.427	0.928
112	13.702	89.295	3.673	54.162	0.897
113	15.555	95.574	4.218	55.71	0.969
114	16.236	95.571	4.539	56.658	0.951
115	14.819	93.274	4.127	56.56	0.905
116	14.896	99.131	4.001	58.622	1.048
117	16.293	104.796	4.582	62.772	1.092
118	14.442	92.756	4.027	55.864	0.968
119	14.993	94.795	3.969	57.587	0.927
120	13.34	91.367	3.669	55.075	0.93
121	14.183	95.796	4.004	60.164	1.005
122	13.878	92.323	3.889	54.891	0.958
123	14.935	92.654	4.136	56.748	0.943
124	14.648	98.125	4.006	59.527	0.992
125	14.746	92.158	3.937	57.234	0.922
126	14.863	91.554	3.845	56.147	0.951
127	15.541	92.646	4.177	56.464	0.933
128	13.528	85.078	3.737	52.469	0.835
129	14.66	91.903	3.982	56.12	0.927
130	13.812	87.079	3.805	53.854	0.858
131	13.996	92.805	3.901	55.827	0.979
132	15.034	100.619	4.17	61.798	1.037
133	15.518	92.173	4.172	54.196	0.952
134	14.672	97.194	3.972	58.012	1.018
135	15.033	93.807	4.001	58.679	0.98
136	13.763	88.395	3.793	53.554	0.946
137	14.002	93.491	4.024	58.085	0.982
138	13.728	89.337	3.86	55.188	0.951
139	15.083	91.032	4.034	54.157	0.938
140	14.656	94.844	4.048	59.279	1.018
141	14.845	93.854	3.972	56.577	0.99
142	15.326	90.835	4.098	55.247	0.89
143	15.382	97.322	4.499	58.668	0.996
144	15.11	95.325	4.243	59.558	0.96
145	15.366	97.056	4.312	58.997	0.982
146	14.738	91.406	4.221	56.654	0.916
147	14.084	92.37	3.765	56.586	0.967
148	15.629	97.801	4.231	58.494	1.052
149	14.76	92.986	3.882	56.087	0.94
150	15.014	89.375	4.282	54.309	0.913
151	14.568	86.862	3.885	53.623	0.854
152	14.315	94.696	3.922	57.886	0.985
153	15.285	93.889	4.206	57.629	0.955
154	13.545	91.582	3.753	55.88	0.954
155	14.284	92.197	4.063	56.747	0.966
156	16.201	96.691	4.46	58.242	0.999
157	14.657	89.756	3.929	55.358	0.914
158	15.37	94.085	4.045	58.778	0.994
159	15.277	95.865	4.349	57.697	0.971
160	16.503	98.425	4.787	59.769	1.022
161	15.282	98.689	4.141	59.711	1.017
162	14.365	91.365	3.938	54.582	0.905
163	15.51	98.688	4.295	60.19	1.036
164	14.454	89.196	4.108	55.951	0.93
165	14.44	92.535	3.973	56.38	0.923
166	15.617	96.443	4.223	58.165	0.958
167	15.829	94.077	4.711	57.551	0.919
168	14.046	92.177	3.918	56.134	0.98
169	14.718	94.611	4.041	58.902	1.011
170	13.597	88.966	3.7	53.402	0.941
171	15.066	99.774	4.122	59.492	1.031
172	14.291	87.247	3.899	53.134	0.905
173	15.338	93.076	4.241	58.056	0.928
174	15.446	97.129	4.357	58.69	0.993
175	14.473	102.1	3.926	61.144	1.075
176	13.907	86.743	3.958	53.505	0.88
177	15.037	95.25	4.109	58.57	0.935
178	14.85	94.969	4.153	59.804	0.992
179	14.384	98.054	3.866	59.35	1.031
180	14.616	96.261	4.071	59.781	1.015
181	14.881	90.743	3.931	55.266	0.942
182	13.807	87.611	3.756	52.402	0.934
183	14.566	90.486	4.055	55.599	0.932
184	15.542	94.777	4.484	59.085	0.972
185	15.248	100.786	4.259	60.108	1.044
186	14.52	91.835	3.896	56.983	0.962
187	15.168	96.105	4.241	58.601	1.024
188	14.542	90.777	4.237	56.337	0.953
189	15.246	95.934	4.09	57.593	0.974
190	15.702	98.247	4.313	59.28	0.981
191	14.577	92.87	3.998	56.818	0.953
192	14.879	93.674	3.912	56.976	0.963
193	14.758	95.188	4.056	58.411	0.971
194	15.415	93.963	4.228	55.872	0.952
195	15.421	95.774	4.298	58.066	0.956
196	14.697	92.154	4.029	55.47	0.956
197	14.5	94.209	4.054	57.581	0.938
198	15.287	93.279	4.333	57.25	0.949
199	14.464	85.468	3.934	53.236	0.847
200	14.673	91.499	4.004	57.104	0.946
201	14.932	92.02	4.297	57.085	0.976
202	14.217	87.62	3.934	54.61	0.868
203	14.569	91.821	3.911	55.573	0.961
204	15.004	93.9	4.349	57.476	0.981
205	14.377	88.526	4.093	53.763	0.872
206	15.608	90.706	4.25	54.248	0.913
207	15.169	98.278	4.033	58.853	1.016
208	14.904	93.446	4.013	56.334	0.957
209	14.189	89.966	3.865	56.006	0.874
210	13.758	91.793	3.838	55.083	0.963
211	13.239	87.195	3.671	54.901	0.916
212	13.709	90.494	3.864	56.61	0.981
213	15.491	99.201	4.27	60.801	0.999
214	14.738	90.351	4.087	54.24	0.918
215	14.612	93.032	4.253	59.037	1.001
216	14.811	92.575	3.98	57.832	0.984
217	14.659	92.076	4.18	54.957	0.924
218	15.897	93.727	4.476	56.997	0.947
219	14.272	91.437	3.776	55.911	0.923
220	14.805	93.486	4.03	55.174	0.965
221	15.052	100.931	4.212	60.777	1.076
222	14.019	90.131	3.824	55.0	0.912
223	15.149	97.44	4.62	60.308	0.988
224	14.713	96.217	4.072	58.632	0.985
225	14.875	90.488	4.156	56.778	0.952
226	15.51	94.828	4.357	57.427	0.956
227	13.965	86.649	3.697	52.457	0.909
228	14.576	92.001	4.023	56.015	0.918
229	14.551	94.553	4.131	58.24	0.973
230	15.299	99.128	4.348	61.353	1.041
231	15.598	95.621	4.334	58.1	0.958
232	14.628	96.956	3.961	57.305	0.998
233	14.686	101.467	4.114	61.661	1.032
234	15.324	86.316	4.251	51.958	0.841
235	15.89	100.04	4.236	59.545	1.033
236	14.672	99.361	3.906	59.397	1.108
237	15.369	97.002	4.081	57.601	0.983
238	15.209	97.1	4.201	60.0	1.029
239	14.78	93.455	4.145	58.24	0.977
240	14.545	93.363	4.073	56.695	0.986
241	15.14	92.164	4.294	55.246	0.917
242	14.87	90.864	4.256	54.764	0.901
243	13.885	92.861	3.883	58.108	0.982
244	15.038	93.713	4.059	55.817	1.006
245	14.453	87.469	4.04	56.212	0.888
246	14.393	94.109	3.929	57.964	0.959
247	15.068	99.277	4.027	60.728	1.05
248	15.637	94.054	4.371	56.538	0.957
249	14.612	93.029	4.09	56.081	0.938
250	14.247	87.075	3.877	52.362	0.843
251	14.933	94.503	3.991	57.336	1.008
252	14.723	87.797	4.075	53.77	0.912
253	15.121	92.643	4.125	56.614	0.927
254	14.194	86.943	4.014	54.002	0.847
255	14.959	95.344	4.044	57.625	0.994
256	14.403	88.891	3.893	55.278	0.939
257	15.153	99.581	4.008	60.069	1.025
258	14.013	87.066	4.046	55.687	0.942
259	13.957	93.917	3.82	56.218	1.004
260	14.685	93.231	4.077	56.728	0.962
261	14.426	92.394	4.298	56.605	0.924
262	15.078	93.581	4.222	57.786	0.967
263	14.892	95.939	4.131	57.752	0.971
264	13.885	91.987	3.787	56.82	0.933
265	15.431	93.483	4.223	59.255	0.947
266	14.467	90.535	4.044	54.638	0.931
267	14.157	98.646	3.8	60.554	1.04
268	13.76	90.486	3.756	54.506	0.952
269	15.173	92.835	4.096	55.693	0.956
270	15.031	94.76	4.007	57.183	0.989
271	15.727	100.016	4.254	61.126	1.008
272	15.415	100.062	4.262	60.791	1.071
273	14.489	93.607	3.896	57.192	0.972
274	14.16	91.649	3.818	56.92	0.953
275	15.264	93.913	4.257	57.91	0.953
276	15.655	96.92	4.229	58.292	0.983
277	13.836	87.952	3.7	54.279	0.884
278	14.925	92.459	3.899	56.04	0.958
279	14.819	93.561	3.962	57.006	0.978
280	13.784	93.617	3.821	58.224	1.013
281	15.034	94.864	4.02	59.451	0.981
282	15.002	93.447	4.102	57.105	0.978
283	15.073	92.309	3.917	56.249	0.923
284	14.753	90.882	4.001	54.504	0.873
285	15.556	99.734	4.2	59.294	1.026
286	14.473	94.165	3.929	57.651	1.014
287	14.466	92.761	4.136	56.751	0.951
288	15.671	91.998	4.457	58.128	0.932
289	13.774	90.526	3.81	54.868	0.948
290	15.128	97.482	4.177	58.941	1.028
291	14.175	93.006	3.782	56.416	0.955
292	15.016	99.473	4.2	61.338	1.044
293	14.217	94.778	4.004	56.993	1.012
294	14.813	95.501	4.136	58.531	1.043
295	14.468	95.512	3.742	56.419	0.952
296	15.08	92.896	4.074	57.092	0.944
297	15.722	97.85	4.24	58.745	1.002
298	14.864	95.118	4.289	57.68	0.973
299	15.746	100.567	4.357	60.369	1.033
300	14.173	88.4	3.849	53.557	0.897
301	14.86	87.565	4.141	54.12	0.87
302	15.616	95.561	4.398	58.774	0.99
303	14.693	88.668	4.496	55.212	0.886
304	15.982	97.903	4.29	58.704	0.973
305	15.97	90.092	4.583	54.057	0.856
306	14.807	93.479	4.017	56.843	0.992
307	14.136	92.316	3.926	56.735	0.944
308	14.043	93.615	4.045	57.517	0.967
309	15.066	93.222	4.177	57.087	0.939
310	14.712	94.045	3.884	57.644	0.96
311	14.508	89.145	3.866	54.916	0.89
312	14.644	92.054	3.969	57.102	0.907
313	15.275	95.846	4.074	57.092	0.961
314	15.08	96.924	4.052	58.81	1.007
315	13.941	91.845	3.81	56.56	0.946
316	16.051	104.072	4.852	64.173	1.083
317	14.171	88.714	3.857	54.528	0.863
318	14.785	98.506	4.134	59.882	1.045
319	15.053	93.707	4.221	56.528	0.964
320	14.781	96.669	3.94	57.555	1.022
321	14.897	91.538	4.065	55.372	0.93
322	15.473	97.149	4.365	59.123	1.017
323	15.128	88.538	4.185	54.153	0.879
324	14.729	94.912	4.053	56.95	1.004
325	14.994	90.692	4.029	55.68	0.88
326	14.698	90.987	4.067	56.826	0.939
327	17.044	98.702	4.801	60.925	0.988
328	14.795	96.93	4.142	59.143	1.014
329	14.84	97.769	3.979	58.542	1.023
330	14.784	95.833	4.205	57.779	1.026
331	14.088	92.647	3.967	57.024	0.964
332	16.366	100.13	4.457	61.05	1.017
333	14.553	90.538	3.942	54.699	0.927
334	14.895	97.543	4.01	57.983	1.02
335	14.152	90.242	3.861	55.353	0.965
336	14.179	90.402	3.969	56.178	0.93
337	14.283	97.459	3.943	58.589	1.014
338	14.492	94.838	3.86	57.235	1.007
339	14.737	92.455	3.977	55.323	0.916
340	15.091	98.223	4.085	59.149	1.001
341	14.374	92.139	3.854	55.237	0.95
342	14.002	87.305	3.753	52.636	0.934
343	15.001	95.851	4.183	58.212	1.004
344	13.851	87.195	3.841	52.601	0.902
345	15.523	94.034	4.293	57.689	0.968
346	14.309	90.871	3.93	56.266	0.924
347	14.539	93.403	4.005	57.604	0.948
348	14.632	98.338	3.96	61.128	1.075
349	15.557	98.9	4.085	59.255	1.029
350	14.143	91.502	3.828	54.931	0.916
351	14.985	95.215	4.078	57.554	0.99
352	15.457	97.559	4.49	59.623	0.994
353	15.324	90.72	4.292	56.236	0.91
354	15.9	94.22	4.604	59.523	0.941
355	14.543	94.842	3.972	57.748	0.972
356	14.978	91.427	4.318	57.269	0.952
357	15.963	97.144	4.511	58.976	0.978
358	15.767	99.468	4.446	63.222	1.034
359	15.862	102.218	4.712	62.993	1.037
360	14.695	91.901	3.993	56.412	0.98
361	15.066	92.476	4.008	55.576	0.925
362	14.87	97.484	4.086	59.81	1.024
363	14.364	88.191	4.025	53.361	0.863
364	14.889	92.618	4.133	56.183	0.945
365	14.52	94.963	4.008	58.644	0.942
366	15.321	98.226	4.185	61.805	1.007
367	14.183	89.78	4.109	55.724	0.951
368	14.802	96.112	3.953	58.744	1.001
369	15.497	93.202	4.189	57.975	0.946
370	14.755	92.212	3.953	55.925	0.971
371	14.181	95.283	3.965	57.484	1.015
372	14.524	91.438	3.976	56.852	0.947
373	15.305	101.25	4.302	61.469	1.06
374	14.554	98.555	3.872	58.73	1.011
375	13.916	92.077	3.906	55.402	0.974
376	15.55	97.341	4.3	60.675	0.975
377	14.169	91.06	3.878	57.287	0.947
378	13.952	89.371	3.821	55.95	0.916
379	14.616	94.098	4.243	56.736	0.966
380	14.753	93.767	3.937	56.942	0.986
381	15.023	97.3	4.165	59.514	0.989
382	14.682	93.05	3.967	55.281	0.942
383	16.356	97.371	4.715	56.857	0.983
384	15.195	96.994	4.086	58.399	1.05
385	14.265	90.277	3.91	54.105	0.946
386	14.162	93.576	3.766	56.25	0.964
387	14.533	93.344	3.949	56.469	0.957
388	14.292	94.505	4.241	56.679	1.003
389	16.061	100.11	4.55	60.519	1.004
390	14.882	94.15	4.252	57.394	0.969
391	14.622	96.987	4.055	59.301	1.045
392	14.67	94.216	3.918	57.839	0.979
393	14.95	92.698	4.157	56.639	0.956
394	15.945	97.953	4.45	59.051	0.958
395	15.181	92.839	4.048	56.427	0.969
396	13.569	92.237	3.689	56.973	0.987
397	13.793	92.166	3.676	56.626	0.995
398	13.861	87.177	3.841	53.528	0.929
399	14.964	93.845	3.913	57.657	0.986
400	14.351	93.19	4.131	57.202	0.967
401	15.114	94.602	3.98	59.003	0.941
402	14.004	91.267	3.838	55.357	0.967
403	14.63	95.412	4.174	58.496	1.054
404	15.143	102.52	4.12	60.805	1.093
405	13.866	91.95	3.972	58.133	0.943
406	14.996	93.8	4.295	58.412	0.986
407	15.59	94.847	4.261	58.278	0.949
408	14.21	89.974	3.989	55.452	0.932
409	13.869	94.069	3.739	57.018	0.992
410	14.099	93.598	3.862	57.408	0.967
411	14.585	94.634	3.973	57.788	0.959
412	14.383	92.997	3.94	57.056	0.956
413	15.956	97.984	4.565	59.41	1.004
414	13.822	87.339	3.719	53.178	0.891
415	14.708	96.71	4.148	59.662	0.98
416	14.542	96.761	3.94	57.214	0.961
417	14.248	86.409	3.973	50.651	0.875
418	14.479	92.605	3.864	56.335	0.968
419	14.204	95.673	3.951	59.003	1.016
420	14.537	94.62	3.937	58.308	0.955
421	16.081	97.133	4.334	59.296	0.977
422	14.567	94.274	3.971	58.688	0.969
423	14.762	94.43	3.99	56.678	0.981
424	14.665	92.521	4.146	57.716	0.94
425	15.065	95.234	4.275	58.438	0.983
426	15.836	100.816	4.297	60.788	1.07
427	15.262	97.265	4.487	59.377	0.995
428	15.248	96.143	4.147	59.226	0.989
429	13.641	93.687	3.711	57.431	0.967
430	15.044	92.388	4.074	57.511	0.928
431	14.743	93.565	4.04	57.21	0.983
432	15.125	92.042	4.152	54.896	0.913
433	13.717	95.584	3.635	57.375	1.002
434	14.087	89.435	3.955	56.672	0.946
435	14.548	89.612	3.879	54.598	0.88
436	14.777	93.181	4.102	57.249	0.909
437	16.209	100.331	4.533	61.82	1.007
438	15.562	100.722	4.02	60.36	1.012
439	15.262	92.067	4.17	56.662	0.91
440	14.945	94.025	4.099	57.593	0.982
441	14.821	89.54	4.171	54.44	0.883
442	14.271	93.452	3.863	55.611	0.972
443	14.938	91.688	3.97	54.541	0.93
444	15.456	92.692	4.421	57.406	0.91
445	15.251	95.62	4.271	58.357	0.984
446	13.668	93.765	3.747	57.672	0.992
447	14.925	93.644	4.362	57.796	0.93
448	16.369	99.504	4.754	61.39	1.035
449	14.412	90.005	3.904	55.781	0.944
450	13.906	87.884	3.829	54.622	0.862
451	14.472	94.802	4.083	59.127	1.018
452	13.907	90.482	3.859	55.533	0.917
453	14.924	93.898	4.067	56.937	0.962
454	15.344	91.149	4.146	55.219	0.936
455	15.713	96.818	4.401	59.219	0.968
456	14.204	91.808	3.833	54.681	0.935
457	15.293	91.248	4.202	57.656	0.91
458	14.465	90.649	3.948	55.277	0.926
459	14.854	91.401	4.037	55.19	0.932
460	14.63	89.347	4.044	53.825	0.906
461	15.021	94.163	4.04	57.12	0.979
462	14.405	99.405	4.037	58.93	1.047
463	15.045	90.937	4.495	55.323	0.872
464	14.622	90.831	3.866	54.564	0.899
465	14.98	95.316	4.215	59.005	0.952
466	14.027	89.61	3.873	53.879	0.889
467	15.659	92.919	4.633	58.183	0.91
468	14.34	87.877	3.841	53.613	0.905
469	14.687	94.022	3.969	57.286	0.953
470	14.968	92.352	4.141	57.181	0.924
471	14.551	94.37	3.964	57.064	0.975
472	15.652	97.166	4.328	58.905	0.999
473	15.563	99.068	4.429	58.463	1.018
474	14.325	90.437	4.067	56.166	0.944
475	15.032	95.017	4.159	57.942	0.994
476	14.873	94.771	3.99	57.759	0.988
477	14.793	91.594	4.01	56.922	0.956
478	15.431	98.462	4.099	59.057	1.043
479	14.731	92.088	4.058	56.563	0.917
480	14.441	96.708	3.98	58.357	0.984
481	15.177	93.488	4.102	56.461	0.943
482	15.538	101.648	4.66	64.364	1.018
483	15.058	95.687	4.039	57.89	1.0
484	15.227	96.433	3.978	58.442	0.959
485	14.582	91.628	4.173	57.403	0.892
486	13.721	96.355	3.721	58.671	1.005
487	15.589	99.511	4.183	60.645	1.034
488	15.141	96.579	4.1	59.816	0.977
489	16.174	97.244	4.806	58.27	0.988
490	15.174	97.779	4.221	58.83	0.982
491	14.264	90.353	3.965	56.37	0.937
492	15.257	96.44	4.103	56.938	0.978
493	14.274	91.502	3.79	54.871	0.925
494	15.395	95.427	4.335	58.502	0.97
495	16.31	95.534	4.862	59.182	0.939
496	15.104	89.885	4.429	57.078	0.896
497	16.102	95.456	4.555	58.308	0.954
498	14.497	91.776	3.958	55.962	0.946
499	14.333	91.05	3.902	55.374	0.936
500	14.364	90.854	4.107	57.396	0.903
501	14.86	91.125	4.093	56.487	0.923
502	14.904	92.251	4.038	55.706	0.946
503	14.496	91.244	4.056	56.029	0.885
504	14.419	88.535	4.013	54.248	0.925
505	14.59	92.05	3.979	56.04	0.943
506	14.363	96.128	3.826	57.484	1.071
507	14.088	93.367	3.805	57.595	1.016
508	14.878	96.859	4.207	58.296	1.015
509	14.589	91.682	4.108	55.948	0.952
510	15.103	97.768	4.191	59.6	0.993
511	15.466	95.68	4.481	58.11	0.957
512	15.17	93.676	4.321	56.163	0.944
513	15.42	98.423	4.328	60.288	0.988
514	14.555	88.062	3.932	54.127	0.879
515	15.394	100.005	4.255	59.472	1.047
516	15.141	95.075	4.06	57.775	0.966
517	15.443	100.493	4.197	62.139	1.064
518	14.583	91.367	4.346	57.499	0.952
519	16.328	96.922	4.877	60.639	1.027
520	14.869	95.391	3.893	58.771	0.975
521	15.746	96.156	4.393	59.434	0.973
522	14.968	100.328	4.047	59.828	1.084
523	14.594	98.782	3.891	59.61	1.057
524	15.322	95.321	4.135	57.98	0.969
525	13.663	97.082	3.751	58.561	1.026
526	14.097	92.67	3.891	55.005	0.965
527	14.67	90.786	3.964	54.718	0.893
528	15.206	92.072	4.195	57.362	0.928
529	13.821	91.894	3.715	54.975	0.973
530	14.546	94.32	3.916	58.183	0.959
531	15.228	93.959	4.413	56.734	0.979
532	13.967	92.65	3.986	57.51	0.961
533	15.201	95.731	4.398	58.478	0.953
534	13.89	93.367	3.72	57.394	0.973
535	14.648	93.328	4.079	56.218	0.973
536	14.746	90.237	4.13	55.017	0.922
537	13.781	92.359	3.68	54.986	0.994
538	14.902	92.767	4.076	56.013	0.927
539	13.952	94.502	3.926	58.995	0.981
540	14.369	95.294	3.863	57.665	0.986
541	15.003	95.215	4.083	58.854	0.98
542	15.473	93.931	4.181	56.635	0.947
543	14.375	97.281	4.118	59.569	1.018
544	14.859	91.011	4.16	55.923	0.935
545	14.774	91.879	3.915	56.58	0.926
546	14.47	92.381	3.836	55.971	0.931
547	14.623	94.901	4.107	57.627	0.966
548	14.366	95.998	3.884	57.834	1.012
549	15.69	94.284	4.26	57.558	0.95
550	14.191	93.444	3.946	58.134	0.934
551	15.16	98.931	4.192	59.07	1.023
552	14.995	94.797	4.03	58.626	0.998
553	14.836	98.475	4.038	60.206	1.019
554	14.729	97.239	4.047	58.503	1.041
555	14.698	94.689	3.945	56.443	0.988
556	14.074	92.492	4.017	59.379	0.953
557	14.649	93.986	4.082	56.431	0.977
558	14.724	93.772	4.021	56.116	0.927
559	14.8	92.656	4.188	57.651	0.93
560	14.563	93.76	4.184	58.689	0.975
561	14.905	93.354	4.0	58.949	0.913
562	14.444	88.416	3.697	53.582	0.879
563	14.772	91.187	4.117	55.891	0.915
564	15.24	96.79	4.318	58.459	0.98
565	15.263	94.205	4.174	58.465	0.955
566	14.064	89.75	3.73	54.052	0.94
567	15.378	95.995	4.285	58.781	0.995
568	15.2	99.013	4.081	59.826	1.027
569	14.048	90.465	3.87	54.026	0.968
570	14.783	100.932	4.267	62.78	1.062
571	15.3	92.864	4.198	58.093	0.988
572	13.634	89.932	3.807	54.777	0.936
573	15.78	92.812	4.278	56.111	0.936
574	14.902	98.006	4.065	59.214	1.002
575	14.939	93.676	4.103	57.663	0.942
576	14.422	97.779	3.904	59.92	1.03
577	13.783	93.468	3.793	57.961	1.004
578	13.485	91.739	3.752	56.544	0.968
579	14.249	90.057	3.799	54.46	0.928
580	14.409	93.697	3.951	57.369	1.001
581	15.606	93.377	4.365	58.142	0.933
582	14.681	91.679	4.118	55.978	0.916
583	14.8	92.163	3.949	57.321	0.934
584	15.645	98.076	4.443	60.717	1.041
585	14.762	93.173	3.96	56.873	0.971
586	14.259	96.546	3.867	59.276	1.003
587	14.181	90.845	4.062	55.577	0.943
588	14.097	87.442	3.739	54.194	0.897
589	14.29	93.641	3.974	58.043	0.998
590	14.514	94.002	4.073	57.744	0.991
591	15.644	100.357	4.033	58.936	1.032
592	13.863	89.528	3.825	55.759	0.929
593	14.552	92.74	3.973	55.749	0.982
594	13.924	93.459	3.743	54.823	0.971
595	15.515	95.181	4.25	59.444	0.949
596	14.057	93.5	3.693	56.331	0.992
597	15.088	94.512	4.033	56.732	0.969
598	15.37	94.196	4.163	58.554	0.958
599	13.9	90.038	3.736	54.44	0.946
600	14.44	93.244	3.899	55.312	0.951
601	14.555	89.713	4.009	55.51	0.943
602	15.344	94.878	4.266	59.508	0.972
603	14.879	100.348	4.069	60.862	1.017
604	13.873	93.996	3.908	58.948	0.992
605	15.34	98.625	4.405	59.325	1.03
606	14.253	94.544	4.039	57.084	0.985
607	14.772	94.385	4.178	59.382	0.968
608	15.042	95.353	4.013	57.295	0.994
609	15.737	92.686	4.385	57.147	0.926
610	13.719	89.276	3.7	54.96	0.934
611	15.437	97.101	4.339	59.241	0.998
612	14.663	96.409	4.019	58.738	1.006
613	14.155	92.283	3.99	57.035	0.938
614	14.933	97.274	3.866	58.193	0.988
615	15.342	94.999	4.477	58.03	0.982
616	14.442	93.104	4.02	56.695	0.953
617	15.505	96.086	4.137	59.456	0.974
618	15.365	94.92	4.178	58.777	0.981
619	14.623	100.036	4.131	60.493	1.049
620	16.981	100.108	4.954	61.133	1.013
621	13.687	91.747	3.582	55.232	0.958
622	13.217	91.39	3.656	57.313	0.966
623	13.98	89.711	3.88	55.434	0.899
624	14.772	94.474	4.184	58.709	0.969
625	14.426	91.755	3.867	55.526	0.932
626	14.159	90.262	3.804	54.747	0.924
627	14.347	97.865	4.004	59.083	1.02
628	15.214	99.467	4.186	60.532	1.051
629	14.107	89.26	3.873	55.202	0.924
630	14.698	87.085	3.916	53.254	0.879
631	13.712	94.186	3.772	57.235	0.991
632	14.444	95.957	3.932	57.314	0.987
633	14.738	98.735	4.133	58.466	1.038
634	14.552	89.401	3.993	55.123	0.925
635	13.95	89.384	4.09	55.043	0.879
636	14.606	94.347	3.947	56.703	0.999
637	14.551	86.676	3.967	53.63	0.913
638	14.351	89.956	3.906	55.819	0.944
639	14.602	91.36	4.0	54.874	0.914
640	14.299	90.514	3.901	55.341	0.921
641	14.914	97.043	4.409	61.206	1.01
642	14.422	94.66	3.832	57.888	0.981
643	14.785	91.692	4.048	56.327	0.941
644	14.813	94.813	4.062	57.665	0.986
645	15.329	97.953	4.409	61.366	1.001
646	14.672	94.74	4.019	58.02	0.987
647	13.894	90.648	3.753	55.095	0.949
648	14.946	90.748	4.153	54.143	0.947
649	14.917	93.303	4.011	56.813	0.973
650	14.567	93.97	3.813	56.91	0.934
651	15.156	98.446	4.222	60.241	0.974
652	14.598	91.832	4.119	56.227	0.954
653	15.76	96.726	4.423	57.428	0.972
654	14.269	92.048	3.984	56.358	0.962
655	14.684	95.117	3.858	56.95	1.044
656	13.398	93.496	3.718	56.038	0.986
657	14.794	95.386	4.063	58.373	0.908
658	15.043	93.043	4.191	58.564	0.949
659	15.053	98.473	4.192	60.22	1.022
660	13.903	90.9	4.026	55.754	0.955
661	14.801	93.585	4.076	58.783	0.97
662	15.495	91.997	4.151	55.679	0.93
663	13.803	95.275	3.883	59.06	1.004
664	14.998	93.307	4.005	57.283	0.965
665	14.601	94.255	3.954	56.876	0.989
666	15.09	94.56	4.201	58.275	0.963
667	14.498	87.323	3.795	53.396	0.843
668	14.063	91.847	3.759	56.523	0.932
669	15.36	95.988	4.287	58.944	0.991
670	14.69	95.894	4.332	58.547	0.98
671	14.281	95.474	3.907	57.358	1.0
672	14.781	96.729	4.122	60.165	1.019
673	15.815	97.921	4.406	58.736	1.014
674	14.599	94.673	3.867	57.102	1.001
675	14.828	91.691	4.153	54.649	0.913
676	14.62	97.195	3.936	58.575	1.006
677	15.482	93.748	4.157	57.68	0.94
678	14.877	98.677	3.963	60.566	1.071
679	13.844	88.423	3.65	53.9	0.891
680	14.695	96.007	3.997	58.042	1.017
681	13.546	89.799	3.753	54.474	0.925
682	13.906	90.862	3.836	55.329	0.932
683	15.219	90.132	4.366	54.493	0.912
684	14.04	91.282	3.78	54.863	0.985
685	14.149	89.19	3.879	54.73	0.943
686	14.937	96.782	4.217	59.461	1.014
687	15.334	94.147	4.23	58.342	0.972
688	14.405	92.963	3.967	55.633	0.962
689	14.755	97.005	3.976	59.775	0.986
690	15.141	97.773	4.188	60.136	1.018
691	15.362	97.409	4.405	59.113	0.999
692	14.202	90.732	3.809	56.448	0.925
693	14.195	93.8	3.933	58.476	0.966
694	14.636	97.258	3.961	58.222	1.016
695	14.179	88.944	3.836	55.105	0.92
696	14.209	92.879	3.758	57.546	0.952
697	14.344	85.842	3.966	53.963	0.88
698	14.944	96.494	4.162	59.126	1.019
699	15.103	96.905	4.051	58.509	1.011
700	15.069	98.377	4.074	59.988	1.029
701	14.111	89.179	3.703	54.036	0.896
702	15.277	94.881	4.243	57.921	0.983
703	15.27	96.954	4.28	58.19	0.987
704	14.747	93.805	3.953	57.225	0.968
705	14.148	89.147	4.109	54.407	0.875
706	15.088	94.54	4.15	59.651	0.981
707	14.588	95.428	3.994	57.106	1.035
708	15.29	92.101	4.218	56.252	0.972
709	14.552	93.326	3.965	56.769	1.0
710	14.768	93.654	4.005	57.592	0.948
711	16.044	100.17	4.622	60.075	1.018
712	14.186	84.075	3.721	51.563	0.809
713	14.497	97.927	3.886	59.614	1.036
714	15.215	92.233	4.522	56.89	0.923
715	14.682	90.872	4.095	56.098	0.918
716	14.51	89.472	3.935	54.729	0.92
717	14.671	96.402	3.998	58.646	0.983
718	15.007	90.316	4.161	56.033	0.951
719	15.026	90.683	4.166	54.463	0.913
720	14.874	96.345	3.999	58.391	0.988
721	15.182	96.433	4.509	58.203	0.974
722	14.742	99.575	4.05	60.558	1.044
723	15.348	95.981	4.326	58.366	1.003
724	14.352	87.196	3.873	53.6	0.875
725	15.317	93.676	4.142	57.198	0.98
726	15.834	90.13	4.395	56.328	0.904
727	14.612	86.97	3.776	52.478	0.859
728	14.574	94.975	4.02	58.328	0.969
729	14.9	98.494	4.266	59.792	1.004
730	14.765	95.084	4.458	57.5	1.005
731	15.741	96.869	4.286	58.199	1.006
732	14.977	93.189	4.007	56.036	0.954
733	14.213	94.775	3.823	57.058	1.0
734	15.099	93.324	4.008	56.658	0.956
735	14.646	95.7	4.07	59.314	1.028
736	16.075	97.742	4.488	59.156	1.04
737	15.06	93.53	4.093	57.578	0.979
738	14.523	99.039	3.935	59.638	1.061
739	14.059	86.228	3.773	52.1	0.9
740	15.383	94.791	4.299	57.143	0.939
741	13.276	87.156	3.716	55.234	0.919
742	15.073	98.049	4.18	59.706	1.066
743	15.74	98.201	4.432	60.339	1.026
744	15.034	91.026	4.102	57.248	0.902
745	15.098	95.177	4.503	58.101	0.992
746	14.343	93.331	3.849	56.326	0.967
747	14.64	95.99	3.856	56.571	0.961
748	16.012	100.045	4.632	63.49	1.035
749	14.971	91.981	4.109	54.617	0.94
750	14.431	90.417	3.956	56.526	0.89
751	14.138	93.643	4.085	57.759	0.94
752	13.692	94.764	3.684	57.679	0.975
753	14.027	92.494	3.876	56.41	0.951
754	15.204	94.225	4.21	57.005	0.919
755	14.456	93.016	3.91	57.07	0.979
756	14.32	93.847	3.953	56.937	0.956
757	16.291	93.724	4.616	57.82	0.902
758	14.728	97.348	4.035	57.871	0.994
759	15.036	95.484	4.068	57.457	0.988
760	15.026	98.97	4.278	61.354	0.999
761	14.785	88.259	4.203	54.244	0.925
762	14.23	91.227	3.949	55.343	0.925
763	14.151	88.116	3.794	54.506	0.901
764	14.166	90.253	3.871	55.048	0.916
765	14.573	95.544	4.079	58.285	0.984
766	15.17	93.998	4.214	58.832	1.002
767	15.132	92.584	4.162	56.309	0.909
768	15.227	93.413	4.21	56.779	0.908
769	14.675	91.909	4.376	55.51	0.931
770	15.059	95.874	3.913	58.554	1.005
771	13.975	90.339	3.77	55.5	0.956
772	14.572	92.135	3.99	56.819	0.944
773	14.642	93.469	3.894	56.615	0.95
774	15.168	92.277	4.108	56.429	0.913
775	14.34	90.606	3.973	55.154	0.969
776	14.042	90.738	3.777	54.562	0.939
777	15.17	95.834	3.956	57.155	0.995
778	14.056	89.657	3.88	55.15	0.911
779	15.431	95.594	4.476	57.784	0.968
780	15.966	100.933	4.408	60.751	1.036
781	14.515	94.991	3.866	56.721	0.989
782	14.689	91.372	3.98	56.142	0.932
783	14.831	94.058	4.173	55.453	0.998
784	14.262	95.992	3.816	58.319	1.007
785	14.814	93.67	4.102	58.174	0.948
786	14.678	91.774	3.877	55.558	0.921
787	14.846	93.587	4.194	57.777	0.95
788	14.477	91.267	3.945	56.423	0.939
789	14.33	90.166	4.2	55.861	0.91
790	14.748	92.454	4.034	57.274	0.972
791	14.492	92.906	3.953	57.611	0.959
792	15.28	91.076	4.416	56.83	0.92
793	15.028	94.789	4.038	57.777	0.975
794	15.228	99.141	4.17	60.373	1.037
795	14.198	88.525	4.038	54.601	0.885
796	14.614	95.932	4.039	56.935	1.032
797	15.622	97.434	4.386	60.312	1.018
798	13.717	90.605	3.652	55.233	0.937
799	13.743	92.109	3.874	57.446	0.945
800	14.355	94.697	3.812	57.237	0.976
801	14.017	91.568	3.763	55.909	0.958
802	14.459	91.528	4.139	55.746	0.926
803	14.162	87.427	4.058	54.021	0.85
804	15.221	96.563	4.273	59.161	0.99
805	14.812	90.131	3.975	55.281	0.905
806	14.87	93.71	4.093	58.647	0.966
807	14.918	97.886	4.173	59.492	1.019
808	15.039	96.855	4.091	58.573	1.015
809	14.813	94.193	4.043	57.226	0.981
810	15.131	95.511	4.207	57.023	0.965
811	16.074	97.047	4.581	59.64	0.993
812	15.183	97.194	4.196	59.39	1.007
813	15.081	97.353	4.244	59.727	1.016
814	14.34	94.88	3.854	56.831	0.989
815	15.593	93.603	4.356	56.91	0.954
816	14.116	90.848	3.823	55.689	0.932
817	15.567	97.994	4.462	58.892	1.012
818	14.211	93.434	3.863	58.404	0.964
819	14.554	92.259	3.952	56.165	0.986
820	14.685	93.362	4.101	57.603	0.945
821	15.27	98.644	3.958	60.459	1.004
822	14.643	95.932	3.961	57.379	1.029
823	14.986	93.379	4.05	57.471	0.934
824	14.145	89.404	3.99	55.833	0.909
825	15.107	88.854	4.153	54.056	0.864
826	14.024	95.573	3.847	57.457	1.052
827	15.102	91.285	4.175	55.608	0.889
828	15.671	91.503	4.354	56.715	0.916
829	14.348	92.06	3.875	55.931	0.934
830	16.103	100.027	4.44	61.014	1.052
831	15.449	96.792	4.385	58.646	0.998
832	15.978	94.153	4.514	58.702	0.937
833	14.763	89.707	4.022	54.746	0.879
834	14.908	90.145	3.884	54.896	0.914
835	15.181	95.663	4.235	56.377	0.978
836	15.24	99.855	4.069	61.353	1.076
837	14.706	93.272	4.145	55.905	0.994
838	14.486	90.498	4.261	56.092	0.919
839	15.133	92.8	4.167	57.328	0.921
840	14.725	94.481	3.851	57.821	0.979
841	14.25	100.135	3.911	61.383	1.119
842	14.88	93.621	4.082	59.12	0.998
843	14.831	94.036	3.982	57.118	0.953
844	14.853	92.662	3.951	57.525	0.976
845	15.141	96.348	4.205	58.246	1.008
846	14.854	93.744	4.02	58.25	0.955
847	14.763	98.173	4.034	59.254	1.021
848	14.824	95.179	4.015	56.578	0.984
849	15.112	94.993	4.353	57.935	0.978
850	14.815	92.876	4.042	57.821	0.957
851	15.007	95.601	4.238	57.763	0.981
852	14.751	91.407	4.04	54.841	0.967
853	14.175	90.84	4.051	56.58	0.925
854	15.239	97.363	4.186	58.902	0.994
855	14.683	99.646	4.041	60.726	1.06
856	15.031	93.23	4.097	57.354	0.928
857	15.615	91.753	4.367	55.543	0.877
858	15.562	96.773	4.184	59.797	0.962
859	14.797	100.845	4.048	60.798	1.045
860	14.859	96.343	4.058	58.198	0.976
861	15.17	97.133	4.173	59.054	1.024
862	14.014	88.187	4.024	54.805	0.907
863	15.606	95.933	4.601	60.097	0.993
864	14.064	97.179	4.108	59.765	0.99
865	15.0	95.501	4.016	58.309	0.997
866	15.785	96.677	4.167	59.544	1.005
867	14.752	95.672	4.188	59.762	1.03
868	13.355	90.995	3.762	55.303	0.955
869	14.675	94.428	4.166	57.971	0.95
870	13.978	95.464	3.771	57.859	0.987
871	13.502	86.984	3.782	54.073	0.873
872	14.798	92.713	4.235	56.158	0.914
873	14.823	91.282	4.039	55.728	0.937
874	12.84	89.515	3.545	56.199	0.938
875	14.951	94.153	4.026	57.464	0.954
876	14.82	95.587	4.144	59.037	1.027
877	15.612	97.539	4.354	61.008	0.968
878	14.959	92.829	4.014	57.123	0.984
879	14.665	92.588	3.958	57.246	0.939
880	15.06	97.964	4.051	60.564	1.015
881	14.131	98.264	3.964	59.472	1.023
882	15.351	94.622	4.278	58.013	0.965
883	13.966	84.78	3.777	51.727	0.833
884	14.329	94.164	3.839	57.008	0.975
885	14.793	98.223	3.962	58.54	1.038
886	15.066	92.743	4.054	57.566	0.958
887	14.624	91.437	4.132	55.99	0.95
888	15.049	91.991	4.087	56.209	0.916
889	13.973	94.737	3.906	58.732	1.006
890	14.609	91.002	3.919	58.045	0.897
891	15.408	98.202	4.159	58.345	1.029
892	14.929	95.126	4.145	59.836	1.05
893	13.79	90.16	3.834	55.352	0.954
894	14.274	93.898	3.924	56.049	0.976
895	15.41	94.041	4.445	58.203	0.943
896	13.889	92.913	3.831	58.236	0.969
897	15.619	90.05	4.531	57.649	0.886
898	14.445	93.272	3.976	57.371	0.968
899	13.789	90.981	3.742	56.387	0.938
900	15.087	99.224	4.031	59.758	1.014
901	14.426	94.575	3.956	58.467	0.987
902	15.397	97.345	4.116	59.175	0.994
903	15.148	97.156	3.952	57.608	1.03
904	13.528	90.2	3.604	55.1	0.927
905	14.665	89.933	3.999	55.326	0.936
906	15.67	91.61	4.628	57.288	0.937
907	15.629	96.869	4.306	58.83	0.964
908	15.205	96.596	4.065	59.605	0.987
909	14.68	98.895	4.12	60.125	1.043
910	14.905	94.316	3.947	57.851	0.983
911	15.42	100.212	4.291	59.711	1.049
912	14.593	90.229	3.954	55.211	0.935
913	14.847	97.888	4.34	60.927	1.056
914	14.038	91.197	3.821	54.233	0.958
915	14.457	97.364	3.825	57.896	1.03
916	14.585	93.254	4.093	56.051	0.993
917	15.602	98.606	4.401	59.25	1.017
918	14.428	91.492	4.005	55.728	0.907
919	14.914	92.497	4.282	57.708	0.968
920	14.478	91.321	3.916	54.888	0.896
921	14.529	96.265	4.023	58.679	0.991
922	15.273	92.464	4.235	55.337	0.947
923	14.188	89.782	3.874	55.979	0.886
924	13.89	91.596	3.853	56.647	0.964
925	15.631	101.418	4.398	61.68	1.038
926	14.754	90.168	4.08	56.899	0.916
927	15.92	100.882	4.366	60.552	1.052
928	14.107	90.047	3.842	54.848	0.934
929	15.007	92.676	4.293	56.985	0.98
930	14.325	92.296	3.883	56.43	0.937
931	14.886	94.062	4.034	56.585	0.997
932	15.245	98.443	4.438	61.285	1.057
933	14.789	93.44	4.252	58.126	0.969
934	14.223	96.431	3.962	59.216	0.977
935	15.178	99.339	4.023	59.936	1.041
936	14.645	91.128	3.992	55.569	0.938
937	13.957	93.961	3.939	58.667	0.988
938	14.797	92.205	4.14	56.632	0.959
939	15.673	98.873	4.335	60.218	0.97
940	14.675	90.432	3.909	54.76	0.907
941	13.795	83.854	3.778	51.388	0.885
942	14.477	93.858	3.926	58.664	1.004
943	13.631	84.409	3.78	51.712	0.901
944	14.581	93.516	3.977	57.43	0.948
945	15.007	89.266	4.155	56.384	0.911
946	14.834	98.804	3.968	61.448	1.049
947	13.741	84.617	3.649	51.068	0.848
948	15.106	96.763	4.194	60.02	1.018
949	15.676	95.066	4.328	57.902	0.966
950	14.241	95.414	4.075	57.118	1.001
951	14.341	87.991	3.837	53.922	0.895
952	14.86	93.965	4.235	58.934	0.929
953	15.692	97.248	4.442	58.632	0.974
954	14.285	91.99	4.034	56.015	0.943
955	14.906	94.533	4.059	56.613	0.952
956	14.731	93.833	4.077	58.799	0.982
957	15.178	97.942	4.255	60.265	1.013
958	15.281	95.717	4.336	58.046	0.943
959	14.433	94.353	3.964	58.153	0.982
960	14.589	96.208	4.055	59.917	1.015
961	15.342	93.799	4.042	57.196	0.978
962	14.827	91.511	4.396	55.541	0.908
963	15.568	95.131	4.341	57.691	0.981
964	14.651	95.438	4.162	58.121	0.973
965	14.127	93.43	3.842	56.027	0.966
966	14.81	91.641	3.936	54.316	0.959
967	14.356	88.378	3.939	53.904	0.899
968	14.564	97.423	4.184	60.746	1.017
969	14.213	94.166	3.847	56.536	0.959
970	15.105	94.186	4.041	58.159	0.955
971	14.315	90.424	3.981	53.756	0.917
972	14.685	93.04	4.408	57.046	0.931
973	15.005	91.878	4.06	55.497	0.944
974	13.499	88.198	3.674	55.359	0.911
975	13.968	93.911	3.767	56.286	0.975
976	15.433	96.185	4.143	57.623	0.968
977	16.218	98.099	4.462	60.846	1.001
978	14.826	93.639	4.198	57.248	0.992
979	14.482	91.155	3.99	56.882	0.927
980	14.486	91.758	4.128	56.434	0.964
981	14.918	94.692	4.236	58.773	0.937
982	14.814	92.647	4.059	58.318	0.909
983	15.007	91.572	4.114	55.994	0.938
984	14.975	91.34	3.999	56.245	0.945
985	15.225	95.608	4.297	59.291	0.972
986	14.509	89.665	3.996	55.531	0.918
987	15.226	92.067	4.254	56.554	0.968
988	14.536	91.72	4.073	57.038	0.914
989	14.7	88.359	4.064	55.082	0.862
990	15.328	98.045	4.102	59.101	1.038
991	13.979	88.601	3.757	54.4	0.953
992	15.725	91.588	4.393	57.067	0.908
993	14.771	91.448	3.968	55.417	0.937
994	13.927	92.955	3.819	56.703	0.971
995	14.89	95.367	4.208	57.474	0.994
996	14.382	87.886	3.897	53.129	0.879
997	14.852	89.765	4.142	56.824	0.901
998	15.477	100.243	4.134	61.404	1.052
999	14.656	89.475	3.824	52.626	0.916
1000	14.575	93.324	3.873	57.689	0.975
