MutationType	DBS78A	DBS78B	DBS78C	DBS78D	DBS78E	DBS78F	DBS78G
AC>CA	0.0010403379717507366	2.2691987413554824e-07	0.0002930477794147339	0.008833927677895013	0.0065576293873843595	0.0279379292459373	0.0058201864070795825
AC>CG	0.0011203262297946504	4.157341335806087e-07	9.608151424256936e-07	5.48648801504746e-05	1.8426848765049048e-06	0.0002836398843033148	0.002853022120094865
AC>CT	0.002194190498751565	2.466422598319279e-07	9.995985894076874e-05	0.04016765475514929	0.0007095383339063444	0.005965368793057987	0.007095740704413432
AC>GA	0.0009331468715701075	2.8424916025066605e-07	0.0002483964244212287	0.009223859335782788	0.004502058255709105	0.009304835696916992	0.02530833445871261
AC>GG	0.0011647011606989747	4.151717950808361e-07	9.222402229688064e-07	4.1579926440544285e-05	1.8183697413919497e-06	0.0003433730180750448	0.003322515876505683
AC>GT	0.0037677752642975553	0.004454328193693889	0.00399063103475194	0.005374095149561106	0.00011675044267796128	0.009023230277478473	0.0029187840718316194
AC>TA	0.0059497297108469255	0.004421268014632539	0.0042802074678390525	0.00896414816602057	0.0024317463346046056	0.004641112162021257	0.005614438527006145
AC>TG	1.0888906960873543e-06	4.376074533743026e-07	1.487254390784666e-06	6.188902429991771e-06	3.1399464697709432e-06	8.773222336530397e-06	9.512769421402564e-06
AC>TT	0.006294503340354313	1.380293537537269e-07	3.816493510966026e-05	0.023006899240159834	0.01028512565754124	0.02434893497829684	0.013169751384304191
AT>CA	0.0005421193884907548	3.823500536120698e-07	4.300583327289896e-05	0.005956608225550618	0.0010442115917087427	0.003130945403381087	0.002135418179594619
AT>CC	0.0008830350947207103	4.152822575522092e-07	8.63692639535289e-07	0.0018753462652306705	3.830419801366494e-05	0.0004726311475589313	0.00021711616279732664
AT>CG	1.0888906960873543e-06	4.376074533743026e-07	1.487254390784666e-06	6.188902429991771e-06	3.1399464697709432e-06	8.773222336530397e-06	9.512769421402564e-06
AT>GA	0.0004988169307083408	2.8751774674152933e-07	0.0001523625381498408	0.013042498366793958	0.02844287247046112	0.004171696067058614	0.007858790274883514
AT>GC	0.0008380188582993199	0.003932696214803961	2.189238345946566e-05	0.00568999915616871	0.00013711526682823953	0.0016460636515832957	0.0030011848618932604
AT>TA	0.001695278006258869	3.113983062825112e-07	0.007297850970387478	0.010205004472306899	0.027010295052014997	0.005040981489359917	0.012440459156503297
CC>AA	0.0041008968697155744	0.07963341494451034	0.13410353547557924	0.03496707801486048	0.06414903233193041	0.04962375228690278	0.045851031793029205
CC>AG	0.0031152221903970262	0.015215461135342296	0.017655137103454066	0.0314438091433106	0.0013886749297094359	0.006800568865582193	0.011077932245027206
CC>AT	0.001730217925437415	0.009295735748603989	0.054363483725699165	0.15974245633139272	0.059309014855614225	0.04212655844443788	0.04715283122772254
CC>GA	0.00023754403135112307	3.0482599363379424e-07	0.007728957553889219	0.013448114190279144	0.002185376403033853	0.014003008195156881	0.009784090682855219
CC>GG	0.0025669236340543147	1.3771901110803828e-05	0.004182711160117358	0.001904092143980344	0.00010186111443940564	0.0017485591098247632	0.011157705077051787
CC>GT	0.006899373247298894	1.2826750744672214e-07	0.00568563468849262	0.044098735533473855	0.01215653106552567	0.01988551410645137	0.020135124308492906
CC>TA	0.010292891630599784	0.004535044564030276	0.029121159257079053	0.011087348093922169	0.002373914336625457	0.007734706911617586	0.22565442634942678
CC>TG	0.0017302293329302903	0.004018011000310548	1.635320109680595e-05	0.03734962227335673	0.023514175751939263	0.013046373383463698	0.028471847447587226
CC>TT	0.8685146198489645	0.00463671677256961	0.047071795885801605	0.005051026869792126	0.06017082723113224	0.007042024174235562	0.023677455456316283
CG>AT	2.3308323737396135e-07	0.003910403190732109	5.428136572196949e-06	0.002575960995677971	0.007800127952172825	0.0008569497495459632	0.0018125105368035097
CG>GC	1.0888906960873543e-06	4.376074533743026e-07	1.487254390784666e-06	6.188902429991771e-06	3.1399464697709432e-06	8.773222336530397e-06	9.512769421402564e-06
CG>GT	5.753704155553529e-07	0.00363999874431249	1.0949278056055467e-06	5.6532823959698065e-06	3.131799470013697e-06	8.673541913535587e-06	8.930860011026265e-06
CG>TA	1.0888906960873543e-06	4.376074533743026e-07	1.487254390784666e-06	6.188902429991771e-06	3.1399464697709432e-06	8.773222336530397e-06	9.512769421402564e-06
CG>TC	0.0009604336340426607	0.00407584273107511	0.00022486917990923537	0.002016440819068148	0.0012782008720571229	0.0030497456742314723	0.005333067715536418
CG>TT	8.117281435923862e-07	4.1021203237380414e-07	1.0085411303623142e-06	5.491042141742033e-05	0.005891423332811556	8.754181110163958e-05	4.891723351615703e-05
CT>AA	8.86034669172196e-05	0.019205961784197197	0.12514651521778342	0.0062487286220862135	9.918110106385459e-05	0.001877020350616394	0.0017694628894779228
CT>AC	7.276184290269411e-05	0.5885773640409574	0.014739579668983576	1.1716378340859783e-05	1.6623053144753073e-07	7.681461765895049e-05	0.0001397084849536919
CT>AG	0.00038465676359203784	4.03920591112768e-07	0.034947633401877294	0.006220931895895027	0.000580782879433571	0.0017854580528674244	0.0015313693219652581
CT>GA	1.8687618385703152e-07	4.2685567952550993e-07	0.018188045715058488	0.0005339073740863689	0.0001402609902556911	0.002800584860217381	0.0007121114116358018
CT>GC	0.00086553154385503	4.3381419253673355e-07	0.004128899058265735	0.0022031724671090496	2.797650888825554e-05	0.0003291581561759686	0.0002694282870285009
CT>GG	0.000220261031484438	3.188604836672311e-07	9.603243167281557e-05	0.012234278582191711	0.0028608814477482846	0.008197110496526758	0.00566691341164109
CT>TA	9.010982880696408e-08	1.800237271692918e-07	0.014559030148918111	0.0025366004014751786	0.04998374507270003	0.013111149691381592	0.01372425191420773
CT>TC	0.0015203081781387678	1.9153206010696174e-07	0.010401142146720421	0.02439892476940934	0.03606324277493685	0.00835838761162781	0.007698825797863634
CT>TG	0.0031819482044968084	3.410454541020624e-07	0.009202939770361613	0.0023848186449338844	0.011330355491952784	0.0016042655087497352	0.0014564989915773878
GC>AA	0.007890123284241385	0.004276474440726763	0.023720930870491624	0.02579473826536725	0.021603261978818396	0.11842927741375021	0.0530637373962371
GC>AG	0.0008299647242456349	0.01415588341531485	0.009140161830931462	0.016388874724719123	0.008522470017963907	0.03118639995092833	0.031882807831386875
GC>AT	0.00020277555158437134	2.2365967346466857e-07	0.012052375999025283	0.007860617904676263	0.0007278637091180236	0.04230658314662303	0.006929313760964041
GC>CA	0.00010158393089764656	0.008724771943232191	0.004975390533131528	0.004748687034573871	0.01466051176445627	0.011352168768087107	0.010679320990298807
GC>CG	1.0888906960873543e-06	4.376074533743026e-07	1.487254390784666e-06	6.188902429991771e-06	3.1399464697709432e-06	8.773222336530397e-06	9.512769421402564e-06
GC>TA	7.3298814280326166e-06	0.004074601565693326	0.004117592478434842	0.0030719682706652172	0.010052075039790102	0.008720470459693782	0.006729779989149666
TA>AT	0.0010633532245307793	0.0037093486347391574	0.00013323169761701522	0.010060923271144098	0.007078319049384371	0.019810180117357325	0.010145260348881286
TA>CG	2.238826548710505e-06	4.101928263528359e-07	9.895849229246821e-07	6.269789596573819e-05	0.006132535191549622	3.4281453571598174e-05	3.499277359453588e-05
TA>CT	0.0023104676757944964	0.0038337804742162246	0.0002580870713334892	0.011369468415155595	0.006843941192175656	0.02365085128183801	0.0124767687614714
TA>GC	1.0888906960873543e-06	4.376074533743026e-07	1.487254390784666e-06	6.188902429991771e-06	3.1399464697709432e-06	8.773222336530397e-06	9.512769421402564e-06
TA>GG	1.0888906960873543e-06	4.376074533743026e-07	1.487254390784666e-06	6.188902429991771e-06	3.1399464697709432e-06	8.773222336530397e-06	9.512769421402564e-06
TA>GT	0.002787696557469838	3.6732663482808806e-07	3.9932729987580323e-07	0.0024673625564563934	0.0035924805409088332	0.0005347215514440413	0.00029587248084367534
TC>AA	6.281225660416906e-05	0.01840840480751875	0.11507751186650372	0.02527291741770659	0.0007471595027311877	0.11842321614616043	0.021766686674908872
TC>AG	0.0002060664422820951	1.7345873335527177e-07	0.0291778219970335	0.028274606899276137	0.0010651330854500442	0.03834957348586083	0.030772756989170317
TC>AT	0.002963220717079792	2.4935112845977664e-08	0.05042905497230379	0.025622383457634398	0.05929740328721831	0.0316981899941646	0.07987851425274696
TC>CA	0.0006447234994641221	1.5521666873865767e-07	0.005824076409346834	0.02683567676259622	0.034721699079101935	0.014481325684160173	0.015510080826965698
TC>CG	4.657424869730746e-06	0.003910870881931185	5.320055317699398e-05	0.0025574963339359165	0.00019671338760709022	0.0024694877047758473	0.003179901977072622
TC>CT	0.0024677851121418974	0.004260470942107256	0.008875961417998046	0.02235977017817801	0.0188157697090762	0.045752937374618344	0.00992570643236316
TC>GA	0.000305666166094992	0.004729593092718148	0.00866386157828254	0.010944743682894652	0.002748170660440067	0.006030424560074962	0.00760221062052692
TC>GG	0.0006483414645442305	3.801437656869667e-07	0.00015674659209650006	0.0031960332263165658	0.00021198237000318975	0.003388724487405256	0.005970113539715356
TC>GT	0.0032397797430492306	0.004592212488830565	0.005367103576818591	0.01959945738064749	0.009881735516517172	0.023971575561151603	0.019820911633739037
TG>AA	0.004306841090505567	0.004843421207654866	0.021871417514802673	0.0038399118829065475	0.007929504519048294	0.0031734718424255614	0.0011509781725631205
TG>AC	0.0034498230845429623	3.141197825094785e-07	6.109197369318873e-05	0.0015455321135485573	0.010679789084686163	0.0019709754692753853	0.0042521031741365
TG>AT	0.007587946229097777	0.032688910268050576	0.00512620520772561	0.022183674366968904	0.11246600286513699	0.010632646246230478	0.010201306498808554
TG>CA	0.005518484831485933	2.8157255506960446e-07	5.859647064540476e-06	0.0068356518549261835	0.007832558543981037	0.001912471950422362	0.005610283855272332
TG>CC	0.0009041443186659025	0.007576427113895087	1.8965620213606595e-07	0.004815470302689644	0.006307437396414014	0.003484972469938051	0.0011556069149478438
TG>CT	0.0014642132106467544	0.008919648309768281	0.05447987635980142	0.03802545291169352	0.1014989391332482	0.07063167838819943	0.017239973638450715
TG>GA	0.001171134208215134	3.473676214747264e-07	1.4813807215301069e-05	0.004860769190803691	0.0122492130490605	0.0009005577056215093	0.0019669446869192155
TG>GC	8.216261056419532e-07	4.0750055972392865e-07	9.81283605648731e-07	4.2892141095281565e-05	0.006268502918263329	4.1538570648442095e-05	4.502979927178197e-05
TG>GT	0.00039641123252545527	0.11321444200317445	0.06721138838304598	0.043741405119599716	0.017306769902477544	0.01774263636525594	0.027265467629388886
TT>AA	0.007587850391441552	0.00461752606018285	0.009770439590359172	0.0031643142725131983	0.027298913293808822	0.003907747190923243	0.021979915479387494
TT>AC	0.000559252790058459	3.480111671819245e-07	0.00040367334021860693	0.019284793037618733	0.001103303441935859	0.008050357431796136	0.006162456749200459
TT>AG	3.0535548429182654e-05	1.355457344761496e-05	0.005327979784754245	0.005657393015904195	0.008375573581538998	0.003088008388979605	0.0018610964818731692
TT>CA	0.0028086224982969378	2.0780116579836787e-07	0.00015767575853311755	0.03218622848383977	0.005156550850092895	0.015833022040447058	0.004071554935294841
TT>CC	0.002563993157132382	2.514146635746839e-07	0.00014928449911421127	0.029492723050924877	0.01394474721294096	0.006771975558842855	0.007059636437749811
TT>CG	0.0015732478781589733	3.5917555179868375e-07	4.1272590135342134e-07	0.0007453576098445592	0.010226406359889272	0.0002746475094888814	0.00020694326472839238
TT>GA	0.0009231433674391906	0.0038692116627831686	0.00011511798684181976	0.003376870647608974	0.014424192978703117	0.009948701175818472	0.002855884090922946
TT>GC	8.291511196792362e-07	4.1143112442832855e-07	9.89763386775799e-07	3.078074924599869e-05	0.005944793329157376	5.9217772909416034e-05	5.565957406883019e-05
TT>GG	1.9679785843236289e-07	4.379006892442082e-07	0.009228441210230252	0.0006842203876825331	0.0013774043125774464	0.00045890480943971284	0.0052376483216817074
