MutationType	SBS96A	SBS96B	SBS96C	SBS96D	SBS96E	SBS96F	SBS96G	SBS96H	SBS96I	SBS96J	SBS96K	SBS96L	SBS96M	SBS96N	SBS96O
A[C>A]A	1.88E-04	1.59E-04	5.21E-04	2.32E-04	5.02E-05	3.04E-05	3.68E-04	2.05E-04	4.93E-05	8.39E-05	3.08E-04	3.20E-04	2.78E-04	9.43E-05	1.69E-04
A[C>A]C	1.17E-04	1.40E-04	1.83E-04	1.74E-04	3.31E-05	3.36E-05	2.02E-04	1.36E-04	3.13E-05	6.95E-05	1.78E-04	1.09E-04	1.94E-04	6.98E-05	5.73E-05
A[C>A]G	4.15E-05	2.03E-05	4.43E-05	9.93E-06	1.51E-05	4.17E-06	5.91E-05	4.48E-05	6.20E-06	2.21E-05	5.94E-05	2.69E-05	4.85E-05	2.51E-05	1.50E-05
A[C>A]T	1.28E-04	8.62E-05	2.03E-04	1.68E-04	3.44E-05	2.08E-05	1.81E-04	1.28E-04	2.00E-05	5.56E-05	1.96E-04	1.14E-04	1.68E-04	5.68E-05	7.69E-05
A[C>G]A	1.03E-04	1.94E-04	1.76E-04	1.91E-04	4.35E-05	1.22E-05	2.62E-04	1.00E-04	3.64E-05	1.42E-04	2.03E-04	1.39E-04	2.28E-04	7.31E-05	1.01E-04
A[C>G]C	4.16E-05	1.35E-04	1.42E-04	1.72E-04	3.33E-05	1.54E-05	1.80E-04	1.06E-04	2.73E-05	8.31E-05	1.68E-04	7.99E-05	1.59E-04	4.37E-05	7.93E-05
A[C>G]G	1.70E-05	4.97E-05	4.77E-05	4.43E-05	1.26E-05	3.19E-06	5.55E-05	2.67E-05	8.69E-06	2.43E-05	9.69E-05	2.16E-05	7.72E-05	2.43E-05	2.45E-05
A[C>G]T	1.14E-04	2.50E-04	2.32E-04	2.56E-04	3.52E-05	1.67E-05	2.22E-04	1.23E-04	5.21E-05	1.14E-04	2.46E-04	1.22E-04	1.90E-04	7.26E-05	1.63E-04
A[C>T]A	2.21E-04	2.57E-04	2.81E-04	3.93E-04	7.12E-05	7.95E-05	3.62E-04	2.39E-04	4.09E-05	1.24E-04	5.36E-04	2.84E-04	3.22E-04	1.09E-04	1.76E-04
A[C>T]C	1.85E-04	1.84E-04	2.69E-04	1.93E-04	6.10E-05	1.27E-04	2.31E-04	2.08E-04	1.18E-04	9.59E-05	2.88E-04	2.24E-04	2.11E-04	6.96E-05	1.26E-04
A[C>T]G	2.82E-04	7.01E-04	4.46E-04	3.92E-04	1.36E-04	6.06E-05	6.66E-04	4.65E-04	6.41E-05	2.04E-04	6.52E-04	3.82E-04	9.04E-04	2.31E-04	2.99E-04
A[C>T]T	2.30E-04	1.95E-04	2.29E-04	3.02E-04	7.60E-05	1.44E-04	2.45E-04	2.24E-04	7.25E-05	2.23E-05	3.40E-04	1.68E-04	2.51E-04	8.79E-05	1.24E-04
A[T>A]A	1.10E-04	1.57E-04	1.43E-04	2.23E-04	3.51E-05	1.94E-05	1.55E-04	1.33E-04	4.16E-05	8.36E-05	3.29E-04	1.04E-04	1.74E-04	5.62E-05	6.10E-05
A[T>A]C	8.61E-05	1.28E-04	1.09E-04	8.31E-05	2.82E-05	1.72E-05	1.38E-04	9.60E-05	2.57E-05	5.40E-05	1.62E-04	7.05E-05	1.45E-04	4.79E-05	6.61E-05
A[T>A]G	9.34E-05	9.18E-05	1.33E-04	8.47E-05	2.77E-05	1.59E-05	1.31E-04	1.21E-04	2.30E-05	6.03E-05	1.57E-04	7.80E-05	1.31E-04	5.63E-05	4.09E-05
A[T>A]T	1.45E-04	2.07E-04	2.34E-04	2.47E-04	4.64E-05	2.47E-05	2.70E-04	1.41E-04	4.23E-05	7.57E-05	5.25E-04	1.39E-04	2.94E-04	7.79E-05	6.35E-05
A[T>C]A	1.76E-04	2.87E-04	2.30E-04	2.92E-04	6.00E-05	2.81E-05	3.52E-04	1.81E-04	4.91E-05	1.16E-04	6.15E-04	1.43E-04	3.54E-04	9.70E-05	1.23E-04
A[T>C]C	1.19E-04	2.17E-04	1.09E-04	1.61E-04	3.53E-05	1.59E-05	2.11E-04	1.04E-04	2.40E-05	6.66E-05	3.60E-04	7.03E-05	1.89E-04	5.37E-05	6.62E-05
A[T>C]G	1.35E-04	1.84E-04	1.54E-04	1.99E-04	1.69E-04	1.83E-05	2.65E-04	1.39E-04	3.41E-05	7.94E-05	3.91E-04	9.40E-05	2.56E-04	7.30E-05	9.73E-05
A[T>C]T	1.61E-04	2.73E-04	1.99E-04	2.86E-04	5.31E-05	2.60E-05	3.20E-04	1.89E-04	4.96E-05	9.82E-05	5.31E-04	1.34E-04	2.97E-04	9.19E-05	1.12E-04
A[T>G]A	1.20E-04	1.10E-04	7.97E-05	4.70E-04	2.56E-05	1.31E-05	1.01E-04	1.39E-04	4.66E-05	1.35E-04	2.91E-04	5.66E-05	1.19E-04	2.76E-05	4.65E-05
A[T>G]C	5.35E-05	6.74E-05	4.93E-05	1.51E-04	7.73E-06	2.13E-06	6.86E-05	3.58E-05	1.80E-05	5.23E-05	8.42E-05	3.91E-05	4.55E-05	1.82E-05	2.93E-05
A[T>G]G	3.68E-05	8.73E-05	1.96E-04	1.39E-04	7.77E-05	1.99E-05	9.02E-05	3.06E-04	4.44E-05	4.84E-05	9.80E-05	1.37E-04	1.09E-04	4.02E-05	3.96E-05
A[T>G]T	1.18E-04	1.13E-04	1.08E-04	1.40E-04	2.24E-05	1.16E-05	1.02E-04	9.26E-05	1.94E-05	6.04E-05	1.51E-04	6.29E-05	8.77E-05	4.04E-05	4.23E-05
C[C>A]A	8.30E-04	4.74E-04	7.42E-04	3.79E-04	9.29E-05	3.58E-04	9.00E-04	3.83E-04	6.73E-05	1.47E-03	1.16E-03	5.20E-04	7.53E-04	7.47E-04	3.12E-04
C[C>A]C	1.49E-04	1.48E-04	1.60E-04	1.46E-04	3.71E-05	4.80E-05	2.17E-04	9.76E-05	2.80E-05	1.46E-04	2.21E-04	1.29E-04	1.85E-04	1.22E-04	1.13E-04
C[C>A]G	1.15E-04	7.34E-05	6.82E-05	5.01E-05	2.15E-05	4.64E-05	1.42E-04	6.21E-05	3.86E-06	1.80E-04	1.43E-04	6.76E-05	1.14E-04	1.19E-04	4.65E-06
C[C>A]T	3.18E-04	1.80E-04	2.83E-04	2.23E-04	5.42E-05	1.53E-04	6.23E-04	2.05E-04	4.25E-05	5.05E-04	5.24E-04	2.96E-04	4.68E-04	3.58E-04	1.95E-04
C[C>G]A	7.76E-05	9.87E-05	1.49E-04	6.26E-05	2.54E-05	1.21E-05	1.37E-04	1.04E-04	1.22E-05	6.31E-05	1.68E-04	8.05E-05	1.35E-04	5.10E-05	1.15E-04
C[C>G]C	6.44E-05	8.74E-05	8.52E-05	1.08E-04	2.38E-05	1.17E-05	1.04E-04	6.41E-05	1.23E-05	6.19E-05	1.66E-04	6.53E-05	9.65E-05	4.79E-05	7.20E-05
C[C>G]G	2.93E-05	3.83E-05	4.43E-05	4.16E-05	9.82E-06	6.79E-06	5.95E-05	2.43E-05	6.00E-06	2.43E-05	7.60E-05	2.13E-05	5.39E-05	1.44E-05	3.24E-05
C[C>G]T	1.06E-04	1.21E-04	1.84E-04	1.58E-04	2.54E-05	1.49E-05	1.52E-04	1.17E-04	3.28E-05	7.20E-05	2.39E-04	8.87E-05	1.59E-04	6.26E-05	1.45E-04
C[C>T]A	1.68E-04	2.75E-04	4.54E-04	3.01E-04	6.32E-05	7.89E-05	4.11E-04	2.94E-04	1.22E-04	1.41E-04	4.09E-04	3.80E-04	2.44E-04	8.88E-05	3.06E-04
C[C>T]C	2.30E-04	2.64E-04	4.61E-04	1.53E-04	1.17E-04	2.53E-04	2.01E-04	1.87E-04	1.65E-04	4.70E-04	2.66E-04	4.50E-04	1.18E-04	9.24E-05	1.78E-04
C[C>T]G	1.70E-04	3.58E-04	2.60E-04	2.08E-04	7.88E-05	3.40E-05	3.43E-04	1.92E-04	4.99E-05	1.24E-04	4.56E-04	2.08E-04	4.50E-04	1.29E-04	1.73E-04
C[C>T]T	2.22E-04	2.32E-04	8.12E-04	2.55E-04	6.17E-05	1.46E-04	2.94E-04	3.39E-04	1.82E-04	2.87E-04	2.46E-04	5.91E-04	1.86E-04	5.81E-05	2.88E-04
C[T>A]A	8.98E-05	9.05E-05	7.73E-05	7.88E-05	3.10E-05	2.75E-05	6.77E-05	8.03E-05	1.97E-05	1.06E-04	7.53E-05	5.79E-05	9.28E-05	3.08E-05	3.37E-05
C[T>A]C	1.02E-04	7.25E-05	1.04E-04	8.62E-05	2.88E-05	2.20E-05	1.01E-04	9.70E-05	1.13E-05	8.38E-05	1.39E-04	6.45E-05	1.26E-04	4.12E-05	4.96E-05
C[T>A]G	1.05E-04	5.92E-05	1.53E-04	9.54E-05	2.75E-05	2.62E-05	9.06E-05	1.04E-04	2.11E-05	9.21E-05	9.27E-05	9.40E-05	1.08E-04	3.89E-05	2.39E-05
C[T>A]T	1.63E-04	1.27E-04	1.82E-04	1.50E-04	1.27E-05	3.42E-05	1.29E-04	1.25E-04	2.37E-05	1.50E-04	2.19E-04	1.20E-04	1.65E-04	4.50E-05	3.15E-05
C[T>C]A	9.09E-05	1.42E-04	1.22E-04	1.54E-04	5.38E-05	1.81E-05	1.76E-04	8.66E-05	2.72E-05	8.97E-05	3.13E-04	7.60E-05	1.81E-04	5.17E-05	6.69E-05
C[T>C]C	1.68E-04	2.69E-04	1.45E-04	2.32E-04	8.57E-05	2.36E-05	1.99E-04	1.08E-04	2.58E-05	1.55E-04	3.61E-04	8.59E-05	1.48E-04	5.45E-05	8.20E-05
C[T>C]G	1.09E-04	1.40E-04	1.29E-04	1.17E-04	1.18E-04	1.88E-05	1.43E-04	1.05E-04	2.02E-05	7.70E-05	2.51E-04	7.32E-05	1.63E-04	6.12E-05	7.14E-05
C[T>C]T	2.68E-04	1.57E-04	2.53E-04	1.59E-04	4.20E-05	2.67E-05	1.67E-04	1.51E-04	3.21E-05	1.32E-04	3.58E-04	1.64E-04	2.01E-04	5.47E-05	9.05E-05
C[T>G]A	5.33E-05	7.70E-05	5.75E-05	1.01E-04	3.03E-05	9.54E-06	6.89E-05	6.44E-05	1.42E-05	3.71E-05	1.22E-04	3.50E-05	7.66E-05	3.38E-05	3.09E-05
C[T>G]C	7.14E-05	7.94E-05	7.12E-05	9.52E-05	2.55E-05	8.50E-06	8.54E-05	2.56E-05	9.77E-06	3.93E-05	1.41E-04	4.02E-05	6.95E-05	3.19E-05	2.85E-05
C[T>G]G	1.03E-04	9.78E-05	2.82E-04	8.96E-05	4.45E-05	2.10E-05	1.20E-04	1.74E-04	2.91E-05	5.85E-05	1.10E-04	1.89E-04	8.43E-05	4.61E-05	8.27E-05
C[T>G]T	5.20E-04	2.58E-04	2.68E-04	2.50E-04	4.74E-05	2.28E-05	1.36E-04	6.34E-05	2.93E-05	1.70E-04	1.45E-04	1.34E-04	1.12E-04	5.15E-05	6.82E-05
G[C>A]A	9.97E-05	1.08E-04	4.18E-04	1.47E-04	3.18E-05	2.41E-05	2.84E-04	1.44E-04	3.42E-05	7.98E-05	2.10E-04	2.34E-04	1.97E-04	8.20E-05	1.12E-04
G[C>A]C	9.66E-05	1.03E-04	1.02E-04	1.21E-04	2.39E-05	2.69E-05	1.19E-04	8.75E-05	2.06E-05	7.41E-05	1.40E-04	6.22E-05	1.13E-04	5.55E-05	7.09E-05
G[C>A]G	1.81E-05	2.41E-05	5.67E-05	2.32E-05	5.18E-06	1.48E-06	5.61E-05	3.37E-05	1.61E-06	1.02E-05	4.43E-05	2.62E-05	3.86E-05	1.95E-05	2.73E-05
G[C>A]T	8.48E-05	1.15E-04	2.59E-04	9.36E-05	3.05E-05	1.97E-05	1.93E-04	8.35E-05	2.31E-05	5.46E-05	2.22E-04	1.47E-04	1.62E-04	6.49E-05	1.06E-04
G[C>G]A	6.81E-05	8.25E-05	1.00E-04	8.20E-05	2.59E-05	1.03E-05	1.25E-04	8.25E-05	4.92E-06	7.26E-05	1.46E-04	5.93E-05	1.26E-04	3.79E-05	6.22E-05
G[C>G]C	5.81E-05	2.08E-04	1.47E-04	1.88E-04	2.80E-05	1.75E-05	1.30E-04	2.92E-05	3.47E-05	1.15E-04	1.41E-04	8.16E-05	1.20E-04	7.86E-06	7.32E-05
G[C>G]G	2.02E-05	3.12E-05	3.00E-05	2.93E-05	1.02E-05	1.14E-06	2.45E-05	8.40E-06	6.40E-06	4.69E-06	5.34E-05	1.67E-05	2.02E-05	2.11E-05	1.66E-05
G[C>G]T	8.07E-05	1.11E-04	1.17E-04	1.14E-04	2.66E-05	1.20E-05	1.57E-04	6.50E-05	2.23E-05	6.58E-05	1.26E-04	9.44E-05	1.38E-04	5.13E-05	7.95E-05
G[C>T]A	1.54E-04	2.95E-04	3.31E-04	2.72E-04	6.03E-05	3.34E-05	4.88E-04	1.87E-04	4.91E-05	1.69E-04	3.01E-04	2.95E-04	4.39E-04	1.01E-04	1.88E-04
G[C>T]C	1.47E-04	3.24E-04	3.10E-04	2.08E-04	4.95E-05	4.34E-05	2.97E-04	1.36E-04	8.65E-05	1.57E-04	3.02E-04	2.22E-04	3.62E-04	8.37E-05	1.36E-04
G[C>T]G	2.54E-04	7.00E-04	3.68E-04	2.75E-04	1.18E-04	4.99E-05	5.16E-04	3.76E-04	8.05E-05	2.13E-04	5.54E-04	2.92E-04	8.09E-04	1.97E-04	2.23E-04
G[C>T]T	1.30E-04	2.16E-04	2.08E-04	1.88E-04	4.32E-05	3.53E-05	2.47E-04	1.66E-04	5.28E-05	9.04E-05	3.31E-04	1.77E-04	2.14E-04	8.45E-05	1.52E-04
G[T>A]A	6.26E-05	6.06E-05	5.55E-05	5.71E-05	1.85E-05	7.56E-06	7.46E-05	8.56E-05	1.64E-05	4.39E-05	9.85E-05	5.24E-05	8.47E-05	3.27E-05	2.13E-05
G[T>A]C	6.47E-05	4.92E-05	5.02E-05	9.00E-05	1.33E-05	1.21E-05	7.00E-05	4.99E-05	9.52E-06	3.40E-05	1.23E-04	3.55E-05	6.66E-05	3.65E-05	4.06E-05
G[T>A]G	6.66E-05	7.42E-05	8.90E-05	7.04E-05	2.19E-05	1.06E-05	1.03E-04	9.12E-05	1.69E-05	3.51E-05	1.48E-04	4.79E-05	7.24E-05	3.64E-05	4.69E-05
G[T>A]T	6.97E-05	8.55E-05	8.69E-05	1.02E-04	2.19E-05	1.14E-05	9.07E-05	7.99E-05	1.72E-05	4.47E-05	1.17E-04	5.20E-05	7.24E-05	3.45E-05	4.09E-05
G[T>C]A	1.41E-04	2.36E-04	1.52E-04	2.35E-04	4.35E-05	1.97E-05	2.62E-04	1.55E-04	3.73E-05	9.15E-05	4.40E-04	1.04E-04	2.33E-04	6.54E-05	9.49E-05
G[T>C]C	1.51E-04	3.73E-04	1.21E-04	2.47E-04	4.35E-05	2.33E-05	2.58E-04	1.45E-04	3.21E-05	1.85E-04	4.63E-04	7.04E-05	2.40E-04	4.68E-05	2.66E-05
G[T>C]G	1.47E-04	2.22E-04	1.06E-04	2.27E-04	3.12E-04	2.19E-05	2.39E-04	1.00E-04	3.47E-05	1.14E-04	4.44E-04	4.31E-05	2.53E-04	6.69E-05	1.73E-05
G[T>C]T	1.83E-04	2.88E-04	2.33E-04	2.89E-04	9.98E-05	5.66E-05	3.73E-04	4.45E-04	1.23E-04	1.14E-04	5.35E-04	1.97E-04	3.06E-04	9.78E-05	9.31E-05
G[T>G]A	4.54E-05	4.80E-05	4.08E-05	9.69E-05	1.56E-05	7.79E-06	3.95E-05	5.78E-05	1.15E-05	2.52E-05	1.03E-04	3.37E-05	4.37E-05	6.21E-06	2.81E-05
G[T>G]C	4.23E-05	6.72E-05	2.52E-05	1.47E-04	1.40E-05	8.84E-06	4.12E-05	4.35E-05	8.05E-06	3.73E-05	1.54E-04	2.81E-05	5.91E-05	2.10E-05	2.88E-05
G[T>G]G	1.05E-04	1.55E-04	2.01E-04	2.43E-04	9.84E-05	2.27E-05	1.25E-04	4.03E-04	5.77E-05	3.91E-05	6.21E-04	1.68E-04	1.26E-04	4.61E-05	8.34E-05
G[T>G]T	1.65E-04	1.76E-04	1.36E-04	1.43E-04	1.44E-05	1.29E-05	8.94E-05	9.73E-05	1.66E-05	6.71E-05	1.85E-04	7.63E-05	9.74E-05	1.94E-05	5.33E-05
T[C>A]A	1.33E-04	2.30E-04	3.92E-04	3.00E-04	4.89E-05	2.69E-05	3.67E-04	1.49E-04	7.56E-05	1.22E-04	3.47E-04	2.51E-04	3.19E-04	1.02E-04	2.46E-04
T[C>A]C	9.17E-05	1.38E-04	2.21E-04	1.82E-04	3.86E-05	3.11E-05	2.50E-04	1.75E-04	3.28E-05	9.89E-05	2.53E-04	1.34E-04	2.41E-04	8.17E-05	1.52E-04
T[C>A]G	3.91E-05	3.81E-05	5.18E-05	4.57E-05	1.41E-05	6.56E-06	6.84E-05	4.66E-05	9.21E-06	7.53E-06	1.08E-04	3.05E-05	6.93E-05	2.94E-05	2.18E-05
T[C>A]T	1.92E-04	3.27E-04	5.81E-04	3.95E-04	7.67E-05	4.49E-05	5.94E-04	1.23E-04	1.07E-04	1.75E-04	5.54E-04	3.93E-04	5.37E-04	1.57E-04	3.23E-04
T[C>G]A	8.35E-05	3.76E-04	8.59E-04	4.02E-04	3.45E-05	2.97E-05	4.04E-04	2.91E-04	9.12E-05	1.41E-04	5.03E-04	3.07E-04	3.91E-04	1.16E-04	4.53E-04
T[C>G]C	1.03E-04	1.68E-04	3.76E-04	1.72E-04	3.14E-05	2.00E-05	2.15E-04	1.77E-04	4.90E-05	8.73E-05	2.75E-04	1.28E-04	2.14E-04	8.86E-05	2.65E-04
T[C>G]G	3.28E-05	5.36E-05	3.31E-05	1.32E-05	1.26E-05	4.16E-06	2.84E-05	3.58E-05	8.89E-06	1.71E-05	3.55E-05	1.87E-05	5.58E-05	3.74E-06	3.34E-05
T[C>G]T	2.48E-04	6.02E-04	1.45E-03	7.33E-04	4.61E-05	5.26E-05	6.69E-04	5.28E-04	1.67E-04	2.26E-04	8.00E-04	4.87E-04	6.69E-04	2.24E-04	7.61E-04
T[C>T]A	3.41E-04	6.31E-04	1.55E-03	6.52E-04	8.62E-05	2.68E-04	1.09E-03	7.82E-04	4.50E-04	1.77E-04	8.99E-04	1.54E-03	6.22E-04	1.39E-04	1.12E-03
T[C>T]C	2.22E-04	3.72E-04	1.04E-03	3.95E-04	8.09E-05	4.08E-04	6.87E-04	8.68E-04	5.10E-04	1.65E-04	1.19E-03	1.34E-03	5.67E-04	2.12E-04	4.36E-04
T[C>T]G	7.61E-05	2.85E-04	3.31E-04	1.61E-04	6.40E-05	1.02E-04	2.77E-04	3.14E-04	1.19E-04	7.34E-05	4.15E-04	3.66E-04	3.86E-04	1.09E-04	1.45E-04
T[C>T]T	3.11E-04	4.49E-04	1.06E-03	4.45E-04	8.40E-05	1.66E-04	7.29E-04	5.63E-04	3.24E-04	9.00E-05	6.85E-04	9.56E-04	5.25E-04	1.37E-04	7.10E-04
T[T>A]A	3.03E-04	5.27E-04	2.51E-04	9.78E-04	6.80E-05	3.14E-05	5.02E-04	1.58E-04	7.59E-05	1.91E-04	2.46E-03	3.13E-04	6.22E-04	1.15E-04	9.47E-05
T[T>A]C	7.21E-05	1.07E-04	1.22E-04	1.20E-04	2.43E-05	1.25E-05	1.26E-04	8.96E-05	1.96E-05	4.76E-05	2.37E-04	7.29E-05	1.39E-04	3.39E-05	4.90E-05
T[T>A]G	7.29E-05	9.92E-05	1.23E-04	1.11E-04	2.03E-05	1.53E-05	9.09E-05	9.37E-05	2.59E-05	5.00E-05	1.10E-04	8.62E-05	1.19E-04	3.07E-05	1.51E-05
T[T>A]T	1.53E-04	1.95E-04	2.81E-04	3.44E-04	3.70E-05	3.42E-05	2.08E-04	2.21E-04	6.22E-05	9.63E-05	5.26E-04	2.21E-04	2.22E-04	6.31E-05	1.02E-04
T[T>C]A	1.27E-04	1.94E-04	2.93E-04	1.98E-04	4.21E-05	2.13E-05	2.09E-04	1.74E-04	4.08E-05	8.89E-05	3.13E-04	1.87E-04	2.02E-04	7.69E-05	8.60E-05
T[T>C]C	1.57E-04	4.12E-04	1.98E-04	3.08E-04	5.64E-05	1.91E-05	2.61E-04	9.82E-05	5.38E-05	2.08E-04	4.35E-04	1.25E-04	3.09E-04	7.42E-05	1.04E-04
T[T>C]G	1.23E-04	1.69E-04	1.75E-04	1.73E-04	4.05E-04	1.16E-05	1.16E-04	1.25E-04	4.64E-05	1.18E-04	1.11E-04	1.23E-04	1.03E-04	8.83E-05	9.42E-05
T[T>C]T	1.70E-04	2.67E-04	2.84E-04	3.72E-04	4.83E-05	2.01E-05	2.59E-04	1.95E-04	4.85E-05	1.13E-04	8.85E-04	1.93E-04	2.82E-04	8.31E-05	1.14E-04
T[T>G]A	1.04E-04	2.13E-04	1.38E-04	3.14E-04	3.04E-05	1.38E-05	9.99E-05	1.15E-04	3.76E-05	1.15E-04	1.57E-04	8.78E-05	1.09E-04	4.62E-05	5.25E-05
T[T>G]C	5.75E-05	8.48E-05	7.66E-05	1.20E-04	1.92E-05	7.43E-06	6.08E-05	6.07E-05	1.57E-05	4.42E-05	1.15E-04	4.91E-05	7.49E-05	7.29E-06	2.16E-05
T[T>G]G	9.97E-05	8.89E-05	1.79E-04	1.57E-04	2.39E-05	1.93E-05	1.17E-04	1.25E-04	2.88E-05	6.54E-05	2.41E-04	1.19E-04	1.62E-04	3.18E-05	7.36E-05
T[T>G]T	2.10E-04	2.09E-04	2.07E-04	3.22E-04	3.88E-05	1.99E-05	1.82E-04	8.81E-05	3.95E-05	1.17E-04	3.90E-04	1.33E-04	1.99E-04	4.90E-05	8.70E-05
