MutationType	SBS96A	SBS96B	SBS96C	SBS96D	SBS96E	SBS96F	SBS96G	SBS96H	SBS96I	SBS96J	SBS96K	SBS96L	SBS96M	SBS96N	SBS96O
A[C>A]A	0.001595215802000805	0.0089061132977813	0.004057886284049697	0.0099188710758667	0.015179473726579776	0.004057714248018506	0.0051972368563794535	0.03643076306732951	0.019218303696467747	0.003741845107800974	0.016695477262926316	0.0035883757157225537	0.014761205745254845	0.012707193611023796	0.011367942884421013
A[C>A]C	0.0017545121329957144	0.002256318856927792	0.012631538767826894	0.006442175329786714	0.017374661216585038	0.003106535858522794	0.001252913768931672	0.011862058255666018	0.010288879331753075	0.007194740719468066	0.010776105418589072	0.0013172985060017639	0.019144954716391754	0.012223769341804963	0.0043054810103329635
A[C>A]G	0.00020157802361630216	0.0005731649358408857	0.00015539962041190059	0.0013227138300291922	0.0025993386723149065	0.0009574874179025413	0.00029982310524508316	0.001713796325100411	0.0011055565896905737	0.00020222578752689756	0.0025143638548455654	0.0012190029046132758	0.002927938127643395	7.013808437146912e-05	0.000948371746647541
A[C>A]T	0.000710110089609372	0.0052698437746464535	0.004315309580908727	0.004045152659495365	0.009164963438838382	0.002267157175080787	0.0037024055107979697	0.013767515083380002	0.011844018514827035	0.00163086936602148	0.009874991658492134	0.0032804191993882873	0.016736190332317016	0.010571471258299839	0.004393529766546738
A[C>G]A	0.0033286877048688372	0.004366565467363408	0.0002255586521991455	0.004537523819015837	0.021303498073671576	0.02349039616511964	0.006491293936296297	0.009657385439455603	0.013418339796106732	0.014129997013784973	0.0024728778754658878	0.005439749350741445	0.0036738704394088223	0.009107351803466059	0.006877725619945512
A[C>G]C	0.0015710451945418304	0.0018014007919695885	0.00198685224913732	0.00157520394486569	0.013232796967401768	0.007902890274609685	0.0037573014705271886	0.009276192515561818	0.00884502353028295	0.009526154781202173	0.007084694987063477	0.002913850530397256	0.000741191210813838	0.013700449894443367	0.0043072205752396845
A[C>G]G	0.0004387364344528445	0.0005722873736322132	7.178989475562082e-05	0.0013912723812237857	0.0021386901433519774	0.000994022766430681	0.000445174623538203	0.002025977499575596	0.004814280043899116	0.0015554186245395033	0.0005710595342844208	0.0005040057192400452	0.0003124305027826771	0.0013381873835394624	0.0026271951192498744
A[C>G]T	0.0041786379687706295	0.0018774403235063	0.0009183726993461065	0.005025507599189449	0.0102115420780083	0.008710369461413897	0.011408267743175124	0.01187808546664769	0.005424421360524635	0.017408718035679362	0.005818510034194539	0.0034187770876482723	0.007285702256679326	0.023484689441094345	0.004315049923914883
A[C>T]A	0.0010334107541880159	0.010250905832125934	0.039940477072051596	0.006095187358293573	0.032539519681904217	0.005928631382790659	0.018232256811095998	0.010485360282046906	0.02385650344804632	0.010527471626832227	0.00945855484676544	0.008766857856947724	0.02415026395166296	0.0332841046697253	0.03059571322367673
A[C>T]C	0.02929270887768273	0.0020467822378878375	0.07912870868031546	0.003668503424690721	0.010908319525817658	0.005899520963157204	0.004622227485264516	0.004871631708514739	0.008299502150373134	0.010542088172625242	0.006665286483602594	0.0018093644537702182	0.00765467002941408	0.006194168010569413	0.00701317101539649
A[C>T]G	0.0013777585904177093	0.011408889164917141	0.006455841171812201	0.03189041399365847	0.036763053165239895	0.007656047381774965	0.021131640995742863	0.014204501600388993	0.09184977172087337	0.04405694563305644	0.025771241256526498	0.01617920915505877	0.012843488551678703	0.02183030772610612	0.02057095930439401
A[C>T]T	0.006697585746597458	0.0128897654410038	0.08734850829784614	0.005592917117645266	0.012250759527688197	0.00016205555289358067	0.0059591105084410775	0.010586398837518197	0.017170714959660632	0.005644269920319132	0.007468879291654149	0.0028251062205123354	0.01655420957177112	0.01517221914454138	0.013746952490646053
A[T>A]A	0.0069705728227585926	0.004212966998874267	0.0018224045461758744	0.005095532600717217	0.006499825699956034	0.008024574692262152	0.0013801728693974148	0.009082050171497583	0.010551143574866468	0.013687203468165042	0.01355605571629812	0.003294640511849538	0.009656443733139907	0.022219979254517675	0.01668532766136046
A[T>A]C	0.0020431023044569824	0.0017639658756575104	0.0031575388584599135	0.002948978995545645	0.009817489642628942	0.002497512422479634	0.0035887012756147837	0.007090232224764634	0.012064963157796425	0.011507901431362605	0.005431258124032183	0.0016109268621432409	0.007709544087737453	0.002071420067357562	0.004761767033959643
A[T>A]G	0.0010186012684924198	0.006690014247118091	0.001555886535489161	0.004388728030610213	0.009226608391971734	0.006079925010329195	0.0007736590891708847	0.006962607197462439	0.00845874377191877	0.004208629875098439	0.012790299342373398	0.0014773186240340573	0.009555313145612115	0.0025480342583203176	0.005537874828382706
A[T>A]T	0.006498196009055646	0.011399963640403769	0.0020353744087870736	0.0040509329864860085	0.01775160155443052	0.0030710563354683362	0.0011516163653349936	0.012401304966201166	0.024206593097412694	0.01185307294654793	0.005337975361317166	0.0028502575714342278	0.013636588532588511	0.011394474440149896	0.02522849886976686
A[T>C]A	0.008945910294698711	0.007713520937665973	0.0034774854851449487	0.01373785848732812	0.025912215064119826	0.007365751282680545	0.010224421570231196	0.013503939201681484	0.02568687605156061	0.02063128646243034	0.01117214041733066	0.005536378094494685	0.022689462216173815	0.017203722255099436	0.03765509603477948
A[T>C]C	0.0012611142500362988	0.002975175680864346	0.002129577138876801	0.0043877231605064	0.009575212625940709	0.0032607687579762914	0.004246771088974096	0.005090693251125282	0.006869438570406302	0.012844097379014336	0.00486952089266209	0.003208302902036857	0.011720847159071023	0.00876191051070294	0.015542444005271942
A[T>C]G	0.0025316493152274227	0.0048188037536348784	0.0012567424091940917	0.005066228056122482	0.0153236211287416	0.003140566838378629	0.007542365849149839	0.007540657853342327	0.014608461276536621	0.007465201589743503	0.009193890390750302	0.10543422160993766	0.012468673671327302	0.008705376745435107	0.014214233390750246
A[T>C]T	0.006672934288549816	0.007865615885986868	0.003054193444324237	0.00940209861999343	0.021064720325235275	0.004951403979196356	0.008553550922363031	0.007763813385037791	0.02367725011770312	0.02373574625889526	0.017634385272248358	0.006902122128670352	0.02244564302896201	0.018691582276299704	0.024862491784602498
A[T>G]A	0.0034249970349243537	0.001228466827025707	0.0006200864304058688	0.0009403733228862639	0.0016252632373758356	0.004464820681249729	0.0012958865158011858	0.0011296396125529834	0.0026011885359985857	0.0019615729752525206	0.00624145370719995	0.0010202304072608034	0.004453162601595899	0.05314081643446228	0.00541261628916717
A[T>G]C	0.0011119140722028807	0.0013260855574198178	2.5366123339595496e-05	0.0004639258329106984	0.0030838465445089105	0.0021644335497596956	0.0008053525452091686	0.0011494266050950178	0.0010425449299564294	0.00238881936952155	0.0007618674809714402	0.00015090882573128928	0.0029165758807077075	0.015911580317938635	0.0014481136505385924
A[T>G]G	0.007280633630417426	0.008485557153224231	0.000593525751745708	0.001009806109946823	0.002260160482096904	0.0015210094738364415	0.0007068197154928775	0.007843191829668804	0.0032829562213219855	0.0024810714309375856	0.06647635244871754	0.0033233094322774057	0.00043409409610075387	0.00653744775502941	0.0016482630104572044
A[T>G]T	0.0009461902665822702	0.002624950318066567	0.0007513166413435143	0.00270749861673317	0.00418821781530286	0.0037993863860801406	0.0011145497657889995	0.006052650825629056	0.002915225499075799	0.005829040204935202	0.008893351177765683	0.00129690970375434	0.02231474849897981	0.014087860766031133	0.005591960547263825
C[C>A]A	0.0027747268596095423	0.01136072361126197	0.025182946508485637	0.34052693323485794	0.012834535376148027	0.06786948866438045	0.013160509999452131	0.02036024336797049	0.007868998041877006	0.01132741506327878	0.010733290624857639	0.0029077495474576047	0.029244524886825468	0.008926591915647009	0.01378146747700482
C[C>A]C	0.0007960850721698036	0.0065409522703337	0.009227675639558584	0.03823176235986206	0.013885685917174661	0.031992904187375645	0.013449568786639787	0.004240557713849327	0.006956523017161718	0.00979574295231891	0.002883201624817489	0.0030070393178910624	0.010534012153485234	0.0047664494508723	0.004704055017221414
C[C>A]G	5.9646955297936646e-05	0.0008949674531534668	0.003924013928279081	0.040113536362385786	0.003746577754743298	0.010641143762935533	1.1917188246902768e-05	0.001599938583773891	0.0029114291350471884	0.0021438363610344294	0.0019438252595315878	0.0010750579295326463	0.006012846989571315	0.0010553011771554702	0.0019206131483545082
C[C>A]T	0.001213903397584864	0.009860093459882329	0.021615323059524627	0.13091128426209186	0.0320709896159378	0.10268703263878723	0.007078230282318999	0.006949916291912485	0.013413701826870697	0.0028394351479740293	0.004766688488362034	0.001110453423082068	0.0068830571671808	0.004212888002225933	0.006273038922862614
C[C>G]A	0.00024253201196966192	0.0030064806309657677	0.0006354652244665653	0.002720693704817856	0.0061983636775182465	0.007161276407383477	0.010913934699914009	0.010500967862572652	0.005524517672257731	0.003798843374388177	0.006373997965436995	0.0017844133379102485	0.003304548791708454	0.001125441669611339	0.0050284560143256975
C[C>G]C	0.00030201656664371134	0.002615051894387836	0.0009904455247216107	0.004908348569008516	0.006436347764904878	0.008589737143219678	0.006765433246101863	0.006818584843962904	0.00377233117040193	0.004619251645553803	0.00207888598318262	0.0017700678803781633	0.0028014074696598766	0.00542702522669032	0.00628605699066267
C[C>G]G	0.00017782494538075405	0.0005555237139055325	0.0006535574983739952	0.00041441801764079264	0.0024720297759423947	0.001142801308687922	0.0016010223115849505	0.002417192463659515	0.0018235108555379616	0.0011004040776779358	0.0004953122310541869	0.00038154155886634377	0.0009100196427128098	0.0012453030394377403	0.0022490696392891414
C[C>G]T	0.0018632387913557085	0.004189239287247574	0.0011806448378504377	0.0040951996696007645	0.005319076611350304	0.006252761150634388	0.021372629471257575	0.00940940412402685	0.006011386310764527	0.004461235965620823	0.006085838783045991	0.0018953263532338577	0.006592829118387169	0.00982264336481387	0.009453275530568177
C[C>T]A	0.04875634510288515	0.050452281670838046	0.031106475340460894	0.003898925807697605	0.023891729207764313	0.01607167803551249	0.017642799358073922	0.022270624003624135	0.004982021383735631	0.008905907779496505	0.024794655434430553	0.00902898437630099	0.007018036648411065	0.017458683496615286	0.01594030262030702
C[C>T]C	0.06884195176746183	0.03787836451912963	0.1785778069532401	0.0036140668793820047	0.0027450481302486412	0.10737310232444895	0.0042042323445819	0.01582321108330488	0.0007311544470913506	0.005855124935287333	0.0028750545574361764	0.0038325917582916294	0.004034204501038299	0.001805832307989839	0.0026454171589335037
C[C>T]G	0.010170868034028481	0.010324185461155929	0.006010141322069041	0.01201527153156858	0.02312696743341021	0.007188601916922716	0.015238263871699673	0.008868091444155268	0.048036891689942206	0.027858009539964784	0.006223939663122874	0.011030499817536836	0.010330136437266452	0.007665762117886476	0.0210402642314272
C[C>T]T	0.04251914584644754	0.06498674167322406	0.1005269649656287	0.001196023225977247	0.008552083517439177	0.055230446567765566	0.011415012906885598	0.04115641280130495	0.0040707512642613325	0.006146648733141312	0.012215260124584631	0.001412279948630145	0.006532534202776562	0.007145927338308066	0.003190559931087508
C[T>A]A	0.0020513768824522204	0.003076728021177959	0.006237318496793818	0.0009970323116181023	0.0015357689428886852	0.02061645801439629	0.000978790889219494	0.002659066755047357	0.003947075300444291	0.004421875398560477	0.0036883646648105434	0.003877090140439504	0.006314330624064226	0.0023566678779499976	0.0015222033500491559
C[T>A]C	0.00029038757183300166	0.003007324836148646	0.0043756971884299015	0.0023785417209283206	0.0038479904352560794	0.014531174798779453	0.0023143171088721177	0.00519228205627382	0.007261639426652813	0.002246278602737849	0.0056074390822963786	0.002599796545210574	0.011470585081628154	0.002716358725207154	0.004721030806514641
C[T>A]G	0.002094113943554147	0.0055781470105438	0.006570727496855163	0.0021485381003709812	0.0022703837793726883	0.015452970360509948	0.0003707616421816141	0.006813138521849239	0.0043954470504764635	0.0012341749937884443	0.006832797547276306	0.0025699671713289734	0.010214441099135918	0.003421654484285554	0.001698228015710178
C[T>A]T	0.0011457609581239053	0.003576380102156732	0.006262699987008112	0.003042475699206485	0.002593244303357973	0.03023109043482411	0.00032019801254854255	0.008421696338564554	0.006467564551237403	0.003927297411575251	0.006025971255733481	0.00018715890342680164	0.019217757293079438	0.006931951721920114	0.005134936812127784
C[T>C]A	0.003080924933159352	0.00469765479273061	0.001913908207890623	0.003970966441328583	0.008411722744125612	0.015776305523828	0.00465282341340425	0.005558231453396645	0.010309047207722532	0.008265986295670774	0.003095486806825723	0.015870193182673544	0.004047811478762984	0.007710417585547603	0.01197525135069861
C[T>C]C	0.0008190928687655703	0.005620806401159685	0.002752504586219861	0.0028232582082681167	0.006394775844328986	0.023528612913701973	0.00445337386697587	0.006125804009345909	0.0025748942366681537	0.02457383232657942	0.004773912863276858	0.0355661559823727	0.022371980579486868	0.013168565223735862	0.01654791830102802
C[T>C]G	0.0008710810492827898	0.0036216823385886495	0.002708999825719303	0.006687324074196448	0.006837588744666622	0.011002787826897368	0.0037898174500808077	0.0075896784000045675	0.010432993816485945	0.007178289653042491	0.0076057146898264845	0.0650961635988605	0.011428255361879086	0.0034670613230302844	0.010122509214063494
C[T>C]T	0.003565598669706964	0.009484640561323815	0.0030659131908153253	0.0031591908666701164	0.004715741344892876	0.022193254025889658	0.0056185542093466784	0.012624514624514523	0.0069943470105997985	0.005031380639733701	0.01662409362195618	0.0048585133361421845	0.04815802387119575	0.004129267013270144	0.01710091266878232
C[T>G]A	0.0010115710369033991	0.0015506637604927587	0.00090653844576595	0.0024479829998451112	0.0016623617287892043	0.0017840278575802734	0.0008950356177030596	0.002217377358124743	0.0021788753641266384	0.004043816597110588	0.0038922857286813675	0.005589066988931883	0.002825047206051998	0.007123578532910696	0.004872091462451598
C[T>G]C	0.00030826890769275597	0.0022005660656731056	0.0005483459909588802	0.0016414641252551028	0.0029411881628424834	0.0024598089897864624	0.0007665160872478296	0.0026797930126820128	0.0012977214515487794	0.0025340418165607213	0.000383206882317164	0.003971077566965357	0.008845182856885831	0.004856838981311476	0.005572484053372966
C[T>G]G	0.0014278544436150992	0.009962467451227688	0.001639474550324995	0.0017342369656156203	0.003287270346370253	0.005337766219499819	0.003729508811269514	0.016777809229941553	0.0016114968389710316	0.004497418363735374	0.026776327136127598	0.0044656884954583234	0.005685871354631986	0.0025511058281623353	0.002296537557075019
C[T>G]T	0.0011248014354052244	0.0033940455245580828	0.0006249379435770574	0.0019591896536396247	0.0036743643714322954	0.006931894422279583	0.0019550218013534336	0.005192406578613998	0.0025020848865826874	0.007164548739204319	0.0007868700897167291	0.002977736359949749	0.13398240751658974	0.004951286783665647	0.0020072210516427907
G[C>A]A	0.0010278637234821422	0.007440362921685509	0.002738511548395802	0.013562954370072667	0.015016714034189905	0.006726843991603934	0.003456231807820502	0.02732514800311916	0.01025964620603851	0.0026584419566873423	0.005067421283097684	0.0011173028781052343	0.002657021449699457	0.004711679644550262	0.005496415705030966
G[C>A]C	0.001191414828695312	0.002137164749942478	0.008047151683097692	0.0075462678416995084	0.006091180361557605	0.013532102220599234	0.0032016290564250544	0.005947999632509762	0.004419171590868739	0.006411204752756653	0.004702309287801066	0.0013982917103049928	0.010037307118959891	0.005565102906551855	0.003413441652897177
G[C>A]G	1.2081203152738762e-05	0.0005550520064742135	2.6634209400585314e-05	0.0009677621280498665	0.00224509474765299	0.000203104954596546	0.001414983253203423	0.0030272402162632903	0.0011330859133722422	0.0006458901452740233	0.0016205718763083695	0.00010158878361321993	0.00037601431132474103	0.00046086840612843017	0.0008281365762965309
G[C>A]T	0.0007270693875592442	0.005081682474979715	0.0032010580944202937	0.00738797088460313	0.012088603924786884	0.002713862166343767	0.004816338941885559	0.018293984539254845	0.009731902299817748	0.006246905840403347	0.0022216253622288004	0.0017452155640905157	0.0034853371100433857	0.002393695824923266	0.008113486137363452
G[C>G]A	5.079308735518598e-05	0.00170360910189462	0.00042597558768508613	0.001398287553099182	0.008602330280076228	0.009826106601238109	0.0036979687406059588	0.005990762076727016	0.00867724907469827	0.0019652309228580544	0.0047771940521524345	0.002052939817251341	0.002812470041426033	0.0023016606892705973	0.005401914847976146
G[C>G]C	0.00300099829998344	0.0012476535385642148	0.0020715314318433065	8.31172128894195e-05	0.004726143060350427	0.012788631682590236	0.0033410504411204743	0.0062480229913033465	0.0033965032557187625	0.01480555340507383	0.0003256414988292641	0.0022667741607699204	0.0012066815786947714	0.015940348074811955	0.0022577023364972523
G[C>G]G	0.0004148307653507262	0.00047114670946669544	1.5208720072527635e-05	0.0013091790380587677	0.0004440080162226692	5.511937719038199e-05	0.0004923561540015928	0.0011906728151552244	0.00024360607381095835	0.0009612044480511188	0.00010063426648623159	0.0006461387724471807	0.0006152302170854858	0.0008536556824541462	0.0011985663876489703
G[C>G]T	0.0012337468214457896	0.0027526135527802483	0.0012396446155239194	0.0025942325101705687	0.012124222449557688	0.0048059175111371194	0.009177412559814281	0.006505137441957916	0.004701758018045105	0.004584690917342134	0.0017678770345126334	0.001602671031185776	0.005900382299664659	0.004019421649704647	0.003154560769228535
G[C>T]A	0.0027241936197768997	0.010436585559845722	0.010165257788836675	0.004082291379447557	0.03211379630568848	0.01754845750661562	0.020669604832880387	0.012823073695567015	0.02055202065986333	0.016455938414876685	0.006421648330569046	0.006329039542344219	0.006382552490279751	0.012228508868955981	0.007058946430404941
G[C>T]C	0.020819708227025308	0.006825189489065248	0.011545734897639744	0.0036101467985386066	0.019631052239192478	0.011158764518420402	0.010357798660436852	0.010839570501804455	0.02336905512453533	0.03532541351602536	0.0033730774167555428	0.00190142489397046	0.006549761815902473	0.005737831681912145	0.005213043524051135
G[C>T]G	0.00382705950284764	0.00861824614041886	0.0037076604556734653	0.026895940903364644	0.023311459071954053	0.005895619352986779	0.010923750064478053	0.009095342765227044	0.06992298965563463	0.07466524457560585	0.022321822782277224	0.01164838885531982	0.010684264394059865	0.006162259219159575	0.01913540236817429
G[C>T]T	0.01345982540739691	0.018602945850177115	0.011307434626574731	0.006488077386138239	0.02036451471528941	0.005664845564225484	0.01075477860671932	0.00927846130608057	0.010972524669193249	0.01689495425612915	0.01176806079857218	0.00487700943687217	0.013320956005153697	0.00904111607389698	0.017623691955639613
G[T>A]A	0.0011768656138791364	0.0025443115074567082	0.0002577948385816221	0.002206021487701515	0.0029743090416266106	0.004613071535245303	0.0003505108788235676	0.0017323610763902222	0.003812829584373825	0.00209926302147816	0.004655206472398637	0.0011772748276627275	0.005314250334132782	0.0014790813094472458	0.0021770227824114744
G[T>A]C	0.00027858240076626727	0.001473155333756191	0.001912920901849256	0.0027628853845686157	0.002709268836078522	0.001680163023558669	0.0022223494380385848	0.002154474556178055	0.0023618614113374244	0.001211433668287587	0.0018549658851980814	0.0005398648636360632	0.005785114684630913	0.005360665713876738	0.0032604372741665815
G[T>A]G	0.0012630006446017954	0.0016127681822873429	0.0011642038169261356	0.0026624406536831413	0.004600664132298045	0.0016000910994245481	0.0018715151407926486	0.0048690265667658255	0.0016516002533880285	0.00214226142324162	0.00846705220933476	0.002030171556775708	0.005148065698129437	0.002175960925622136	0.006858014977678599
G[T>A]T	0.0010949739085732992	0.0032862140086579437	0.0010083353245793406	0.0023099456373603462	0.00409658706946957	0.0031309249986871423	0.0014202160057004626	0.004427615893615335	0.0016791756124289172	0.0035277441140595346	0.00534030428274183	0.001907895337112765	0.006522248137317808	0.006284476514463208	0.002937761642428644
G[T>C]A	0.0024862632318361087	0.004354840703746799	0.0022462860424877933	0.0037540583717565966	0.016331420963347276	0.006371790852489578	0.009242034711930483	0.00552010396896199	0.012774987015318384	0.020541109582100422	0.015320857060853446	0.0037686706149993024	0.009797933100010627	0.015324225618088749	0.015814068488370945
G[T>C]C	0.0009102389478980005	0.002005130102667964	0.0024752388583408674	0.0017069220953091098	0.0098878806932232	0.01812584652316817	0.0003791052114783664	0.0026063841660380204	0.00784333883369815	0.04458562077221914	0.008167809527551056	0.0016122061141353391	0.006991187639455526	0.010249873589569695	0.01696091374966517
G[T>C]G	0.0015987542249359904	0.0003894679760972784	0.0018897708319988707	0.0017447786974824717	0.008263748795954255	0.00534814836120772	6.956364584710422e-05	0.0018470962628411311	0.01113686684260492	0.008770927066888033	0.002073831862831721	0.21125312868814042	0.007112896351979113	0.007476062036921037	0.02237017491572061
G[T>C]T	0.02937673328656498	0.0027133095111567676	0.003675118975766396	0.006109611077816797	0.02065563687139643	0.005141077900903455	0.0017772294630013117	0.004413954504340957	0.012608579905407258	0.01609375854560139	0.09115466405835557	0.003925882159933735	0.01469340518583996	0.011965322198813598	0.01807035076855224
G[T>G]A	0.0005237188742868484	0.001758162720166745	0.0006747645414573477	8.323134374721341e-05	0.0010787355600732154	0.0007934160354735796	0.001197148760503937	0.0016541272805564145	0.0012091743253285125	0.0017862237324433336	0.003992497916304408	0.0009241080475189001	0.0031617408954703577	0.006608616506269733	0.0025646862986722853
G[T>G]C	0.00019824121578923426	0.0009018971157489118	0.0010261459161980061	0.0012346396308009387	0.0007514254017878754	0.0013825973744289884	0.000909160715234733	0.0004022556969558569	0.001535932689814108	0.002541426069602353	0.0015106481795885965	0.0007926403365160926	0.001667768771930346	0.009916635886411722	0.004939278998734264
G[T>G]G	0.01031440212188956	0.0072487680358597276	0.0007477584424177661	0.0011513102585690754	0.0008945929236165555	0.0007124963960860574	0.003833093314315026	0.007059915580698696	0.002057591107237771	0.0025115927893481008	0.07361658605793801	0.020252294985013023	0.0045837921502664795	0.0068341969984758305	0.013942405018859301
G[T>G]T	0.00047708814972999215	0.0030267467824233118	0.001117954955011556	0.0003951018969260176	0.0017548162279957245	0.0025216494077613012	0.001983276111891825	0.006138545492966859	0.0020986883878702906	0.01579487374507439	0.007288458749938972	0.00026926518506265295	0.03210579533857507	0.005620757244348099	0.005621740457318996
T[C>A]A	0.006372488148599281	0.006938484259279116	0.002485477374835054	0.01058021026701237	0.025629954317140418	0.006635704557480168	0.034158184337262636	0.031683466490770404	0.018038231836952398	0.007461501987968424	0.0037038288807128227	0.0035363645309076696	0.004988723244532709	0.02737877657330708	0.010423970351766057
T[C>A]C	0.0008665134819338544	0.00613875800262436	0.010022394262681311	0.008918192516497907	0.020476004525410627	0.011048474763174337	0.029190282322334688	0.015697021890943866	0.009741364377412196	0.004768863789410906	0.013513574601630626	0.0021895912182745433	0.002928781113665977	0.005588598262351063	0.0062468525278357315
T[C>A]G	0.00041097357672875115	0.00054263741627729	0.0004558983595623254	0.00148649349494521	0.0032660098918255065	9.452135161616586e-05	0.0004475447774981887	0.002603885156333716	0.002910243248426367	0.0009788524127409192	0.0019410611267729997	0.0006985897752232944	0.001975038427512424	0.0013319355732482295	0.0028853834483843345
T[C>A]T	0.007519183938906092	0.007203551069827587	0.0070688415120203655	0.027866094232113888	0.045278134073445435	0.00950027699924377	0.03939638074555629	0.04304608996556359	0.026817488422548115	0.02477953044599338	0.0015973904937843918	0.007163604665117998	0.007972681846362076	0.01933358424308073	0.013647502919440719
T[C>G]A	0.002269766089252217	0.009170493148130612	0.0008883531974221582	0.0038352946958491643	0.01537922869142585	0.004616217083874246	0.0921220029321238	0.02050391802369718	0.012993323000298684	0.013573847375932206	0.010423742367042868	0.0009600593261374239	0.0008533418614212936	0.011268253290691074	0.006963570254957121
T[C>G]C	0.002943592956988206	0.001416612145170616	0.002201140759548214	0.006379350411488842	0.006423105232502656	0.008952316766971136	0.03594268718543861	0.009971635465371456	0.006176309069681177	0.007013304769451191	0.01078543704575688	0.002583095978788585	0.00470640432239305	0.004938962259438264	0.008442347386034827
T[C>G]G	0.0004164265755777187	0.0003293355043959605	0.0001630952272350771	2.4540970319179906e-05	0.0006283918842765532	0.000532681698231278	0.0022796148211604106	0.0007328825934547145	0.0022684213165708664	0.0028038039334654986	0.001398476432492291	0.0007272481399921952	0.0016975164275595622	0.00014268638438532652	0.000575108567358573
T[C>G]T	0.006950720422900391	0.00856697132345748	0.004153525110178509	0.01416442128831046	0.013101374171589814	0.008111403104086212	0.14758707223145626	0.02857190493127866	0.018969608114929783	0.01641893814966047	0.024515708896650612	0.0009945649537180877	0.009728755828994727	0.028259817649254886	0.010940471449634804
T[C>T]A	0.11950558286819489	0.1551708069899651	0.031141187749724335	0.0023028085040565876	0.033403150565960715	0.005701051505211043	0.10052653673044343	0.021769480453727497	0.012461349354848529	0.013716143535532264	0.022188769548615265	0.0016205262760510325	0.007058867983681	0.01601021293977837	0.0129253535599609
T[C>T]C	0.27922306954885096	0.07670520498798644	0.09503510579722357	0.006426799766301309	0.009357924572192908	0.0033462611466605497	0.014433576316039474	0.04114330037671292	0.007216370241968651	0.004329194116784177	0.03526538301464942	0.0013623004892244156	0.004593446446739374	0.00830592494476143	0.016252808222848195
T[C>T]G	0.06399235206195387	0.024418122984526225	0.002051272690073745	0.011072333174960137	0.009180649242810474	0.0020546360386315015	0.004526353505703081	0.01605545517816691	0.029078141933646783	0.018403575216572578	0.02643433904264215	0.008561063371830378	0.0014677999256352227	0.0037578715479939287	0.014604358857783465
T[C>T]T	0.0758636945493226	0.11761275322027959	0.08514146966897747	0.005746849491231532	0.01854463313905798	0.0016022837601171965	0.07894256614976834	0.03291438990950782	0.020392032865981236	0.01599254860608898	0.026460139843729358	0.003193541547550263	0.014695559666679472	0.011226912552640798	0.01909669913055164
T[T>A]A	0.005097966344739074	0.005982608729901024	0.0017646912546541902	0.008044076694612573	0.013432305462704967	0.008586469244733034	0.0024738167211163843	0.007889312124198494	0.016441558987930358	0.013715278168433187	0.0031203099965591823	0.002492599601081385	0.017573625651241112	0.03944889371006621	0.09703785044287906
T[T>A]C	0.0008254530361919674	0.004980493404875332	0.0010610605303999429	0.001022479829981053	0.005413033253546669	0.0024098804245674035	0.0016949969060252282	0.00709178885564197	0.006990780684576636	0.004970769498392046	0.0037538213141225913	0.0017098710872486954	0.003910230599047504	0.007003460021341753	0.007802182861820205
T[T>A]G	0.0019567815250137676	0.007484351533865388	0.0008944900941648306	0.001241584240693207	0.00220960591205721	0.003680600038365289	0.00012716476929525082	0.004782050759933717	0.004288344716810258	0.004534244766172974	0.003719765850513733	0.001079059394614137	0.004284339820880609	0.0055699443936043595	0.0020128704932908096
T[T>A]T	0.004483465677526298	0.0217777751596027	0.0016103395821223077	0.003820333468922737	0.00539555558054295	0.008254146727660516	0.002711540940551183	0.012488232171013362	0.005626767299037775	0.00662740795206688	0.01798145605985698	0.002072878585073178	0.012968216744735866	0.01940348286207626	0.022109297342586053
T[T>C]A	0.008493771088973175	0.010577744522858933	0.0010451585121064734	0.009043013608225214	0.009201010927529221	0.009128430769081123	0.0020305481090633916	0.018675051538265527	0.007593303182216172	0.01629369972525648	0.021625919540586364	0.004737410792944161	0.010937791466236274	0.016182240823323864	0.017066441206203077
T[T>C]C	0.0030132897842646642	0.01085524197951591	0.0005323563695850855	0.00540213878725651	0.006470145157198676	0.021278672123358773	0.006350646255319979	0.010099476597875865	0.010878589346279353	0.05100075647299035	0.001933709492008556	0.004054243317826898	0.005665603080727772	0.012717077365176755	0.011812258525182152
T[T>C]G	0.0021065998418147505	0.006470604082501579	0.00015853051061078671	0.0034207967815106607	0.0019215227337496467	0.0030972154655588215	0.004001927491765819	0.006445903253150043	0.0014725778372052566	0.0039019149519152014	0.0030266555194302836	0.28063890499394256	0.002272736742900529	0.0025246870505926874	0.0012415871439224982
T[T>C]T	0.00721960175550073	0.012290989211992237	0.0006855330821535573	0.009760240308656139	0.011798275145896913	0.009047280194100985	0.0055851514357527065	0.01945376773563801	0.012276099769729223	0.01968855788369747	0.02076832523113894	0.004416436039451604	0.0131895762280976	0.018467907985056427	0.040909450635003626
T[T>G]A	0.0016375719899665647	0.005602567041694495	0.0007089553697786289	0.0030851617703472746	0.0011349218277393262	0.0038193037782827794	0.0014713366555664075	0.0057153106527779865	0.002188846124544962	0.01358289101539129	0.0041908960788076466	0.0018557499794589142	0.0037881795953484893	0.041368700027872164	0.0025247841079497264
T[T>G]C	0.0007028456437156281	0.00189862732019682	0.0003573646518995659	9.235917262337947e-05	0.0019756392762472156	0.0017001386245026314	0.0004462527031161278	0.00446332334734993	0.0031491624749445395	0.0055210553437458395	0.0024691743020928223	0.0015629472558749394	0.0030110081458732414	0.012230489542579066	0.0041150112399319155
T[T>G]G	0.001446963776913445	0.00986508710211758	0.0013070608905341276	0.0008519743906516033	0.0024425653859198454	0.006070298142644237	0.004405092123782776	0.009090929962530784	0.006247044878902242	0.0019496586983172783	0.014131111635372005	0.0008693911878049791	0.0061926781989983725	0.01194565697808496	0.007519763664393163
T[T>G]T	0.0020979568928741095	0.009052877898825251	0.0014243328807637308	0.002023485446198206	0.007731419045225787	0.004869923182425624	0.0050078235519856185	0.01508332940709627	0.00945679850062902	0.016021568907795405	0.002047223487621098	0.0025476124345429952	0.04107985509047278	0.04188104111608658	0.022690010484220303
