Iteration	L1	L1 %	L2	L2 %	KL Divergence
1	1522.463	60.95	325.101	53.427	0.471
2	1538.811	61.13	326.801	53.458	0.459
3	1544.516	61.513	327.313	53.551	0.463
4	1531.281	61.289	326.828	53.022	0.472
5	1533.098	61.734	327.94	53.257	0.481
6	1535.078	61.376	326.717	53.543	0.472
7	1541.576	61.731	329.599	53.754	0.463
8	1529.248	61.118	325.138	53.319	0.46
9	1553.291	61.76	331.306	53.659	0.463
10	1534.861	60.684	327.277	52.99	0.455
11	1515.329	60.858	323.922	53.034	0.457
12	1534.367	61.378	327.601	53.397	0.454
13	1535.34	61.517	325.994	53.518	0.453
14	1538.457	61.627	329.124	53.559	0.472
15	1536.243	60.957	329.704	53.448	0.457
16	1537.086	61.711	327.64	53.332	0.473
17	1529.802	61.321	328.052	53.712	0.457
18	1534.017	60.242	327.48	52.758	0.449
19	1537.853	60.662	327.698	52.946	0.45
20	1517.102	61.009	327.069	53.517	0.474
21	1540.566	61.161	330.05	53.607	0.463
22	1540.648	61.34	328.931	53.032	0.467
23	1541.107	60.644	331.84	53.622	0.456
24	1532.164	61.665	327.276	53.413	0.467
25	1523.349	60.541	327.072	53.122	0.463
26	1522.03	60.506	325.935	52.955	0.447
27	1531.957	61.342	327.818	53.372	0.459
28	1555.443	61.022	330.671	53.23	0.462
29	1520.314	60.911	325.458	53.498	0.452
30	1534.323	61.606	327.648	53.429	0.467
31	1534.775	62.17	328.259	54.006	0.48
32	1530.398	60.834	327.289	53.31	0.469
33	1515.157	61.461	323.76	53.183	0.47
34	1545.261	61.543	329.452	53.492	0.468
35	1532.464	61.196	326.866	53.388	0.46
36	1524.686	61.129	324.411	53.341	0.466
37	1552.189	61.219	331.588	53.541	0.463
38	1525.876	60.987	325.691	53.232	0.443
39	1524.703	60.225	327.477	52.668	0.449
40	1525.493	61.14	326.314	53.219	0.468
41	1534.505	61.431	327.879	53.493	0.476
42	1516.592	61.46	325.479	53.322	0.487
43	1529.007	61.045	327.176	53.349	0.464
44	1515.867	60.809	323.606	52.981	0.459
45	1531.302	60.985	325.194	53.048	0.455
46	1548.849	61.732	331.007	53.587	0.475
47	1550.575	62.646	328.088	53.7	0.482
48	1544.998	60.712	330.407	53.35	0.456
49	1529.252	61.629	326.364	53.669	0.467
50	1530.165	61.587	327.139	53.273	0.462
51	1544.144	62.021	329.142	53.616	0.478
52	1539.762	61.109	328.46	53.66	0.47
53	1535.48	61.783	329.53	53.559	0.485
54	1526.23	61.23	325.613	53.216	0.456
55	1527.684	61.158	326.844	53.406	0.46
56	1526.422	61.579	324.542	53.23	0.479
57	1527.269	61.654	325.918	53.74	0.482
58	1540.107	61.675	327.251	53.696	0.462
59	1536.992	61.228	329.888	53.568	0.462
60	1525.969	60.985	325.612	53.347	0.47
61	1537.258	62.047	326.509	53.491	0.468
62	1538.452	61.25	328.486	53.525	0.461
63	1550.256	61.587	332.498	53.85	0.465
64	1523.484	61.433	326.217	53.847	0.463
65	1544.312	61.783	329.362	53.955	0.476
66	1528.554	61.102	325.232	53.46	0.455
67	1523.607	61.384	326.485	53.578	0.461
68	1523.519	60.416	326.242	52.915	0.45
69	1517.963	61.01	324.632	52.985	0.47
70	1521.606	61.356	325.638	53.633	0.457
71	1530.839	61.508	327.41	53.399	0.469
72	1527.847	61.434	324.594	53.052	0.474
73	1527.801	61.876	327.1	53.509	0.493
74	1534.176	61.673	328.543	53.539	0.469
75	1529.495	60.606	328.776	53.089	0.456
76	1526.068	61.53	326.09	53.431	0.47
77	1538.26	61.159	326.221	53.349	0.458
78	1531.333	61.069	328.906	53.408	0.458
79	1528.477	61.134	321.996	53.19	0.474
80	1532.375	61.883	329.22	54.063	0.465
81	1523.883	60.498	327.823	53.164	0.453
82	1528.219	60.983	326.873	53.225	0.463
83	1535.734	60.754	329.653	53.383	0.459
84	1543.223	61.518	328.439	53.533	0.47
85	1539.653	61.517	327.667	53.524	0.482
86	1526.815	61.905	324.654	53.603	0.469
87	1536.188	61.594	329.039	53.409	0.469
88	1531.13	61.413	326.708	53.286	0.479
89	1520.453	60.866	325.743	52.951	0.461
90	1539.983	61.042	327.726	53.3	0.462
91	1531.034	61.536	329.601	53.647	0.483
92	1536.772	61.538	328.08	53.619	0.46
93	1524.583	61.062	325.796	53.069	0.463
94	1518.986	60.56	322.052	52.839	0.449
95	1534.735	61.168	325.444	53.387	0.467
96	1536.672	61.108	326.818	53.17	0.464
97	1532.052	61.344	326.271	53.707	0.461
98	1524.182	60.718	324.24	53.233	0.457
99	1528.29	61.16	327.181	53.235	0.475
100	1532.102	61.899	326.937	53.754	0.485
101	1522.612	61.737	323.484	53.514	0.474
102	1546.356	61.009	331.679	53.731	0.454
103	1530.69	61.56	323.793	53.167	0.464
104	1526.501	61.414	326.169	53.326	0.465
105	1543.229	61.499	331.99	53.717	0.461
106	1534.191	61.195	327.202	53.224	0.467
107	1522.008	60.602	325.641	53.385	0.451
108	1524.752	60.652	326.786	53.199	0.452
109	1544.507	61.553	328.777	53.613	0.462
110	1521.72	61.002	324.72	53.209	0.465
111	1532.817	61.869	327.205	53.44	0.467
112	1531.143	61.324	326.919	53.616	0.471
113	1537.836	61.549	329.416	53.247	0.462
114	1528.349	61.632	327.882	53.728	0.467
115	1540.879	61.426	327.366	53.445	0.465
116	1526.612	60.909	328.687	53.361	0.457
117	1537.651	61.019	326.284	53.26	0.458
118	1543.303	62.08	329.413	53.624	0.476
119	1534.39	61.368	325.589	53.192	0.462
120	1536.241	61.119	329.046	53.337	0.454
121	1531.102	62.091	326.634	53.889	0.473
122	1527.793	61.393	326.452	53.12	0.474
123	1511.337	60.498	321.105	52.791	0.458
124	1535.495	60.704	327.869	52.985	0.458
125	1531.944	60.897	326.244	53.082	0.451
126	1542.852	61.396	329.757	53.83	0.459
127	1536.219	61.258	329.589	53.345	0.467
128	1527.748	60.94	326.118	53.457	0.465
129	1525.76	61.088	326.15	53.117	0.475
130	1525.322	60.946	324.02	53.219	0.457
131	1524.665	60.849	327.766	53.105	0.465
132	1532.533	61.659	327.705	53.408	0.478
133	1528.787	61.359	329.728	53.614	0.465
134	1523.243	60.388	327.59	52.624	0.44
135	1529.063	61.453	327.357	53.475	0.474
136	1531.695	61.278	326.822	53.176	0.464
137	1546.095	61.386	330.915	53.702	0.471
138	1537.82	61.473	330.903	53.75	0.466
139	1544.581	62.729	329.075	53.933	0.481
140	1538.794	61.478	329.463	53.808	0.471
141	1526.853	61.762	325.066	53.406	0.46
142	1541.777	61.859	330.928	54.061	0.47
143	1530.73	61.477	327.575	53.355	0.457
144	1529.794	61.097	324.574	52.856	0.461
145	1538.258	62.02	329.51	53.849	0.476
146	1527.256	60.805	323.544	53.024	0.455
147	1530.882	61.442	326.986	53.379	0.473
148	1528.971	60.718	325.546	53.191	0.452
149	1528.562	62.326	324.853	53.339	0.477
150	1504.528	59.933	324.915	52.837	0.453
151	1541.666	61.766	330.2	53.962	0.465
152	1541.203	61.563	328.196	53.339	0.473
153	1533.222	61.389	327.413	53.572	0.459
154	1538.816	61.472	327.074	53.367	0.473
155	1538.428	60.673	327.184	52.609	0.455
156	1533.657	60.591	324.548	52.781	0.452
157	1528.111	60.688	324.381	53.067	0.458
158	1534.142	61.722	325.73	53.507	0.471
159	1522.766	61.811	324.58	53.728	0.483
160	1532.851	61.418	327.786	53.639	0.466
161	1534.933	61.014	325.331	53.095	0.454
162	1541.468	60.647	328.628	52.794	0.455
163	1546.723	61.199	328.58	53.63	0.454
164	1542.679	61.969	331.023	53.839	0.467
165	1542.908	61.921	329.397	53.88	0.479
166	1532.565	61.107	327.827	53.389	0.459
167	1552.83	61.023	330.707	53.868	0.451
168	1511.103	60.655	325.179	53.257	0.461
169	1525.491	60.413	327.841	52.953	0.458
170	1525.637	60.51	325.608	53.128	0.449
171	1529.839	61.082	326.437	53.388	0.458
172	1529.225	61.17	327.181	53.257	0.468
173	1530.193	61.262	327.534	53.378	0.478
174	1525.974	60.827	326.958	53.096	0.454
175	1533.546	61.525	326.419	53.564	0.471
176	1527.286	60.753	325.213	52.913	0.467
177	1530.391	61.6	328.095	53.609	0.476
178	1548.215	61.934	330.569	53.87	0.477
179	1511.952	61.339	323.123	53.311	0.477
180	1534.14	61.822	326.046	53.331	0.467
181	1552.56	61.852	330.374	53.801	0.48
182	1534.689	61.425	326.658	53.46	0.475
183	1518.054	61.452	324.252	53.556	0.469
184	1525.753	60.285	326.75	52.965	0.448
185	1522.778	60.754	326.683	53.213	0.451
186	1536.157	61.154	328.799	53.084	0.468
187	1536.194	61.353	330.396	53.585	0.462
188	1530.419	61.512	327.525	53.675	0.461
189	1526.926	61.592	326.796	53.336	0.473
190	1518.757	60.7	324.095	52.938	0.473
191	1540.883	61.526	329.402	53.432	0.466
192	1529.357	61.185	326.195	52.926	0.461
193	1526.597	61.848	326.847	53.714	0.47
194	1522.481	61.067	327.45	53.51	0.468
195	1540.938	61.403	328.338	53.405	0.462
196	1547.019	61.26	328.691	53.253	0.467
197	1537.496	61.424	329.134	53.79	0.468
198	1532.737	60.443	328.696	53.16	0.452
199	1523.772	61.184	325.692	53.314	0.467
200	1543.953	61.649	327.945	53.502	0.472
201	1530.065	61.205	327.486	53.572	0.48
202	1528.781	61.369	328.354	53.261	0.475
203	1541.836	61.565	327.6	53.476	0.473
204	1536.082	61.181	326.722	53.346	0.468
205	1535.131	60.934	328.662	53.366	0.472
206	1528.572	61.23	324.991	53.439	0.465
207	1534.241	61.241	328.28	53.262	0.461
208	1539.115	60.93	328.264	53.105	0.459
209	1536.794	60.694	327.631	53.498	0.452
210	1520.026	60.598	324.346	53.13	0.456
211	1531.257	61.71	328.386	53.616	0.48
212	1533.035	60.715	328.064	53.278	0.445
213	1529.267	61.53	326.877	53.355	0.472
214	1529.182	60.655	324.137	52.952	0.446
215	1525.75	61.293	325.054	53.338	0.474
216	1527.744	61.278	325.276	53.327	0.469
217	1534.302	61.405	328.268	53.582	0.47
218	1527.624	61.651	325.919	53.777	0.479
219	1525.761	61.232	325.343	53.538	0.46
220	1543.817	61.864	328.807	53.947	0.476
221	1533.446	60.814	327.278	53.446	0.456
222	1513.328	60.647	322.137	53.111	0.454
223	1536.527	60.915	326.911	53.448	0.458
224	1552.164	61.169	331.381	53.443	0.464
225	1525.819	61.182	326.169	52.992	0.458
226	1523.253	61.883	325.371	53.605	0.48
227	1523.093	61.254	326.555	53.621	0.465
228	1542.794	61.897	328.076	53.517	0.482
229	1529.407	61.642	325.246	53.482	0.475
230	1537.963	61.688	326.897	53.424	0.468
231	1538.908	61.4	328.04	53.508	0.462
232	1526.58	61.192	327.607	53.444	0.461
233	1545.734	61.258	329.929	53.48	0.458
234	1529.682	61.064	326.837	53.444	0.449
235	1546.795	61.349	328.882	53.822	0.467
236	1529.295	61.922	326.598	53.802	0.467
237	1533.354	60.801	326.246	53.37	0.458
238	1532.161	60.389	328.993	52.945	0.449
239	1531.688	60.908	327.637	53.345	0.464
240	1542.265	61.356	330.25	53.382	0.457
241	1529.044	61.467	326.018	53.624	0.463
242	1536.845	61.819	325.688	53.585	0.482
243	1529.78	60.977	326.105	53.181	0.456
244	1533.069	61.014	326.411	53.336	0.471
245	1540.287	61.619	329.041	54.022	0.48
246	1532.483	61.082	326.552	53.271	0.471
247	1540.058	61.805	328.664	53.692	0.472
248	1513.799	60.981	324.586	53.11	0.459
249	1540.8	61.393	329.694	53.642	0.466
250	1542.811	60.726	331.838	53.62	0.447
251	1546.149	61.566	328.979	53.412	0.469
252	1528.832	60.594	325.66	52.97	0.458
253	1536.334	60.943	328.026	53.214	0.458
254	1526.973	61.146	326.849	53.42	0.481
255	1528.058	60.974	325.425	53.188	0.458
256	1533.098	61.227	328.254	53.312	0.467
257	1528.384	61.695	326.686	53.348	0.463
258	1529.43	61.238	327.034	53.38	0.47
259	1543.071	61.128	327.741	53.221	0.468
260	1537.829	61.905	329.334	54.096	0.474
261	1531.598	61.321	328.165	53.627	0.466
262	1534.177	61.365	327.858	53.495	0.467
263	1535.868	60.958	330.534	53.434	0.453
264	1529.42	61.642	328.61	53.725	0.468
265	1531.556	61.709	326.756	53.68	0.475
266	1523.575	61.959	324.363	53.596	0.477
267	1537.141	61.689	330.335	53.599	0.467
268	1532.02	61.273	326.043	53.324	0.459
269	1529.043	60.982	328.421	53.555	0.454
270	1520.562	61.173	325.877	52.998	0.48
271	1523.403	62.034	325.46	53.559	0.476
272	1529.559	60.852	328.008	53.247	0.452
273	1531.558	61.13	326.304	53.36	0.454
274	1526.475	61.887	325.301	53.221	0.468
275	1529.875	61.474	329.069	53.824	0.468
276	1526.628	61.452	329.207	54.007	0.467
277	1547.393	60.952	330.386	53.509	0.457
278	1537.545	61.187	330.816	53.922	0.459
279	1543.681	62.136	328.521	53.787	0.474
280	1530.706	61.967	325.271	53.583	0.477
281	1525.285	59.946	324.983	52.822	0.436
282	1529.024	61.415	327.218	53.087	0.468
283	1517.737	60.733	325.092	52.907	0.463
284	1522.232	60.51	328.683	53.469	0.452
285	1535.152	61.397	327.372	53.489	0.459
286	1534.4	60.826	327.653	52.957	0.458
287	1539.979	60.613	328.792	53.539	0.451
288	1518.891	60.851	324.769	53.065	0.461
289	1545.731	61.896	329.602	53.602	0.479
290	1527.738	61.031	326.893	53.487	0.465
291	1526.236	60.599	326.529	53.156	0.471
292	1539.337	61.488	326.888	53.102	0.461
293	1533.649	61.123	327.304	53.393	0.458
294	1530.762	61.1	326.06	53.533	0.457
295	1527.395	62.192	325.348	53.999	0.48
296	1525.23	60.994	325.325	53.05	0.467
297	1531.723	61.471	326.076	53.289	0.47
298	1537.527	60.998	329.745	53.432	0.472
299	1530.835	61.142	327.996	53.593	0.471
300	1524.446	60.702	324.513	52.582	0.454
301	1528.725	60.773	327.58	53.093	0.449
302	1532.176	61.578	329.631	53.731	0.475
303	1528.661	61.285	326.27	53.344	0.464
304	1532.571	60.804	327.193	53.485	0.471
305	1545.487	61.629	329.195	53.455	0.468
306	1544.231	61.37	330.526	53.095	0.469
307	1522.039	60.871	322.797	53.181	0.458
308	1537.669	61.633	327.648	53.521	0.476
309	1544.427	61.2	330.01	53.346	0.457
310	1537.874	61.63	328.052	53.573	0.477
311	1533.385	61.998	329.351	53.647	0.489
312	1520.996	60.564	324.684	52.628	0.455
313	1549.279	61.499	331.161	53.449	0.467
314	1533.695	61.508	327.593	53.505	0.466
315	1532.577	60.922	325.391	53.154	0.453
316	1537.315	61.06	327.282	53.567	0.455
317	1527.81	60.818	328.245	52.965	0.463
318	1524.078	61.327	325.164	53.657	0.462
319	1541.105	61.023	330.276	53.807	0.452
320	1541.786	61.775	329.552	53.713	0.472
321	1543.24	61.221	327.147	53.317	0.463
322	1533.758	61.187	324.718	53.328	0.455
323	1518.412	61.658	323.206	53.439	0.463
324	1522.224	61.414	326.314	53.695	0.463
325	1542.094	61.162	329.864	53.22	0.462
326	1542.464	61.587	328.149	53.358	0.455
327	1551.839	61.65	329.303	53.575	0.47
328	1527.322	61.181	327.888	53.62	0.46
329	1533.885	61.203	328.402	53.312	0.476
330	1540.731	61.539	328.797	53.561	0.472
331	1553.049	62.151	330.512	53.727	0.484
332	1533.669	61.432	329.075	53.278	0.465
333	1527.754	60.497	327.334	53.242	0.449
334	1546.119	61.954	330.902	54.171	0.472
335	1529.279	61.842	325.782	53.596	0.48
336	1532.578	61.2	327.99	53.069	0.456
337	1530.016	61.551	327.71	53.495	0.485
338	1538.261	61.419	326.859	53.262	0.462
339	1546.368	61.423	330.092	53.721	0.461
340	1527.093	61.782	327.525	53.713	0.475
341	1512.505	60.555	322.552	53.231	0.456
342	1525.875	62.221	325.848	53.944	0.476
343	1516.979	60.915	323.223	52.932	0.466
344	1538.462	61.293	327.514	53.417	0.456
345	1536.683	61.005	328.715	53.826	0.462
346	1524.667	60.825	326.744	53.511	0.458
347	1528.415	61.543	328.074	53.48	0.485
348	1535.088	61.372	327.102	53.957	0.471
349	1545.142	61.547	329.246	53.514	0.453
350	1530.88	60.484	327.616	53.237	0.452
351	1540.42	61.598	329.44	53.675	0.465
352	1526.752	61.82	327.017	53.43	0.474
353	1533.867	61.051	327.416	53.738	0.463
354	1544.574	61.119	329.877	53.68	0.46
355	1538.575	60.739	328.111	53.366	0.445
356	1525.793	61.499	327.264	53.437	0.469
357	1537.414	61.292	327.913	53.469	0.459
358	1535.604	60.995	327.698	52.95	0.469
359	1525.755	61.487	327.235	53.579	0.481
360	1533.987	60.904	328.704	53.556	0.453
361	1529.621	61.45	324.671	53.421	0.46
362	1532.443	60.955	327.916	52.861	0.459
363	1528.529	60.971	324.991	53.443	0.464
364	1524.162	61.206	326.883	52.929	0.457
365	1527.656	61.867	328.151	53.622	0.474
366	1533.595	61.488	326.801	53.436	0.463
367	1534.599	60.543	328.623	53.058	0.452
368	1527.407	61.428	326.415	53.234	0.47
369	1520.591	61.474	323.979	53.486	0.467
370	1529.316	61.197	329.486	53.564	0.464
371	1533.222	61.564	327.243	53.487	0.474
372	1523.498	61.293	328.718	53.591	0.475
373	1554.132	60.929	328.122	53.368	0.458
374	1536.159	61.801	328.173	54.067	0.467
375	1522.172	61.079	326.289	53.44	0.466
376	1531.6	61.324	326.317	53.374	0.457
377	1532.889	61.372	328.03	53.499	0.476
378	1520.004	60.402	323.101	52.703	0.46
379	1542.202	61.971	333.419	53.967	0.468
380	1530.391	60.968	327.012	53.093	0.458
381	1542.004	61.951	327.698	53.302	0.472
382	1516.059	60.98	324.26	52.844	0.463
383	1531.489	61.319	328.449	53.765	0.466
384	1538.15	60.966	329.368	53.454	0.46
385	1534.084	61.981	327.575	54.038	0.472
386	1532.963	61.36	328.874	53.504	0.476
387	1530.678	61.631	327.382	53.546	0.476
388	1542.766	61.835	329.535	53.511	0.464
389	1527.222	61.552	326.276	53.662	0.478
390	1530.31	60.657	327.4	53.204	0.46
391	1531.579	60.881	326.348	53.308	0.463
392	1543.468	60.737	331.43	53.33	0.449
393	1529.765	60.876	326.71	53.482	0.46
394	1525.213	61.899	325.755	53.862	0.479
395	1538.631	61.545	327.866	53.572	0.469
396	1533.058	61.378	331.252	53.246	0.467
397	1528.317	61.549	323.5	53.374	0.468
398	1531.553	61.02	326.894	53.158	0.463
399	1531.777	61.326	325.983	53.7	0.457
400	1529.555	61.988	328.823	53.898	0.478
401	1545.512	61.361	327.116	53.533	0.464
402	1542.715	62.471	330.786	53.84	0.492
403	1545.524	61.681	327.955	53.743	0.476
404	1542.329	61.919	330.892	53.788	0.465
405	1522.092	61.723	322.094	53.022	0.461
406	1535.982	61.063	329.798	53.619	0.471
407	1547.996	61.977	327.749	53.641	0.469
408	1531.86	61.157	325.558	53.69	0.466
409	1524.608	60.324	327.184	53.196	0.444
410	1539.741	61.083	324.809	53.405	0.458
411	1532.295	61.019	328.427	53.139	0.459
412	1536.463	61.775	330.623	53.721	0.464
413	1533.116	61.173	326.403	53.315	0.463
414	1540.24	60.914	332.44	53.284	0.461
415	1528.218	61.375	326.847	53.221	0.467
416	1536.948	61.097	329.559	53.235	0.45
417	1542.728	61.671	330.343	53.542	0.46
418	1534.655	61.305	328.408	53.801	0.478
419	1526.901	60.361	323.584	52.717	0.453
420	1517.042	61.374	326.759	53.284	0.47
421	1529.921	60.735	327.893	52.894	0.473
422	1542.07	61.876	328.155	53.739	0.478
423	1534.623	61.341	327.604	53.697	0.463
424	1517.969	60.947	324.71	52.783	0.457
425	1528.968	61.39	325.45	53.569	0.468
426	1531.836	61.091	328.64	53.393	0.459
427	1521.603	61.363	328.838	53.622	0.467
428	1531.394	61.963	325.558	53.339	0.463
429	1541.061	60.686	328.691	53.215	0.46
430	1548.856	61.745	329.549	53.499	0.483
431	1524.4	60.836	326.758	52.956	0.466
432	1523.761	60.941	328.174	53.467	0.467
433	1531.183	61.709	328.403	53.412	0.466
434	1533.54	61.133	328.05	53.607	0.461
435	1532.743	61.557	327.534	53.565	0.464
436	1531.532	61.861	328.892	53.811	0.467
437	1538.441	62.016	328.628	53.839	0.473
438	1528.614	60.855	329.201	53.0	0.464
439	1541.266	61.942	331.336	53.919	0.475
440	1526.728	61.38	326.895	53.415	0.47
441	1528.157	60.857	327.615	53.464	0.453
442	1534.701	61.264	327.432	53.308	0.459
443	1545.14	60.62	330.793	53.085	0.446
444	1520.932	60.676	325.946	53.269	0.45
445	1534.268	61.201	326.69	53.586	0.468
446	1532.655	61.86	326.718	53.693	0.474
447	1534.682	61.407	327.973	53.406	0.455
448	1530.288	61.108	329.292	53.242	0.473
449	1530.772	61.021	328.176	53.444	0.458
450	1537.769	61.891	328.382	54.047	0.463
451	1527.417	60.929	325.711	53.281	0.456
452	1543.049	61.644	332.435	53.856	0.476
453	1511.919	61.091	323.703	52.938	0.466
454	1536.799	62.355	329.565	53.985	0.499
455	1537.225	61.546	328.654	53.871	0.459
456	1536.994	60.137	328.809	53.072	0.438
457	1535.485	62.091	326.672	53.52	0.476
458	1541.295	61.341	329.94	53.481	0.457
459	1538.507	61.652	328.026	53.775	0.473
460	1524.113	61.166	325.182	53.134	0.461
461	1537.756	62.18	330.634	54.198	0.488
462	1525.386	60.938	326.412	53.205	0.468
463	1525.265	61.351	325.639	53.337	0.459
464	1521.28	60.839	325.685	53.035	0.466
465	1532.582	62.07	326.965	53.45	0.465
466	1527.382	61.015	324.599	52.86	0.469
467	1536.366	61.301	328.352	53.647	0.461
468	1527.744	61.346	326.707	53.356	0.475
469	1524.707	61.295	323.965	53.349	0.464
470	1520.605	61.048	326.257	53.04	0.475
471	1544.124	61.341	329.496	53.501	0.462
472	1530.195	60.969	328.048	53.158	0.466
473	1527.827	61.556	324.009	53.061	0.477
474	1530.72	60.758	327.219	53.309	0.464
475	1528.535	61.376	326.762	53.424	0.469
476	1530.896	60.42	324.311	53.136	0.452
477	1541.612	60.908	329.044	53.347	0.467
478	1536.439	60.904	326.876	53.318	0.449
479	1533.837	61.127	327.6	53.442	0.465
480	1536.342	61.216	326.633	53.416	0.454
481	1532.556	61.401	327.06	53.408	0.48
482	1521.804	60.954	326.639	53.98	0.46
483	1534.921	62.175	329.192	53.767	0.484
484	1519.404	61.178	323.366	53.189	0.469
485	1537.517	61.922	328.874	53.765	0.476
486	1528.259	60.657	329.526	53.247	0.458
487	1541.111	61.743	327.935	53.704	0.468
488	1538.951	61.188	331.136	53.693	0.457
489	1537.264	60.947	329.997	53.345	0.47
490	1536.893	61.2	327.551	53.502	0.464
491	1542.42	60.989	328.008	53.631	0.456
492	1529.626	61.439	324.868	52.94	0.48
493	1537.232	61.98	329.702	54.023	0.474
494	1530.757	61.978	325.339	53.384	0.48
495	1540.097	61.578	327.398	53.385	0.466
496	1521.301	60.712	322.848	52.968	0.443
497	1521.888	61.199	324.52	53.428	0.463
498	1537.902	60.95	331.684	53.556	0.463
499	1516.624	60.911	324.212	53.35	0.46
500	1544.231	61.716	329.561	53.829	0.467
501	1537.625	61.573	327.299	53.726	0.475
502	1537.063	60.699	328.568	53.063	0.449
503	1550.063	61.685	330.072	54.154	0.48
504	1526.516	61.467	326.556	53.381	0.472
505	1543.462	61.746	330.575	53.637	0.461
506	1541.851	61.287	330.967	53.71	0.461
507	1531.798	61.211	327.49	53.444	0.462
508	1533.48	61.279	329.016	53.307	0.476
509	1525.802	62.128	326.351	53.557	0.471
510	1533.281	61.485	328.705	53.382	0.467
511	1534.08	61.36	326.122	53.168	0.448
512	1537.288	61.55	328.894	53.845	0.47
513	1534.311	61.133	326.277	53.258	0.471
514	1521.65	61.25	323.528	53.653	0.469
515	1548.843	61.704	330.128	53.491	0.472
516	1533.06	61.703	328.504	53.603	0.478
517	1543.037	62.237	329.683	54.136	0.484
518	1522.078	60.601	327.156	52.873	0.453
519	1535.306	60.771	327.046	53.335	0.451
520	1534.063	61.322	326.874	53.522	0.461
521	1525.525	61.353	328.355	53.207	0.467
522	1546.089	61.356	329.724	53.41	0.46
523	1517.869	61.091	323.82	53.039	0.46
524	1529.668	61.055	324.962	53.019	0.459
525	1534.623	61.717	329.181	53.306	0.477
526	1523.438	61.584	326.246	53.72	0.475
527	1529.78	60.665	325.478	53.39	0.456
528	1530.028	61.462	328.812	53.718	0.464
529	1530.234	60.659	328.268	53.404	0.449
530	1532.22	61.122	327.029	53.545	0.465
531	1536.527	61.524	326.928	53.782	0.467
532	1544.795	61.39	330.238	53.297	0.462
533	1542.888	61.222	329.344	53.589	0.467
534	1535.83	61.565	328.487	53.595	0.466
535	1535.331	61.361	329.241	53.548	0.473
536	1531.421	61.553	327.666	53.737	0.465
537	1542.235	60.555	327.082	53.098	0.456
538	1533.168	61.934	327.323	53.639	0.472
539	1534.357	60.986	326.647	53.245	0.469
540	1534.758	61.911	327.695	53.667	0.472
541	1544.071	61.225	328.902	53.761	0.457
542	1523.275	61.136	323.418	53.093	0.469
543	1533.687	62.023	327.055	53.81	0.475
544	1539.701	61.157	328.8	53.34	0.47
545	1548.512	61.521	329.163	53.063	0.451
546	1515.195	60.71	324.712	53.073	0.46
547	1532.455	61.255	325.878	53.434	0.46
548	1528.053	61.631	327.112	53.891	0.457
549	1528.781	61.04	326.345	52.873	0.456
550	1530.206	61.961	325.993	53.448	0.484
551	1519.852	61.393	326.474	53.685	0.461
552	1539.881	61.06	328.314	53.461	0.456
553	1524.722	61.055	325.775	53.298	0.468
554	1536.204	61.835	328.754	53.601	0.465
555	1525.418	60.635	323.824	52.928	0.468
556	1546.714	61.443	331.496	53.665	0.465
557	1522.976	60.267	324.802	52.828	0.449
558	1534.564	62.212	326.803	53.473	0.479
559	1540.838	61.05	330.742	53.471	0.464
560	1530.901	60.849	327.818	53.692	0.461
561	1523.348	60.19	326.847	53.171	0.449
562	1532.086	61.476	326.87	53.417	0.467
563	1529.498	61.333	325.94	53.204	0.466
564	1524.919	61.466	325.047	53.652	0.472
565	1532.94	61.876	330.387	53.832	0.474
566	1549.383	61.385	328.974	53.537	0.483
567	1533.061	60.803	325.44	53.068	0.459
568	1535.523	61.655	326.61	53.311	0.47
569	1528.245	61.021	328.257	53.39	0.464
570	1534.077	61.808	326.684	53.454	0.478
571	1539.761	61.53	327.607	53.536	0.469
572	1532.887	60.768	328.588	53.576	0.468
573	1513.792	60.717	324.337	53.33	0.456
574	1525.299	61.612	327.541	53.414	0.476
575	1532.035	61.414	326.234	53.419	0.475
576	1521.675	61.01	324.074	53.188	0.456
577	1537.933	61.584	328.459	53.746	0.475
578	1530.479	60.823	327.091	52.725	0.47
579	1523.552	61.783	328.169	53.625	0.482
580	1530.767	61.4	325.992	53.473	0.466
581	1538.511	60.74	328.229	53.21	0.453
582	1535.908	61.225	325.779	52.959	0.454
583	1522.267	60.645	326.511	53.184	0.454
584	1513.274	61.6	323.622	53.078	0.463
585	1541.362	61.473	327.986	53.452	0.474
586	1532.792	61.717	329.202	53.604	0.473
587	1541.087	61.696	330.804	54.085	0.468
588	1531.213	61.428	327.31	53.289	0.475
589	1542.8	61.397	328.671	53.503	0.456
590	1549.287	61.992	332.655	54.04	0.489
591	1538.511	61.383	328.694	53.347	0.46
592	1524.807	61.296	325.025	53.258	0.466
593	1533.172	61.298	326.12	53.253	0.466
594	1527.357	61.267	327.324	53.368	0.485
595	1530.492	60.5	325.939	53.265	0.453
596	1524.561	60.96	328.934	53.137	0.458
597	1535.341	61.135	329.511	53.25	0.463
598	1544.557	61.213	329.399	53.098	0.458
599	1522.979	60.722	327.162	53.116	0.47
600	1537.547	61.685	326.778	53.608	0.462
601	1520.89	61.331	322.74	53.217	0.458
602	1538.202	61.467	329.076	53.592	0.464
603	1535.462	61.937	326.263	53.522	0.483
604	1531.556	61.275	327.23	53.533	0.461
605	1525.49	61.798	323.428	53.56	0.477
606	1519.12	61.389	326.708	53.65	0.47
607	1542.174	61.361	329.105	53.379	0.463
608	1530.62	60.781	325.432	53.044	0.457
609	1535.695	62.233	328.178	54.125	0.487
610	1552.14	60.964	335.046	53.798	0.45
611	1545.619	61.193	329.923	53.248	0.472
612	1526.484	61.164	328.175	53.197	0.464
613	1528.775	61.284	326.321	52.911	0.456
614	1521.229	60.305	324.644	53.098	0.45
615	1536.734	62.048	328.496	54.102	0.485
616	1526.435	61.406	326.452	53.509	0.47
617	1521.078	61.281	326.493	53.32	0.462
618	1528.145	59.795	327.794	52.699	0.445
619	1529.141	61.103	327.75	53.834	0.464
620	1535.576	61.683	327.798	53.287	0.48
621	1537.765	61.51	327.84	53.505	0.463
622	1539.946	61.472	328.166	53.681	0.469
623	1535.561	61.19	329.068	53.278	0.463
624	1534.7	61.141	325.883	53.403	0.46
625	1537.009	61.787	330.366	53.491	0.467
626	1522.639	61.287	325.542	53.646	0.462
627	1517.502	61.108	325.755	53.384	0.473
628	1530.206	61.455	326.899	53.353	0.468
629	1521.451	61.424	325.691	53.357	0.47
630	1539.327	61.704	329.888	53.628	0.476
631	1543.896	61.171	331.339	53.398	0.457
632	1541.761	61.25	328.944	53.282	0.462
633	1532.24	61.663	329.407	53.426	0.469
634	1535.079	60.822	327.174	53.074	0.456
635	1536.297	60.896	328.682	53.226	0.452
636	1530.409	61.21	325.921	53.255	0.462
637	1537.995	61.885	329.252	53.514	0.482
638	1534.857	62.211	327.949	53.593	0.479
639	1533.215	61.751	328.005	53.683	0.482
640	1538.304	62.32	327.543	53.47	0.475
641	1524.18	60.967	325.699	53.014	0.464
642	1532.649	60.428	328.518	52.822	0.46
643	1529.689	61.277	327.568	53.649	0.471
644	1536.459	62.018	331.1	53.834	0.488
645	1545.84	61.385	331.199	54.051	0.464
646	1527.772	61.279	328.187	53.329	0.457
647	1517.731	60.946	323.989	53.119	0.459
648	1538.543	61.577	327.757	53.713	0.473
649	1536.21	60.719	327.044	53.316	0.448
650	1529.405	61.615	323.316	53.427	0.466
651	1535.299	61.09	328.963	53.285	0.46
652	1536.346	60.927	326.84	53.339	0.476
653	1528.298	60.745	327.373	53.369	0.457
654	1532.073	60.966	325.19	53.103	0.461
655	1523.652	61.957	326.259	53.743	0.481
656	1524.987	61.037	324.324	53.175	0.472
657	1520.102	60.925	325.104	52.972	0.46
658	1531.46	60.973	326.992	53.482	0.457
659	1529.618	61.544	326.218	53.662	0.468
660	1530.446	61.042	327.518	53.104	0.463
661	1545.638	61.292	329.045	53.641	0.458
662	1530.478	61.356	327.053	53.14	0.459
663	1530.624	61.165	326.761	53.311	0.464
664	1520.858	60.536	325.781	53.385	0.445
665	1536.31	61.842	329.223	53.751	0.472
666	1513.959	59.737	323.044	52.513	0.444
667	1516.13	61.463	325.684	53.468	0.464
668	1532.185	61.365	325.132	53.438	0.473
669	1534.335	61.479	325.196	53.549	0.471
670	1537.034	61.083	327.978	53.426	0.46
671	1513.817	61.061	321.401	52.865	0.464
672	1522.919	60.925	324.811	53.373	0.461
673	1526.049	61.664	322.304	53.285	0.472
674	1539.379	61.836	327.703	53.498	0.472
675	1523.844	60.634	325.896	52.321	0.446
676	1538.163	61.572	327.494	53.359	0.461
677	1519.116	61.13	325.615	53.034	0.46
678	1531.19	62.087	327.018	53.635	0.471
679	1530.87	60.763	325.388	53.118	0.455
680	1518.424	61.55	323.774	53.234	0.463
681	1535.941	61.918	329.263	53.752	0.476
682	1534.784	60.677	328.818	53.404	0.463
683	1536.0	61.349	328.455	53.649	0.474
684	1532.468	60.823	327.7	53.638	0.472
685	1520.605	61.187	325.245	53.503	0.465
686	1535.309	61.71	327.288	53.451	0.461
687	1526.307	61.26	327.356	53.369	0.479
688	1530.923	61.009	329.507	53.169	0.457
689	1527.133	61.362	324.178	53.337	0.471
690	1529.462	61.357	323.878	53.348	0.468
691	1536.147	61.205	325.989	53.182	0.454
692	1532.163	61.822	326.342	53.676	0.481
693	1533.274	60.836	328.594	53.201	0.45
694	1529.469	61.433	327.03	53.097	0.462
695	1530.231	61.063	325.325	53.416	0.471
696	1533.878	61.639	327.211	53.449	0.48
697	1532.338	60.902	327.012	53.366	0.455
698	1540.961	61.05	327.182	53.098	0.455
699	1532.437	60.94	327.98	53.321	0.457
700	1536.897	61.092	326.866	52.998	0.468
701	1541.414	60.572	330.442	53.378	0.46
702	1530.884	61.466	327.227	53.517	0.471
703	1528.272	61.163	325.723	53.011	0.475
704	1537.762	60.486	329.124	53.159	0.442
705	1521.338	61.286	323.512	53.273	0.477
706	1524.792	61.479	326.385	53.49	0.483
707	1533.531	61.608	328.893	53.389	0.471
708	1536.657	60.84	326.12	53.097	0.452
709	1531.188	61.323	326.871	53.125	0.466
710	1532.479	61.338	325.023	53.178	0.458
711	1538.868	61.476	328.226	53.342	0.469
712	1519.281	60.438	325.937	52.816	0.463
713	1523.929	61.268	325.915	53.315	0.463
714	1540.471	61.605	329.475	53.628	0.457
715	1526.502	60.668	328.679	53.045	0.466
716	1527.077	61.162	324.809	53.19	0.476
717	1524.434	61.111	323.868	52.993	0.463
718	1533.197	61.336	327.64	53.019	0.468
719	1541.529	62.05	329.968	53.61	0.472
720	1522.413	61.066	327.238	53.158	0.458
721	1546.821	60.891	330.528	53.765	0.459
722	1549.224	61.262	332.334	53.088	0.47
723	1532.169	61.67	327.527	53.305	0.467
724	1541.7	61.134	329.862	53.191	0.455
725	1530.511	61.498	325.863	53.605	0.479
726	1519.563	61.09	322.048	52.751	0.457
727	1525.726	60.939	326.88	53.438	0.457
728	1531.499	61.477	325.859	53.252	0.465
729	1534.894	61.562	329.066	53.506	0.469
730	1548.865	61.936	330.955	53.921	0.485
731	1529.708	61.017	326.961	53.083	0.458
732	1533.851	60.965	327.471	53.533	0.468
733	1524.131	60.651	323.537	53.187	0.47
734	1534.761	61.099	327.092	53.145	0.456
735	1529.552	61.261	327.981	53.135	0.467
736	1535.817	60.708	328.218	53.234	0.453
737	1532.498	61.114	324.514	52.859	0.462
738	1538.547	60.675	328.547	52.944	0.449
739	1529.897	61.044	327.671	53.534	0.457
740	1533.579	61.983	325.287	53.151	0.468
741	1527.311	60.593	324.896	53.043	0.457
742	1530.938	60.941	325.108	53.328	0.456
743	1524.275	61.073	325.543	53.155	0.47
744	1534.152	61.154	326.833	53.452	0.478
745	1532.658	60.857	326.194	53.314	0.467
746	1549.311	61.59	330.479	53.591	0.477
747	1532.809	61.818	325.935	53.637	0.48
748	1528.423	61.791	327.739	53.578	0.469
749	1543.541	61.245	332.099	53.462	0.459
750	1520.502	61.24	325.993	53.579	0.471
751	1531.808	61.444	326.384	53.604	0.465
752	1518.714	61.03	326.82	53.479	0.462
753	1530.34	61.647	327.864	53.133	0.482
754	1522.102	60.925	324.565	53.511	0.463
755	1540.113	61.476	330.35	53.383	0.481
756	1544.522	61.369	330.539	53.66	0.475
757	1542.597	62.271	329.678	53.968	0.476
758	1538.924	61.25	330.067	53.361	0.471
759	1530.817	61.685	324.769	53.593	0.469
760	1517.379	60.734	323.785	53.087	0.464
761	1537.93	60.663	331.029	53.469	0.446
762	1528.742	61.226	326.738	53.608	0.463
763	1528.79	61.53	326.48	53.574	0.464
764	1525.295	60.663	324.115	53.085	0.46
765	1536.1	61.781	326.219	53.416	0.473
766	1524.462	61.432	325.286	53.269	0.462
767	1528.76	60.911	326.104	53.587	0.47
768	1535.173	61.668	327.827	53.137	0.462
769	1548.34	61.178	327.665	53.114	0.464
770	1528.842	61.8	325.964	53.778	0.467
771	1534.684	61.225	326.651	53.193	0.458
772	1525.293	61.141	325.938	53.328	0.465
773	1521.952	61.357	324.472	53.453	0.478
774	1539.491	61.741	330.212	53.836	0.474
775	1533.213	60.857	325.41	53.264	0.465
776	1531.645	60.689	328.077	53.14	0.46
777	1544.28	60.879	327.333	53.296	0.454
778	1527.799	61.199	328.184	53.66	0.462
779	1524.054	60.95	326.251	52.997	0.459
780	1529.594	61.804	326.044	53.493	0.483
781	1533.806	61.547	326.584	53.419	0.465
782	1545.611	62.064	329.663	53.843	0.466
783	1515.826	61.026	324.826	53.213	0.471
784	1541.698	62.074	329.545	53.593	0.48
785	1523.153	61.02	323.85	53.231	0.467
786	1520.571	61.331	326.25	53.294	0.465
787	1529.058	60.842	328.055	53.087	0.457
788	1525.115	60.551	327.053	53.274	0.456
789	1526.979	61.077	327.352	53.158	0.469
790	1533.622	61.681	325.929	53.509	0.468
791	1541.445	61.109	327.435	53.537	0.461
792	1524.138	61.828	324.742	53.417	0.475
793	1536.036	61.725	327.118	53.123	0.478
794	1533.487	61.183	325.284	53.514	0.466
795	1531.492	61.51	324.803	53.437	0.469
796	1545.087	61.064	328.098	53.439	0.459
797	1534.832	61.442	329.66	53.522	0.472
798	1550.431	61.404	329.01	53.241	0.478
799	1535.646	61.647	329.041	53.462	0.476
800	1541.453	61.732	328.617	53.704	0.464
801	1531.045	62.068	330.278	53.991	0.478
802	1535.247	61.213	328.425	53.589	0.47
803	1530.65	61.029	326.903	53.284	0.462
804	1530.368	61.973	325.717	53.656	0.477
805	1538.651	61.476	329.166	53.688	0.459
806	1524.516	60.817	324.326	52.88	0.454
807	1531.014	61.921	330.018	53.616	0.485
808	1524.565	61.31	327.23	53.421	0.475
809	1538.331	60.531	329.678	52.965	0.453
810	1545.223	61.598	329.126	53.411	0.467
811	1542.515	61.305	328.526	53.222	0.465
812	1533.892	61.086	328.016	53.689	0.458
813	1526.652	62.233	327.276	53.856	0.479
814	1526.851	61.166	328.472	53.131	0.455
815	1530.374	60.47	327.482	53.032	0.454
816	1536.865	60.94	327.333	53.442	0.447
817	1534.504	60.716	327.034	53.157	0.454
818	1530.161	60.918	328.908	53.235	0.471
819	1552.021	61.105	330.012	53.569	0.45
820	1509.863	61.551	323.415	53.479	0.468
821	1529.732	60.877	327.279	53.539	0.456
822	1541.15	61.579	330.009	53.445	0.466
823	1539.573	61.374	328.916	53.133	0.468
824	1539.139	61.857	328.724	53.413	0.486
825	1525.554	60.514	325.118	52.84	0.446
826	1540.961	61.105	327.298	53.416	0.463
827	1519.023	61.629	326.484	53.875	0.481
828	1532.99	61.93	323.82	53.483	0.473
829	1532.891	61.162	328.738	53.714	0.472
830	1524.074	60.97	326.916	53.54	0.465
831	1531.631	61.163	328.451	53.392	0.455
832	1530.504	60.511	328.051	53.1	0.457
833	1525.302	61.237	321.986	52.868	0.471
834	1545.264	61.308	330.127	53.313	0.462
835	1528.096	61.691	326.465	53.306	0.487
836	1530.425	61.261	327.263	53.601	0.467
837	1538.153	60.779	327.899	53.556	0.454
838	1516.159	61.686	323.457	53.507	0.469
839	1538.226	61.217	329.269	53.277	0.459
840	1532.468	60.748	327.53	53.469	0.449
841	1541.982	62.39	328.724	54.028	0.476
842	1538.054	61.126	328.633	53.573	0.455
843	1530.195	61.449	327.249	53.345	0.479
844	1524.01	61.615	325.164	53.124	0.462
845	1542.815	61.612	331.037	53.598	0.467
846	1537.733	60.957	325.946	53.248	0.457
847	1517.626	61.226	323.916	53.829	0.472
848	1528.748	61.55	326.308	53.627	0.476
849	1539.485	61.229	325.208	53.322	0.464
850	1537.414	60.938	330.046	53.14	0.453
851	1530.815	61.926	327.105	53.788	0.468
852	1539.611	62.155	329.153	53.938	0.478
853	1545.816	61.082	328.74	53.531	0.452
854	1515.647	61.392	323.402	53.132	0.468
855	1533.893	61.33	327.822	53.705	0.47
856	1536.292	62.226	326.596	54.094	0.475
857	1539.859	61.145	331.559	53.542	0.455
858	1514.38	60.254	322.032	52.666	0.45
859	1535.594	61.415	327.627	53.542	0.467
860	1534.81	61.342	324.018	53.074	0.453
861	1528.783	60.688	326.608	53.062	0.455
862	1532.482	60.721	327.738	52.902	0.46
863	1539.567	62.105	328.61	53.751	0.472
864	1537.947	62.155	327.371	53.581	0.475
865	1532.856	61.317	329.043	53.021	0.464
866	1544.461	62.026	330.593	53.556	0.469
867	1529.299	60.859	330.199	53.564	0.463
868	1533.187	60.211	329.08	52.815	0.446
869	1531.203	61.013	326.903	53.382	0.469
870	1534.141	60.36	327.149	52.862	0.452
871	1541.39	62.09	329.07	54.166	0.477
872	1530.681	61.892	323.467	53.364	0.468
873	1531.635	60.916	327.978	53.244	0.453
874	1535.097	61.58	328.268	53.623	0.469
875	1533.083	61.521	327.572	53.043	0.463
876	1533.842	61.572	326.44	53.313	0.466
877	1527.693	61.117	326.64	53.389	0.467
878	1524.518	61.316	326.573	53.334	0.474
879	1543.377	61.148	325.883	53.039	0.457
880	1526.735	61.373	326.811	53.279	0.456
881	1529.621	60.605	327.116	53.641	0.464
882	1525.898	61.559	324.827	53.143	0.463
883	1535.211	61.155	326.748	53.482	0.458
884	1526.0	61.392	327.01	53.215	0.472
885	1524.619	61.611	326.557	53.305	0.468
886	1539.695	60.926	327.763	53.177	0.446
887	1529.439	60.962	326.258	53.389	0.458
888	1540.195	60.834	330.281	53.174	0.452
889	1545.292	61.447	331.134	53.774	0.474
890	1530.843	61.271	327.005	53.063	0.467
891	1526.358	61.718	327.733	53.553	0.484
892	1527.251	61.917	328.974	53.804	0.477
893	1540.277	61.555	324.755	53.468	0.472
894	1530.949	61.252	328.379	53.209	0.461
895	1534.885	60.878	329.132	53.204	0.446
896	1524.96	61.175	325.491	53.242	0.475
897	1529.148	61.646	329.017	53.655	0.487
898	1525.733	61.107	324.211	53.119	0.462
899	1543.471	61.762	329.572	53.659	0.469
900	1529.07	61.617	328.64	53.739	0.474
901	1528.496	60.678	326.049	52.718	0.458
902	1540.38	61.536	329.986	53.802	0.473
903	1533.086	62.134	326.532	53.756	0.485
904	1526.872	60.679	325.406	53.168	0.461
905	1540.135	62.089	329.842	54.238	0.493
906	1535.213	61.742	327.986	53.443	0.481
907	1522.87	60.84	325.629	53.635	0.453
908	1535.838	61.258	329.75	53.604	0.468
909	1538.493	61.21	332.007	53.764	0.462
910	1524.011	60.825	322.314	53.061	0.455
911	1530.184	60.685	328.832	53.548	0.464
912	1553.644	61.992	330.027	53.92	0.474
913	1532.593	61.249	327.096	53.311	0.469
914	1521.261	61.315	324.821	53.481	0.472
915	1537.433	61.045	331.424	53.65	0.461
916	1526.035	61.116	324.457	53.362	0.455
917	1526.691	61.871	327.469	53.816	0.473
918	1518.725	60.747	326.34	52.948	0.466
919	1532.572	61.457	325.22	53.43	0.462
920	1553.856	61.797	332.584	53.899	0.483
921	1528.988	61.306	327.366	53.544	0.465
922	1536.233	60.875	330.778	53.712	0.459
923	1528.021	61.125	328.214	53.128	0.461
924	1521.393	61.752	324.53	53.325	0.47
925	1532.886	61.276	326.177	53.369	0.457
926	1537.522	60.909	327.792	52.862	0.449
927	1525.008	60.179	326.527	52.715	0.446
928	1525.572	61.425	325.425	53.139	0.464
929	1525.855	61.472	326.254	53.069	0.474
930	1530.545	61.042	328.514	53.396	0.464
931	1547.088	61.14	330.697	53.698	0.454
932	1539.138	61.936	324.845	53.602	0.476
933	1523.047	60.722	325.566	53.237	0.459
934	1532.626	61.143	325.636	52.903	0.45
935	1533.72	61.366	325.123	53.521	0.463
936	1538.135	61.801	329.888	53.927	0.47
937	1547.73	61.306	327.718	53.381	0.464
938	1536.988	61.479	328.809	53.573	0.464
939	1513.803	60.779	323.117	53.14	0.462
940	1549.441	62.249	331.057	53.677	0.476
941	1532.603	61.858	326.349	53.449	0.478
942	1536.231	61.588	327.107	53.325	0.469
943	1551.191	61.455	331.572	53.475	0.472
944	1537.416	61.204	328.162	53.46	0.473
945	1547.902	62.043	331.603	54.23	0.481
946	1534.682	61.266	325.646	53.445	0.472
947	1521.455	61.183	326.513	53.218	0.461
948	1531.491	60.506	328.395	53.516	0.47
949	1538.228	61.428	328.385	53.379	0.473
950	1536.354	61.632	328.99	53.225	0.462
951	1515.081	60.751	326.247	53.024	0.466
952	1527.954	60.945	326.917	53.501	0.469
953	1529.099	61.378	326.206	53.846	0.466
954	1543.825	61.78	330.651	53.553	0.483
955	1533.601	61.866	328.64	53.752	0.478
956	1538.927	61.246	328.962	53.904	0.458
957	1525.834	60.49	324.749	52.565	0.453
958	1541.65	61.404	327.829	53.502	0.47
959	1536.684	61.351	328.355	53.901	0.465
960	1533.789	61.118	328.283	52.96	0.453
961	1542.951	61.611	328.461	53.365	0.466
962	1530.157	61.346	327.305	53.466	0.472
963	1529.53	61.017	328.692	53.193	0.455
964	1527.61	61.155	324.921	53.109	0.46
965	1537.076	61.185	330.239	53.57	0.467
966	1529.686	60.715	328.07	53.209	0.46
967	1530.235	60.608	329.158	53.255	0.457
968	1535.185	61.393	328.116	53.728	0.473
969	1538.472	61.014	329.056	53.685	0.456
970	1512.366	61.205	323.64	53.124	0.457
971	1550.539	61.519	332.84	53.74	0.456
972	1535.527	61.564	328.937	53.482	0.465
973	1546.831	61.013	328.84	53.25	0.454
974	1541.391	61.491	329.383	53.786	0.462
975	1531.552	61.635	329.676	53.789	0.488
976	1537.211	61.461	325.617	53.319	0.463
977	1548.42	61.776	330.47	53.197	0.464
978	1531.188	60.791	327.442	52.955	0.464
979	1536.279	61.504	328.637	53.523	0.477
980	1530.421	60.886	326.194	53.204	0.471
981	1531.071	60.308	325.468	52.685	0.446
982	1532.942	61.421	327.833	53.746	0.466
983	1533.18	61.696	325.401	53.457	0.472
984	1526.678	61.829	327.52	53.816	0.475
985	1526.399	60.798	328.46	53.434	0.457
986	1519.467	60.521	324.897	52.693	0.456
987	1537.412	61.153	329.406	53.426	0.458
988	1533.947	60.846	327.924	53.116	0.449
989	1535.742	60.998	327.02	53.163	0.471
990	1529.214	61.855	327.471	53.435	0.473
991	1535.781	61.6	328.552	53.42	0.467
992	1539.599	60.765	326.003	53.039	0.451
993	1547.857	61.47	331.592	53.455	0.47
994	1532.477	62.085	327.313	54.112	0.483
995	1530.125	61.686	327.332	53.657	0.467
996	1530.513	60.521	325.21	53.028	0.455
997	1527.78	61.175	328.608	53.611	0.458
998	1531.03	61.471	326.044	53.327	0.471
999	1544.122	61.802	330.579	53.61	0.474
1000	1532.872	60.656	327.856	53.194	0.455
