MutationType	DBS78A	DBS78B	DBS78C	DBS78D	DBS78E	DBS78F	DBS78G	DBS78H	DBS78I
AC>CA	0.0006078046004096825	2.4410369679846184e-07	2.982683480223389e-07	0.007330507482566764	0.007747365176803308	0.03361834831995653	0.008126263672275364	0.0039787276154853715	0.007437888819999724
AC>CG	0.0010208907467975357	4.1612623308557373e-07	5.391778216585925e-07	0.0005724860685708028	9.407685813127279e-05	0.0003897973537624651	0.0008788061783368053	0.0035139045622732397	0.0018551408911310907
AC>CT	0.0018280435682423194	2.7859383915574666e-07	0.00016061535559246226	0.0036718150309354037	0.03919952119300248	0.003775962852815108	0.006445515018273763	0.006218445552053679	0.010497375157921568
AC>GA	0.000805709942457177	2.5895823489518723e-07	0.00010720291332023487	0.01066083942933966	0.0076887480875197	0.007517946484428659	0.010717633225035762	0.021150520103590028	0.01800619905180977
AC>GG	0.0010315669078668507	4.141847489975302e-07	5.476186335475318e-07	0.000377508749499323	0.0001260378164963166	0.0003835147278203303	0.0006020579645450417	0.004091572758045567	0.0018540190027664671
AC>GT	0.0027485560863587974	0.004489564751517867	0.00421154769604358	0.0009222106811599589	0.005956337467295551	0.006064623031126409	0.011883325793636292	0.0019108282198911663	0.003625117222069081
AC>TA	0.003930951827060035	0.004316364659418536	0.0043858693079428775	0.004215042252045306	0.011278858891102438	0.0031492823211543342	0.009219287079697613	0.005789884474007202	0.006945613442761029
AC>TG	1.1181421641271337e-06	4.4250784027615377e-07	8.212319146906808e-07	3.852655667720572e-06	5.589883457354625e-06	8.085083047824293e-06	1.0283778658141969e-05	9.645105801111328e-06	4.877063123307839e-06
AC>TT	0.004257985834970255	1.554435544601029e-07	1.6353472018316103e-07	0.01122866335927593	0.015500968000093186	0.010389662331109146	0.04602238630928549	0.008539884335381139	0.014471123937343826
AT>CA	0.00046458515603824027	3.8975192781007447e-07	4.591024579548622e-07	0.002051781165405616	0.005732325597736827	0.0022236176072484037	0.002122167601106743	0.001870079245363367	0.003531610236209527
AT>CC	0.0006812623427103791	4.2374096542574805e-07	5.466184256002495e-07	0.00012091708682785043	0.002262685459214177	0.00021620412924861697	0.0006972579606316946	0.0001949945497652217	0.0008753998554885368
AT>CG	1.1181421641271337e-06	4.4250784027615377e-07	8.212319146906808e-07	3.852655667720572e-06	5.589883457354625e-06	8.085083047824293e-06	1.0283778658141969e-05	9.645105801111328e-06	4.877063123307839e-06
AT>GA	0.0002582489779985594	3.133181472302182e-07	0.00018240010089062793	0.024390818631007997	0.01224944815577888	0.0039455085110129936	0.008091046560459234	0.010113214722006113	0.012280734881043486
AT>GC	0.000654437593655729	0.00416575945376928	1.8347460521688806e-05	0.0008952548915099497	0.005248626914547527	0.0012209648332303308	0.002221237976544324	0.0028541669013457645	0.003543253745194341
AT>TA	0.0013669137330466774	2.6332685844501105e-07	0.006399744046354094	0.026756869383466986	0.010967108374273348	0.0051860022452598275	0.005464668692525162	0.013279035165131941	0.01684734722183368
CC>AA	0.003805765678187765	0.0793091883504242	0.12493456990273331	0.0861466763377696	0.036395168703095025	0.0407012225744037	0.0564160344361082	0.024142468927589953	0.07538157712891355
CC>AG	0.002761704013488422	0.014913899702610145	0.01928908948658037	0.008580044171576004	0.02923896811547687	0.006050123310336733	0.006265070987480351	0.008537900498535424	0.018939129652330515
CC>AT	0.0009763263524063769	0.009196163347822542	0.050094431986131255	0.0575159771253086	0.19898076961430228	0.05677964977507634	0.015854413703777194	0.04920565036697599	0.04361392558731144
CC>GA	0.0002020995787723441	2.863390447795157e-07	0.005349689499112676	0.008573850809267487	0.011618589041478106	0.011421512569252378	0.014185818866911714	0.006889219226939322	0.010958334843309853
CC>GG	0.0020848850159012047	3.4390010728083776e-07	0.004164866863737668	0.0013918321606075264	0.0016711542436357678	0.002127585577880919	0.003047512198506427	0.013234074389103316	0.007819820880361768
CC>GT	0.005945791634765192	1.4354298839015122e-07	0.004771062533200951	0.014071109082129841	0.045142038854700306	0.02963939999110355	0.00848774911440369	0.023809580937680343	0.01742587682509247
CC>TA	0.009084814832633105	0.004569488038284039	0.028094892176394482	0.005376069511170521	0.00988659953686567	0.004488559818482218	0.016472934304841546	0.3003326632685638	0.013864301386621376
CC>TG	0.0007774174079379786	0.00452249191464757	0.00019836174021395334	0.021630285275965805	0.03325671932911804	0.008348860239690567	0.022638071095629143	0.03518372604785815	0.022609206958397226
CC>TT	0.899668229919268	0.004621728020459872	0.05445713359904476	0.009386361573580377	0.0091166906568622	0.0035219515595908977	0.005758188904252453	0.02689808449564599	0.1756036619877322
CG>AT	1.5515920682151232e-07	0.004273239239918685	3.247197246207388e-07	0.006518375503492506	0.00271521386617842	0.001391223363416217	0.000731871811064232	0.0025845499958450494	0.00319553745142175
CG>GC	1.1181421641271337e-06	4.4250784027615377e-07	8.212319146906808e-07	3.852655667720572e-06	5.589883457354625e-06	8.085083047824293e-06	1.0283778658141969e-05	9.645105801111328e-06	4.877063123307839e-06
CG>GT	5.632707324879591e-07	0.004053888776408874	5.626791727204751e-07	3.827628728943158e-06	5.064086289248927e-06	8.052932865779058e-06	1.0244872676253605e-05	8.890494878875405e-06	4.580741867625691e-06
CG>TA	1.1181421641271337e-06	4.4250784027615377e-07	8.212319146906808e-07	3.852655667720572e-06	5.589883457354625e-06	8.085083047824293e-06	1.0283778658141969e-05	9.645105801111328e-06	4.877063123307839e-06
CG>TC	0.0009389407841767963	0.003990314735029239	0.00013950819550740575	0.0021556715596497324	0.0019017507688539276	0.003793514589121503	0.0024781397152965896	0.006813845459638699	0.0032576883579567115
CG>TT	6.699468138535868e-07	4.234631910425043e-07	6.438325716005131e-07	0.004676995500238431	4.605249639024167e-06	7.066830016295687e-06	1.8755264883134614e-05	8.756144191701138e-06	0.0014758920599421683
CT>AA	0.00010998036044186871	0.018701874275957927	0.1304625468874439	0.0019530195913177732	0.00667280786162034	0.0013786620009711883	0.0027720016360537054	0.001425767241332172	0.005162161766323475
CT>AC	0.00021049054718879688	0.5918755740666779	0.058265437234024706	0.00021249081055875553	0.000384597912472055	2.3084430241994297e-06	4.037873155865013e-05	0.00012761296830609038	0.0006774628564483561
CT>AG	0.00033663903137982513	3.3511854230307723e-07	0.033916984343775824	0.002289513524264662	0.006972422167875306	0.0028506334275145337	0.0017805487702427076	0.0012105432952138162	0.0034659974529844587
CT>GA	1.8763897934687032e-07	3.8271067111540095e-07	0.018830525191567343	0.000712451180418429	0.0007524641103126636	0.005388087533482404	0.0005242361883137807	0.0005883078974012403	0.0008705232266102243
CT>GC	0.0006724202291847765	4.2201007463714285e-07	0.004327114318209686	7.184490956590428e-05	0.0023162003820132934	0.0002483038434467743	0.0007263211175469751	0.00020550687627839137	0.0007809223732824878
CT>GG	0.0002573238170390262	3.1526747804509153e-07	0.00011203090994110346	0.006924391445998651	0.011563124109026521	0.007065354933370292	0.005889514312055316	0.004222305878567848	0.008892409728993765
CT>TA	8.567586793619423e-08	1.5784493458487018e-07	0.013451204908819726	0.042125880384880326	0.003414539024546428	0.01936478773462843	0.0072787487411363015	0.013969924925277287	0.01845399045524566
CT>TC	0.0007996250011072292	2.06968969162514e-07	0.009700510030267328	0.031186954861303	0.026277147950535516	0.010027420237494875	0.008154112163175846	0.010605850263766857	0.01812510198848919
CT>TG	0.0018993193333346247	3.2542488558118795e-07	0.009198724014237773	0.011827445929454535	0.0036510590520008124	0.0006435228174142746	0.004310388343395918	0.0010574423613516298	0.006184648562410874
GC>AA	0.007323443102103628	0.004628347738809224	0.020765049122264765	0.017093446861992077	0.009013141659408386	0.023724704398939898	0.2562410998424427	0.01878238351058985	0.014184740592877073
GC>AG	0.0005031085027691255	0.013574343964158686	0.008750358590969783	0.012696792341500458	0.013996987568127747	0.02490372220339731	0.037461363798922044	0.027943751595257017	0.016098218119047526
GC>AT	0.00015124224610715004	1.867232433559995e-07	0.009337522053156173	0.0027097740526245318	0.006245678095129969	0.042215861693873376	0.028854460308900567	0.003106127827669006	0.005721122988682979
GC>CA	9.394032112315573e-05	0.009251260478185789	0.005044312123151297	0.01426277266404215	0.0037478577719472837	0.013821222808909659	0.008518614630652533	0.00718627484210079	0.012006940188299052
GC>CG	1.1181421641271337e-06	4.4250784027615377e-07	8.212319146906808e-07	3.852655667720572e-06	5.589883457354625e-06	8.085083047824293e-06	1.0283778658141969e-05	9.645105801111328e-06	4.877063123307839e-06
GC>TA	4.934404558199344e-08	0.004405768979287733	0.004120083080967778	0.009184442378794098	0.0019607888840018207	0.002031170601890244	0.021034262038099983	0.0041124281656165955	0.005881851595054905
TA>AT	0.0005808311962861077	0.00422350645972662	2.4388440022337595e-05	0.007042680604715727	0.009531729570031648	0.02350211648989548	0.010201739472213488	0.010283052320087072	0.0072070906544568275
TA>CG	6.586745759290515e-07	4.26183391628321e-07	6.342679475905675e-07	0.004747344893181777	4.560976790430915e-06	1.541076348959666e-05	2.8208091205536577e-05	1.639806238705305e-05	0.0014630522303904433
TA>CT	0.0015678065420364044	0.004051634474632668	3.5661905845170375e-05	0.009862754581805407	0.0077038739517455495	0.015452632392149722	0.029477339454756977	0.007318294128584755	0.01049322751107559
TA>GC	1.1181421641271337e-06	4.4250784027615377e-07	8.212319146906808e-07	3.852655667720572e-06	5.589883457354625e-06	8.085083047824293e-06	1.0283778658141969e-05	9.645105801111328e-06	4.877063123307839e-06
TA>GG	1.1181421641271337e-06	4.4250784027615377e-07	8.212319146906808e-07	3.852655667720572e-06	5.589883457354625e-06	8.085083047824293e-06	1.0283778658141969e-05	9.645105801111328e-06	4.877063123307839e-06
TA>GT	0.0018376362417610967	3.864063714523078e-07	3.229675840202456e-07	0.004061034137305424	0.0034542381890022987	0.000360846253798372	0.0012914360726400927	0.0002812398761561099	0.002980881685689695
TC>AA	8.5342780966804e-05	0.01832198448721246	0.10068154395260107	0.005435911656774101	0.022743634207391807	0.21570507953810744	0.01643588244044656	0.009296547082101677	0.01064975132503242
TC>AG	0.0001350520504931334	1.3395082898650046e-07	0.025938789446569757	0.007572873706930016	0.023742900389728247	0.04612804742625597	0.023091635259971818	0.030410065520945977	0.019783595457089128
TC>AT	0.0012917831567895513	2.329297071104527e-08	0.043277660372507576	0.060377113851417766	0.02046825018899838	0.03370458923192381	0.040195173655042285	0.10077503206639316	0.041489469935050864
TC>CA	0.00038014966158391676	1.5741836265456324e-07	0.005167653748049795	0.03558931824495996	0.02766679154949551	0.011200265134935205	0.01988345176045401	0.013370623465392435	0.022957187994942643
TC>CG	2.700465738571672e-07	0.003910450895338279	8.41980050742766e-06	0.00046285049952816124	0.003076275197488341	0.002868845035393692	0.001007628358563697	0.0036574148918806755	0.0014707191339056124
TC>CT	0.0017954056156502319	0.00422601464262624	0.008686789215324009	0.018924917518281164	0.01846548001260521	0.043720328138569	0.03237605802701566	0.006358680853349657	0.016565029386277616
TC>GA	0.00023139186352025826	0.004334515447602735	0.008428840102519647	0.006666795643915429	0.009371858068888066	0.005000133867631437	0.005251205390607428	0.005990476444176972	0.009759368482266405
TC>GG	0.000457117576263366	3.8096669940469804e-07	1.4237813171448928e-05	0.0006486214497697024	0.0021159336935370385	0.00075347760943814	0.00783947747064298	0.006480827914303813	0.0017031470757947705
TC>GT	0.003273430233045831	0.004279053116875053	0.0048664749821227945	0.015037665087324929	0.016919317801239002	0.027642670245468487	0.009381805599799274	0.018505206731769065	0.01748038930696127
TG>AA	0.00248726672591863	0.004113592817887292	0.022327809799667978	0.008808767182847541	0.006124690734892937	0.0067022147691184735	0.002408099553645585	0.0010753330456405163	0.0063272381473284366
TG>AC	0.003061190710810317	3.219786361747929e-07	2.0316096587171512e-05	0.010391124051880198	0.0014320481320394597	0.0011036350202247552	0.003306034531546617	0.00423798716551749	0.0067995297232496055
TG>AT	0.006728624355432606	0.03376426308171242	0.0070272810326803105	0.0924227181433671	0.023536179808334005	0.013714619948461262	0.010733101654558683	0.011728712955508265	0.04386334330368521
TG>CA	0.0035124715608217407	3.0863018836606204e-07	2.055123956784811e-07	0.008363902395145171	0.0087065657557364	0.0008962852345379455	0.003738336339479022	0.006659947910448293	0.007683884536025244
TG>CC	0.0006509553370777355	0.008058927322004993	9.79680587970818e-06	0.005741468254659763	0.004158146021042459	0.003246679850668406	0.003468173610938704	0.0011347273510618834	0.0041797080962931565
TG>CT	0.0007610001903499472	0.009029459680055063	0.047835858141655946	0.09586968756685656	0.044170513790138484	0.08911646700936927	0.03139529098947211	0.00796547061344374	0.05364528814671178
TG>GA	0.0007052059845634211	3.6799252652023377e-07	3.287958249152047e-07	0.011227930746148833	0.005961831447926481	0.0015198880892049122	0.0013510619195935116	0.002204900420079323	0.006001162674096806
TG>GC	6.498728402051396e-07	4.234258432021565e-07	6.237664006935153e-07	0.005075096706381847	4.508917493779708e-06	6.965399167519602e-06	9.257217253755692e-06	8.712008563947132e-06	0.0017121535734371984
TG>GT	0.00011024911050050513	0.10811043121374635	0.06853307914689444	0.025572021599491044	0.05260744341291829	0.014581902486300214	0.03589573983859817	0.0268691349111614	0.026657144255135424
TT>AA	0.006491738156872324	0.004349161927322091	0.009669301643246357	0.024646071103059233	0.003658577406577968	0.004784532789562174	0.009037609733996366	0.02797647268269045	0.015301569483231824
TT>AC	0.00047924453137495525	3.464634863976258e-07	6.477554646334993e-05	0.004131334121039865	0.014312881228037217	0.00356731319207041	0.014588637740540245	0.0037198960264628175	0.00820955264948389
TT>AG	1.3231221428490795e-05	4.168137217697461e-07	0.004803075645697795	0.00732497140616954	0.0053350412746899336	0.00355567881634352	0.0023464894953075235	0.0016871242498590058	0.0059055351973234345
TT>CA	0.0018043212425687362	2.3654769336062902e-07	8.043228786134685e-05	0.00830515333900696	0.029736712652428898	0.019082866221726277	0.009924935697144867	0.002669839535347085	0.010448655919833849
TT>CC	0.001614473837761552	2.6641786247557533e-07	0.0001236435404018037	0.015299401814238497	0.029247305347493015	0.004028148486631272	0.011902826152947923	0.0035829355462230986	0.014173108359505204
TT>CG	0.0010649651908953262	3.830672636029542e-07	3.538722922593459e-07	0.00877413599791725	0.0015923660333656406	0.00011095113671694693	0.0005898389877531573	0.00010828089624020851	0.0040336648693402154
TT>GA	0.0006067033757652838	0.004352548712304852	1.897240669704193e-05	0.012775765522163402	0.0026277642062459586	0.006655510575449062	0.013238117861925403	0.0017778205445433634	0.005384340158895382
TT>GC	6.343607033559278e-07	4.237657063055492e-07	6.292307169810141e-07	0.004894916973205902	4.545140063286424e-06	2.3704645299290032e-05	9.279592686856787e-06	8.783021091948426e-06	0.0016650578564319889
TT>GG	1.9553704502405308e-07	4.074887933356663e-07	0.009100529866465316	0.0014456712230256038	0.0005246491019249271	0.001165678062989592	0.001081631647963599	0.008073649911466134	0.0015455642076142478
