MutationType	DBS78A	DBS78B	DBS78C	DBS78D	DBS78E	DBS78F	DBS78G	DBS78H	DBS78I
AC>CA	4.57E-04	5.51E-04	5.54E-05	6.16E-04	4.12E-04	4.68E-09	5.08E-04	1.54E-08	1.07E-03
AC>CG	1.76E-04	2.79E-04	5.14E-05	2.12E-04	3.12E-04	2.86E-09	5.26E-05	1.69E-08	1.40E-04
AC>CT	4.89E-04	7.42E-04	1.39E-04	6.08E-04	6.05E-04	5.34E-09	1.17E-03	9.76E-05	4.56E-04
AC>GA	8.40E-04	1.22E-03	5.51E-05	8.95E-04	1.08E-03	5.25E-09	5.60E-04	6.88E-05	6.37E-04
AC>GG	1.20E-04	2.63E-04	5.13E-05	1.55E-04	3.59E-04	2.99E-09	7.20E-05	1.68E-08	1.24E-04
AC>GT	1.97E-04	3.32E-04	1.30E-04	6.48E-04	2.39E-04	1.41E-04	3.88E-04	1.59E-04	4.02E-04
AC>TA	2.69E-04	4.38E-04	1.61E-04	5.97E-04	4.38E-04	1.40E-04	5.74E-04	1.61E-04	3.12E-04
AC>TG	9.93E-08	1.32E-07	1.27E-08	1.09E-07	9.35E-08	1.58E-09	9.13E-08	2.05E-08	8.02E-08
AC>TT	6.17E-04	9.47E-04	2.06E-04	1.62E-03	7.21E-04	5.16E-09	9.07E-04	8.94E-09	7.12E-04
AT>CA	2.13E-04	2.98E-04	3.65E-05	2.20E-04	2.28E-04	2.66E-09	3.28E-04	1.53E-08	2.26E-04
AT>CC	4.15E-05	1.09E-04	4.16E-05	9.41E-05	5.39E-05	1.92E-09	1.65E-04	1.60E-08	6.04E-05
AT>CG	9.93E-08	1.32E-07	1.27E-08	1.09E-07	9.35E-08	1.58E-09	9.13E-08	2.05E-08	8.02E-08
AT>GA	7.65E-04	6.04E-04	3.05E-05	5.48E-04	6.33E-04	4.72E-09	5.59E-04	9.32E-05	4.10E-04
AT>GC	1.74E-04	3.19E-04	5.04E-05	2.41E-04	2.65E-04	1.29E-04	3.12E-04	1.49E-05	1.91E-04
AT>TA	9.02E-04	9.18E-04	7.64E-05	6.57E-04	8.92E-04	5.53E-09	6.59E-04	2.53E-04	6.35E-04
CC>AA	2.75E-03	3.30E-03	1.64E-04	2.67E-03	1.64E-03	6.06E-04	1.97E-03	1.17E-03	1.82E-03
CC>AG	8.45E-04	1.19E-03	1.16E-04	6.45E-04	7.34E-04	2.77E-04	1.02E-03	3.77E-04	6.10E-04
CC>AT	1.23E-03	1.42E-03	1.42E-04	1.15E-03	1.94E-03	2.00E-04	3.25E-03	6.12E-04	1.87E-03
CC>GA	7.21E-04	7.25E-04	2.63E-05	7.59E-04	5.94E-04	4.57E-09	6.04E-04	2.05E-04	7.56E-04
CC>GG	3.21E-04	7.64E-04	1.02E-04	4.49E-04	8.64E-04	4.40E-09	2.46E-04	1.44E-04	4.36E-04
CC>GT	8.31E-04	1.03E-03	1.95E-04	8.04E-04	1.15E-03	5.13E-09	1.40E-03	2.09E-04	1.30E-03
CC>TA	5.95E-04	1.18E-03	2.98E-04	1.45E-03	4.79E-03	1.40E-04	1.06E-03	4.81E-04	6.36E-04
CC>TG	9.16E-04	1.22E-03	8.84E-05	1.37E-03	1.70E-03	1.45E-04	1.29E-03	1.21E-04	8.69E-04
CC>TT	1.51E-03	7.12E-03	1.59E-03	1.49E-03	2.81E-03	1.42E-04	1.62E-03	1.64E-03	9.69E-04
CG>AT	2.89E-04	2.27E-04	1.10E-08	1.57E-04	2.74E-04	1.41E-04	2.05E-04	1.47E-08	1.89E-04
CG>GC	9.93E-08	1.32E-07	1.27E-08	1.09E-07	9.35E-08	1.58E-09	9.13E-08	2.05E-08	8.02E-08
CG>GT	9.45E-08	1.28E-07	1.90E-08	1.15E-07	1.01E-07	1.27E-04	9.23E-08	1.94E-08	8.35E-08
CG>TA	9.93E-08	1.32E-07	1.27E-08	1.09E-07	9.35E-08	1.58E-09	9.13E-08	2.05E-08	8.02E-08
CG>TC	2.60E-04	3.59E-04	5.46E-05	3.29E-04	5.43E-04	1.27E-04	1.94E-04	4.67E-05	3.44E-04
CG>TT	2.16E-04	1.08E-04	2.65E-08	9.43E-06	9.66E-08	1.72E-09	9.21E-08	1.79E-08	8.44E-08
CT>AA	3.31E-04	5.88E-04	2.06E-05	3.35E-04	3.46E-04	2.95E-04	5.02E-04	8.46E-04	3.14E-04
CT>AC	1.42E-04	1.75E-04	4.63E-05	1.97E-05	5.89E-05	1.17E-03	9.31E-05	1.69E-03	2.08E-07
CT>AG	2.70E-04	3.16E-04	3.43E-05	2.25E-04	2.31E-04	5.11E-09	3.79E-04	4.27E-04	2.86E-04
CT>GA	1.34E-04	1.48E-04	8.62E-09	1.11E-04	1.15E-04	3.05E-09	1.23E-04	3.25E-04	3.29E-04
CT>GC	2.36E-05	9.07E-05	4.38E-05	1.01E-04	5.20E-05	1.87E-09	1.69E-04	1.38E-04	6.53E-05
CT>GG	5.80E-04	6.71E-04	2.75E-05	5.51E-04	4.33E-04	4.21E-09	6.17E-04	6.71E-05	5.34E-04
CT>TA	1.06E-03	8.16E-04	5.79E-09	6.41E-04	6.95E-04	4.91E-09	3.89E-04	2.74E-04	9.39E-04
CT>TC	1.02E-03	9.62E-04	7.72E-05	8.30E-04	9.22E-04	5.26E-09	1.08E-03	2.50E-04	8.19E-04
CT>TG	4.46E-04	3.07E-04	9.35E-05	3.21E-04	1.65E-04	3.61E-09	2.67E-04	2.22E-04	1.30E-04
GC>AA	8.68E-04	8.45E-04	2.38E-04	4.58E-03	1.56E-03	1.46E-04	8.48E-04	3.68E-04	1.50E-03
GC>AG	7.96E-04	1.15E-03	5.38E-05	1.62E-03	1.39E-03	2.62E-04	9.02E-04	2.95E-04	1.28E-03
GC>AT	3.76E-04	6.29E-04	2.43E-05	1.26E-03	4.64E-04	5.01E-09	5.48E-04	2.58E-04	1.34E-03
GC>CA	6.56E-04	7.97E-04	2.35E-05	6.57E-04	6.10E-04	2.10E-04	3.56E-04	2.10E-04	8.22E-04
GC>CG	9.93E-08	1.32E-07	1.27E-08	1.09E-07	9.35E-08	1.58E-09	9.13E-08	2.05E-08	8.02E-08
GC>TA	4.64E-04	4.07E-04	5.00E-09	8.02E-04	4.33E-04	1.34E-04	2.46E-04	1.45E-04	2.85E-04
TA>AT	3.75E-04	5.29E-04	5.73E-05	7.24E-04	6.59E-04	1.35E-04	5.71E-04	1.13E-05	9.59E-04
TA>CG	2.24E-04	1.03E-04	1.91E-08	1.89E-05	7.52E-06	1.71E-09	8.97E-08	1.64E-08	8.32E-06
TA>CT	5.60E-04	6.29E-04	9.49E-05	1.09E-03	5.51E-04	1.37E-04	5.02E-04	1.68E-05	6.95E-04
TA>GC	9.93E-08	1.32E-07	1.27E-08	1.09E-07	9.35E-08	1.58E-09	9.13E-08	2.05E-08	8.02E-08
TA>GG	9.93E-08	1.32E-07	1.27E-08	1.09E-07	9.35E-08	1.58E-09	9.13E-08	2.05E-08	8.02E-08
TA>GT	2.09E-04	1.96E-04	8.73E-05	1.69E-04	7.87E-05	2.81E-09	2.43E-04	1.09E-08	9.90E-05
TC>AA	6.25E-04	9.72E-04	2.45E-05	1.31E-03	9.50E-04	2.94E-04	1.18E-03	1.10E-03	3.58E-03
TC>AG	7.74E-04	1.45E-03	2.57E-05	1.22E-03	1.40E-03	5.05E-09	1.15E-03	4.31E-04	1.58E-03
TC>AT	1.79E-03	1.95E-03	1.14E-04	1.91E-03	3.03E-03	2.55E-09	1.05E-03	5.73E-04	1.86E-03
TC>CA	1.08E-03	9.50E-04	4.47E-05	1.03E-03	9.41E-04	5.06E-09	1.00E-03	1.75E-04	8.25E-04
TC>CG	9.48E-05	2.00E-04	1.55E-08	1.73E-04	2.85E-04	1.28E-04	2.60E-04	5.63E-06	2.65E-04
TC>CT	8.10E-04	9.89E-04	1.21E-04	1.48E-03	6.73E-04	1.36E-04	9.50E-04	2.30E-04	1.54E-03
TC>GA	5.25E-04	6.39E-04	2.48E-05	4.13E-04	4.69E-04	1.38E-04	4.70E-04	2.08E-04	4.57E-04
TC>GG	1.42E-04	2.10E-04	3.81E-05	4.18E-04	4.15E-04	3.23E-09	1.68E-04	7.96E-06	1.52E-04
TC>GT	7.14E-04	8.62E-04	1.28E-04	6.95E-04	9.01E-04	1.41E-04	6.93E-04	1.86E-04	9.53E-04
TG>AA	3.69E-04	3.52E-04	1.12E-04	2.65E-04	1.85E-04	1.32E-04	3.65E-04	3.43E-04	4.02E-04
TG>AC	3.92E-04	3.49E-04	9.76E-05	2.96E-04	3.75E-04	4.15E-09	1.98E-04	1.41E-05	1.62E-04
TG>AT	1.93E-03	1.39E-03	2.18E-04	9.51E-04	8.71E-04	3.98E-04	9.89E-04	2.23E-04	8.04E-04
TG>CA	3.88E-04	4.46E-04	1.51E-04	3.81E-04	4.40E-04	4.44E-09	5.20E-04	7.39E-09	1.68E-04
TG>CC	2.89E-04	2.81E-04	4.80E-05	3.10E-04	1.88E-04	1.81E-04	2.85E-04	9.64E-06	2.83E-04
TG>CT	2.04E-03	1.95E-03	9.15E-05	1.76E-03	7.78E-04	1.94E-04	1.75E-03	6.70E-04	2.48E-03
TG>GA	4.04E-04	3.07E-04	5.04E-05	1.84E-04	2.44E-04	3.28E-09	3.32E-04	1.18E-08	1.90E-04
TG>GC	2.15E-04	1.28E-04	2.69E-08	1.13E-07	9.83E-08	1.70E-09	9.00E-08	1.68E-08	8.31E-08
TG>GT	1.60E-03	2.00E-03	2.49E-05	2.05E-03	1.94E-03	7.90E-04	2.12E-03	1.05E-03	1.57E-03
TT>AA	8.74E-04	9.67E-04	1.68E-04	7.53E-04	1.30E-03	1.40E-04	4.37E-04	2.60E-04	5.84E-04
TT>AC	4.25E-04	5.69E-04	4.92E-05	7.06E-04	4.02E-04	4.33E-09	6.04E-04	2.07E-05	3.85E-04
TT>AG	3.40E-04	3.81E-04	7.10E-06	2.50E-04	2.78E-04	1.06E-08	3.28E-04	1.62E-04	3.23E-04
TT>CA	5.16E-04	6.44E-04	1.14E-04	6.57E-04	3.84E-04	5.12E-09	9.70E-04	4.09E-05	8.43E-04
TT>CC	5.80E-04	7.14E-04	1.11E-04	6.26E-04	4.06E-04	5.29E-09	8.80E-04	4.92E-05	4.43E-04
TT>CG	3.32E-04	2.09E-04	5.87E-05	9.87E-05	3.08E-05	2.80E-09	1.39E-04	1.38E-08	3.58E-05
TT>GA	5.08E-04	3.67E-04	4.46E-05	6.69E-04	2.53E-04	1.39E-04	2.31E-04	1.56E-05	4.37E-04
TT>GC	2.28E-04	1.23E-04	1.79E-08	1.12E-07	9.68E-08	1.84E-09	9.06E-08	1.62E-08	1.66E-05
TT>GG	1.84E-04	2.30E-04	1.04E-08	1.64E-04	4.28E-04	2.27E-09	1.17E-04	2.17E-04	1.75E-04
