Iteration	L1	L1 %	L2	L2 %	KL Divergence
1	12.528	82.1	3.563	52.258	0.771
2	12.906	93.774	3.645	57.13	0.934
3	11.103	75.71	3.152	47.221	0.737
4	12.609	83.852	3.487	53.457	0.812
5	12.761	84.65	3.629	53.226	0.789
6	13.26	86.16	3.934	54.875	0.775
7	11.779	82.576	3.5	53.629	0.833
8	14.405	88.748	4.61	55.821	0.817
9	12.797	85.344	3.496	52.294	0.802
10	12.214	84.37	3.504	53.211	0.813
11	12.372	84.66	3.404	52.36	0.847
12	11.954	84.045	3.42	53.313	0.82
13	12.791	84.202	3.674	53.49	0.814
14	13.314	87.627	3.599	54.997	0.859
15	12.07	84.94	3.676	54.843	0.821
16	12.556	88.081	3.601	55.173	0.871
17	12.452	81.985	3.576	51.627	0.813
18	12.129	90.466	3.565	57.414	0.915
19	11.673	84.909	3.295	53.297	0.849
20	12.589	81.902	3.896	52.345	0.813
21	12.485	86.077	3.608	54.512	0.821
22	12.932	85.945	3.772	55.403	0.837
23	11.825	80.89	3.304	51.485	0.773
24	12.459	88.016	3.611	54.468	0.894
25	13.147	88.137	3.761	55.065	0.858
26	13.08	85.125	3.788	54.526	0.837
27	12.842	87.474	3.629	54.875	0.862
28	12.1	90.158	3.766	55.976	0.912
29	13.27	87.672	3.858	54.814	0.852
30	11.698	87.692	3.351	53.866	0.881
31	12.146	86.415	3.433	54.02	0.88
32	12.767	88.582	3.587	55.483	0.846
33	11.43	82.868	3.368	53.056	0.848
34	12.131	81.86	3.645	51.118	0.783
35	12.985	84.737	3.687	55.823	0.795
36	12.09	83.517	3.371	53.277	0.793
37	12.018	85.428	3.485	53.862	0.877
38	12.841	88.697	3.844	55.748	0.897
39	13.061	82.993	3.725	52.553	0.81
40	13.359	82.353	3.887	52.031	0.798
41	11.896	80.327	3.377	53.314	0.769
42	13.81	90.162	3.987	56.46	0.88
43	12.684	83.816	3.641	53.579	0.78
44	13.589	90.452	3.967	57.277	0.906
45	12.536	84.238	3.374	54.265	0.809
46	12.613	90.357	3.501	54.3	0.877
47	11.755	81.85	3.507	52.254	0.781
48	13.35	88.963	3.735	57.335	0.861
49	13.42	89.026	3.932	57.289	0.846
50	11.547	81.004	3.404	50.975	0.794
51	11.918	89.266	3.443	56.544	0.881
52	11.84	78.173	3.488	50.011	0.726
53	12.979	79.3	3.695	50.367	0.743
54	12.829	83.117	3.735	52.099	0.794
55	13.539	90.484	3.892	56.594	0.882
56	12.052	85.948	3.414	52.433	0.822
57	12.585	81.142	3.574	50.247	0.827
58	13.138	90.822	3.674	55.779	0.894
59	12.856	88.312	3.841	54.559	0.847
60	13.005	81.362	3.736	51.855	0.769
61	12.569	85.072	3.605	54.596	0.834
62	13.341	82.173	3.691	52.16	0.772
63	12.767	88.325	3.699	56.964	0.833
64	13.675	84.76	4.037	53.77	0.836
65	12.934	83.686	3.659	52.141	0.824
66	13.471	85.517	3.753	53.932	0.788
67	12.482	83.821	3.51	53.389	0.833
68	12.757	88.124	3.772	56.868	0.873
69	11.765	89.34	3.496	55.841	0.904
70	13.258	89.943	3.889	56.447	0.865
71	13.496	88.122	3.969	54.874	0.856
72	13.243	88.326	4.009	55.566	0.865
73	12.222	86.245	3.43	53.25	0.866
74	11.585	76.869	3.416	50.324	0.737
75	13.967	90.09	4.042	56.005	0.875
76	12.401	86.257	3.653	53.688	0.827
77	12.978	84.598	3.795	52.593	0.823
78	11.7	82.984	3.359	52.5	0.761
79	12.945	85.211	3.603	52.95	0.838
80	13.467	90.929	3.884	56.829	0.863
81	13.557	88.174	3.934	55.589	0.848
82	12.479	86.218	3.677	55.579	0.871
83	12.63	91.456	3.67	57.234	0.892
84	13.515	91.648	4.224	57.815	0.869
85	11.306	83.846	3.3	52.813	0.821
86	12.45	85.552	3.52	53.92	0.83
87	12.061	83.233	3.46	53.521	0.809
88	13.637	93.763	3.835	57.292	0.951
89	13.156	87.67	3.701	55.131	0.819
90	12.972	85.98	3.511	53.145	0.856
91	12.155	77.492	3.522	48.622	0.713
92	12.708	88.493	3.664	55.661	0.869
93	12.791	86.128	3.515	53.805	0.839
94	13.874	90.613	4.206	57.009	0.833
95	11.105	85.692	3.27	53.891	0.869
96	13.564	87.299	3.887	54.062	0.833
97	11.77	83.056	3.571	51.874	0.816
98	13.228	90.595	3.773	57.814	0.906
99	13.065	86.251	3.618	53.733	0.804
100	11.733	78.423	3.424	49.817	0.745
101	12.119	85.925	3.595	54.389	0.805
102	11.197	82.725	3.27	52.727	0.844
103	12.319	84.044	3.616	52.259	0.834
104	13.149	82.531	3.823	52.178	0.772
105	11.981	84.422	3.403	52.563	0.865
106	13.052	92.145	3.996	57.587	0.896
107	12.606	82.753	3.575	52.546	0.776
108	13.068	86.552	3.663	54.831	0.819
109	12.167	85.123	3.661	53.831	0.859
110	12.349	86.158	3.409	52.977	0.843
111	11.888	85.088	3.433	53.211	0.809
112	12.583	87.645	3.55	54.291	0.856
113	13.62	85.531	4.301	53.788	0.781
114	12.567	87.6	3.545	54.853	0.87
115	12.537	82.758	3.541	52.618	0.804
116	13.404	87.095	3.855	53.237	0.828
117	12.075	82.735	3.594	52.86	0.842
118	12.147	86.518	3.545	54.319	0.896
119	12.597	81.543	3.613	52.163	0.804
120	13.387	90.488	4.103	57.184	0.87
121	11.594	79.542	3.532	51.274	0.777
122	11.671	83.632	3.332	52.444	0.832
123	13.067	83.853	3.513	52.772	0.78
124	13.514	88.96	4.123	54.639	0.844
125	14.243	90.605	4.031	56.993	0.862
126	14.244	88.303	4.155	55.147	0.827
127	11.946	85.747	3.54	54.08	0.839
128	13.266	84.417	3.826	52.409	0.792
129	13.643	85.989	4.085	54.012	0.8
130	11.539	81.694	3.359	52.209	0.813
131	13.072	80.997	3.483	50.721	0.762
132	11.597	83.699	3.262	52.424	0.826
133	13.079	88.195	3.917	55.745	0.838
134	11.893	81.35	3.313	50.62	0.79
135	13.547	83.756	4.141	53.312	0.815
136	13.083	90.84	3.804	57.289	0.856
137	11.827	79.928	3.324	49.787	0.772
138	11.666	80.809	3.444	52.107	0.803
139	12.001	83.494	3.553	51.999	0.813
140	12.92	89.227	3.651	56.024	0.901
141	12.968	81.512	3.501	51.148	0.788
142	12.904	89.031	3.733	56.153	0.851
143	13.587	85.244	4.15	54.554	0.772
144	12.639	89.605	3.562	57.028	0.837
145	12.998	83.481	3.76	52.601	0.762
146	12.246	88.206	3.552	55.116	0.873
147	12.477	85.16	3.409	53.394	0.841
148	12.349	83.337	3.519	52.336	0.772
149	12.308	84.331	3.6	53.09	0.807
150	11.936	78.713	3.41	50.793	0.741
151	12.353	88.573	3.552	55.254	0.868
152	12.814	89.394	3.718	57.773	0.858
153	12.98	83.45	3.582	52.101	0.799
154	12.273	85.533	3.627	54.316	0.835
155	12.199	88.18	3.548	56.633	0.889
156	12.012	89.417	3.609	55.79	0.871
157	11.934	80.171	3.577	50.679	0.784
158	13.8	90.648	3.988	57.723	0.885
159	12.918	85.765	3.693	53.007	0.843
160	11.872	80.835	3.542	51.593	0.803
161	13.382	86.707	3.765	53.411	0.818
162	12.777	87.898	4.132	56.736	0.869
163	12.881	91.197	3.729	56.279	0.908
164	13.281	90.549	3.895	56.705	0.847
165	13.469	87.532	3.911	57.023	0.847
166	11.928	86.016	3.647	53.91	0.856
167	13.368	81.955	3.879	52.014	0.763
168	13.116	86.717	3.859	55.136	0.858
169	12.586	81.86	3.482	53.193	0.773
170	11.877	80.042	3.477	51.48	0.797
171	12.675	87.443	3.649	56.205	0.851
172	12.422	83.641	3.494	51.335	0.825
173	12.749	86.351	3.621	52.772	0.852
174	13.788	84.866	4.033	53.66	0.793
175	11.524	84.354	3.316	52.334	0.862
176	12.224	79.124	3.626	49.964	0.751
177	13.82	88.089	4.124	55.743	0.839
178	12.896	87.198	3.97	54.893	0.86
179	12.532	81.644	3.442	51.479	0.796
180	11.872	78.569	3.42	48.937	0.765
181	12.949	86.156	3.742	53.765	0.826
182	13.301	88.677	3.935	55.77	0.845
183	13.043	86.838	3.597	53.55	0.841
184	13.015	86.807	3.668	54.16	0.832
185	11.986	78.624	3.545	51.668	0.727
186	12.211	86.646	3.496	53.158	0.86
187	11.507	83.44	3.544	55.016	0.824
188	12.037	78.46	3.49	49.0	0.751
189	12.543	86.622	3.596	53.595	0.813
190	13.075	88.83	3.616	55.559	0.876
191	13.054	84.853	3.844	53.892	0.85
192	13.457	91.489	3.882	56.719	0.846
193	12.949	81.057	3.644	51.431	0.775
194	12.639	83.168	3.557	52.535	0.78
195	11.461	81.294	3.401	52.39	0.764
196	12.852	90.054	3.656	55.837	0.88
197	13.139	87.034	3.772	54.384	0.827
198	12.819	89.688	3.589	55.357	0.862
199	13.466	87.194	3.783	56.016	0.822
200	12.266	81.16	3.496	50.883	0.777
201	12.766	83.465	3.761	54.394	0.82
202	12.026	85.215	3.566	53.748	0.863
203	12.157	81.779	3.478	51.322	0.761
204	12.259	89.445	3.702	57.127	0.92
205	12.089	83.893	3.593	53.236	0.799
206	12.83	90.856	3.709	57.951	0.902
207	13.096	92.092	3.647	54.64	0.926
208	12.165	83.737	3.412	53.228	0.773
209	12.786	85.472	3.705	53.168	0.829
210	12.776	93.147	3.718	59.794	0.892
211	13.427	88.451	3.845	55.698	0.841
212	13.467	86.777	4.007	53.55	0.852
213	13.082	91.104	3.871	56.649	0.898
214	13.238	89.037	3.67	54.936	0.832
215	12.769	88.16	3.784	56.881	0.877
216	12.683	83.71	3.718	52.819	0.829
217	11.659	85.211	3.384	53.54	0.828
218	13.644	90.95	4.213	56.544	0.853
219	13.093	85.896	3.697	54.447	0.781
220	12.154	82.058	3.609	52.401	0.798
221	12.485	88.234	3.555	54.627	0.877
222	13.018	86.365	3.729	54.073	0.84
223	12.176	79.361	3.328	49.332	0.772
224	11.509	85.014	3.335	54.178	0.838
225	13.16	85.218	3.822	52.589	0.791
226	12.381	79.627	3.566	49.542	0.762
227	12.921	86.596	3.805	55.422	0.845
228	13.396	86.874	3.852	52.705	0.833
229	13.19	82.903	3.773	52.822	0.775
230	12.217	86.702	3.664	54.817	0.849
231	12.61	86.3	3.554	55.252	0.883
232	12.218	88.48	3.549	54.858	0.881
233	12.676	83.44	3.524	51.564	0.806
234	12.999	86.584	4.024	55.251	0.824
235	13.562	83.521	4.074	52.154	0.759
236	13.367	85.562	3.816	53.452	0.845
237	12.037	82.978	3.496	52.518	0.797
238	12.324	83.612	3.395	52.567	0.828
239	12.807	83.971	3.802	53.184	0.822
240	12.824	90.882	3.66	56.396	0.894
241	13.319	83.531	3.778	53.689	0.772
242	12.369	89.466	3.592	57.809	0.878
243	13.671	88.767	4.109	53.853	0.849
244	12.312	82.241	3.661	52.089	0.76
245	11.948	83.711	3.611	53.504	0.821
246	12.854	85.905	3.897	54.119	0.802
247	12.493	82.037	3.509	52.422	0.813
248	12.49	81.767	3.646	52.383	0.797
249	13.747	94.666	3.938	59.78	0.945
250	13.742	89.034	3.899	56.545	0.856
251	14.771	90.468	4.416	56.787	0.804
252	12.491	83.854	3.524	52.256	0.854
253	12.988	87.949	3.84	55.152	0.851
254	11.499	77.869	3.29	49.976	0.769
255	13.127	88.371	3.792	56.151	0.881
256	13.192	87.837	3.746	53.733	0.837
257	12.882	85.612	3.652	53.362	0.804
258	14.67	87.661	4.174	55.033	0.811
259	13.568	90.178	3.684	57.535	0.91
260	13.368	86.535	3.894	54.481	0.814
261	12.133	83.934	3.583	53.466	0.828
262	12.876	76.291	3.633	49.908	0.715
263	13.014	89.907	3.866	56.902	0.833
264	11.621	78.568	3.387	49.66	0.762
265	11.865	80.665	3.577	51.925	0.775
266	12.561	90.252	3.556	55.829	0.892
267	13.575	88.913	3.741	54.504	0.846
268	13.599	88.347	3.818	55.145	0.841
269	13.046	88.371	3.616	54.867	0.892
270	12.111	84.433	3.366	51.508	0.858
271	12.889	84.38	3.674	52.817	0.8
272	12.457	83.944	3.565	54.604	0.838
273	12.351	84.07	3.744	52.632	0.779
274	13.104	79.118	3.559	50.678	0.746
275	12.824	88.579	3.642	56.019	0.861
276	13.176	86.244	3.716	54.103	0.825
277	12.318	87.879	3.473	54.427	0.886
278	12.302	83.968	3.504	51.302	0.791
279	12.532	84.324	3.664	53.602	0.812
280	11.667	83.932	3.443	52.756	0.849
281	13.747	82.001	4.105	52.654	0.741
282	11.984	83.584	3.353	52.473	0.805
283	12.412	84.893	3.514	53.362	0.808
284	12.45	83.224	3.685	52.952	0.834
285	13.373	85.841	3.995	53.021	0.798
286	13.294	81.724	4.055	53.017	0.725
287	12.418	84.221	3.651	54.071	0.836
288	12.565	91.417	3.662	57.88	0.904
289	12.966	87.891	3.845	53.71	0.851
290	13.321	84.899	3.704	52.078	0.855
291	13.475	86.67	3.971	54.429	0.836
292	12.688	79.685	3.497	49.94	0.767
293	13.156	81.545	3.552	51.62	0.774
294	13.179	86.256	3.883	55.61	0.866
295	12.976	80.23	3.703	49.355	0.762
296	12.558	83.406	3.511	53.244	0.795
297	12.611	85.22	3.56	53.825	0.842
298	12.686	87.127	3.64	53.721	0.881
299	13.02	84.046	3.678	54.319	0.775
300	12.658	85.628	3.621	53.89	0.847
301	12.413	85.942	3.51	52.537	0.857
302	12.212	86.952	3.546	54.95	0.861
303	12.261	81.074	3.579	52.21	0.782
304	12.44	83.137	3.513	52.73	0.802
305	12.932	86.282	3.739	55.774	0.799
306	13.202	85.097	3.681	53.813	0.836
307	12.175	85.248	3.371	54.192	0.829
308	12.596	83.716	3.584	53.014	0.809
309	12.517	89.17	3.825	56.153	0.89
310	12.584	81.84	3.651	52.315	0.796
311	13.248	88.819	3.722	54.799	0.832
312	12.529	86.448	3.539	54.936	0.831
313	12.286	82.073	3.621	50.257	0.779
314	12.631	89.874	3.74	56.698	0.895
315	13.218	90.578	3.704	56.565	0.855
316	14.1	86.754	3.94	53.672	0.825
317	12.485	86.154	3.682	53.567	0.83
318	12.245	81.843	3.541	50.581	0.792
319	12.669	85.315	3.607	53.814	0.82
320	13.724	87.015	3.909	53.851	0.816
321	13.581	89.847	3.938	55.447	0.869
322	11.525	82.79	3.413	51.539	0.828
323	12.035	85.886	3.342	55.111	0.841
324	13.967	88.829	4.03	55.538	0.852
325	12.844	92.326	3.768	58.404	0.936
326	13.779	89.922	3.895	56.498	0.854
327	11.114	82.983	3.235	51.632	0.823
328	12.425	84.604	3.579	54.678	0.813
329	13.835	87.95	4.063	56.005	0.845
330	13.115	84.405	3.817	53.334	0.806
331	12.767	80.582	3.644	51.892	0.745
332	12.102	81.925	3.592	50.44	0.802
333	13.833	90.818	3.99	56.864	0.85
334	12.111	80.512	3.444	50.157	0.791
335	12.942	87.981	3.719	55.878	0.876
336	12.44	84.874	3.413	52.811	0.851
337	13.752	89.611	3.979	56.459	0.824
338	12.966	82.714	3.678	52.388	0.779
339	12.16	79.323	3.384	49.046	0.779
340	12.609	79.945	3.706	51.135	0.788
341	12.78	84.049	3.676	55.081	0.826
342	13.083	87.124	3.873	54.27	0.838
343	13.278	87.709	3.834	54.892	0.829
344	12.891	85.402	3.467	52.017	0.83
345	13.485	87.551	4.134	54.508	0.813
346	13.812	87.902	3.993	54.744	0.849
347	12.841	84.623	3.552	54.06	0.813
348	13.333	86.097	3.856	53.658	0.836
349	12.676	85.053	3.586	54.604	0.839
350	13.19	84.898	3.994	54.367	0.821
351	13.088	84.462	3.749	53.249	0.799
352	14.164	89.82	4.012	55.103	0.848
353	13.447	87.478	3.808	53.925	0.82
354	11.792	84.795	3.53	53.949	0.85
355	12.839	79.431	3.688	50.919	0.745
356	12.021	82.597	3.536	54.231	0.807
357	11.643	78.662	3.244	50.199	0.752
358	11.6	83.416	3.447	51.548	0.796
359	11.715	80.638	3.414	51.672	0.824
360	12.157	79.719	3.536	49.713	0.734
361	12.912	90.254	3.814	56.811	0.896
362	13.388	89.403	3.786	56.283	0.855
363	12.84	86.086	3.774	52.838	0.811
364	12.89	82.123	3.797	52.295	0.74
365	12.485	79.138	3.443	48.843	0.781
366	12.447	85.639	3.718	53.94	0.838
367	13.167	89.827	3.872	55.87	0.868
368	12.204	85.224	3.488	53.69	0.812
369	12.903	85.033	3.758	55.373	0.821
370	13.574	91.747	3.883	59.199	0.92
371	12.306	85.053	3.409	52.692	0.796
372	12.81	81.578	3.782	52.343	0.795
373	12.898	87.027	3.86	54.212	0.831
374	12.096	83.519	3.327	52.645	0.825
375	11.631	84.368	3.529	53.686	0.781
376	12.561	81.505	3.561	50.866	0.795
377	12.31	83.895	3.511	54.274	0.826
378	13.519	86.044	3.874	56.13	0.841
379	12.239	91.247	3.777	58.887	0.906
380	12.307	81.449	3.553	54.214	0.769
381	12.687	81.773	3.553	52.544	0.767
382	13.56	85.754	3.812	54.78	0.809
383	13.464	89.127	4.016	57.258	0.873
384	10.856	76.693	3.118	48.505	0.739
385	13.871	90.608	4.12	57.44	0.864
386	12.665	89.049	3.787	56.898	0.883
387	13.31	85.572	3.627	53.267	0.803
388	12.667	83.462	3.652	53.006	0.791
389	12.027	92.054	3.547	55.822	0.949
390	13.062	87.875	3.8	56.009	0.878
391	12.574	88.602	3.745	57.338	0.872
392	12.727	90.078	3.632	56.583	0.922
393	12.461	84.684	3.637	52.82	0.827
394	12.27	88.658	3.496	56.156	0.878
395	12.337	90.827	3.557	58.533	0.922
396	13.492	89.26	4.144	55.467	0.866
397	12.752	83.328	3.874	52.82	0.807
398	11.928	77.02	3.462	50.673	0.721
399	12.268	84.603	3.553	53.339	0.845
400	12.691	92.374	3.79	58.063	0.947
401	12.383	81.093	3.654	52.655	0.803
402	12.377	87.239	3.565	55.05	0.834
403	13.599	86.999	3.63	53.478	0.842
404	11.947	85.544	3.403	53.433	0.845
405	12.395	85.082	3.543	54.261	0.817
406	12.581	89.281	3.916	58.322	0.879
407	12.75	86.648	3.534	53.722	0.848
408	12.967	82.386	3.762	52.432	0.784
409	12.954	87.239	3.713	54.166	0.839
410	11.64	83.669	3.394	52.602	0.826
411	13.789	85.811	4.007	55.6	0.819
412	12.899	86.539	3.775	53.736	0.868
413	11.724	82.462	3.376	51.815	0.79
414	12.854	86.365	3.884	53.667	0.852
415	12.238	82.835	3.641	53.296	0.781
416	12.883	84.644	3.539	52.46	0.828
417	13.211	84.425	3.706	53.997	0.788
418	12.842	87.825	3.596	55.067	0.868
419	13.16	88.326	3.948	55.457	0.851
420	11.854	80.993	3.41	50.952	0.784
421	14.585	89.598	4.304	56.601	0.832
422	12.379	83.693	3.546	52.627	0.811
423	12.708	84.129	3.738	54.783	0.785
424	12.859	87.064	3.962	56.181	0.84
425	13.139	89.449	3.9	55.768	0.908
426	11.759	83.137	3.539	53.126	0.797
427	12.766	83.834	3.737	54.609	0.824
428	11.244	80.881	3.295	49.749	0.784
429	12.576	82.35	3.769	52.579	0.741
430	13.205	86.301	3.694	53.844	0.795
431	11.796	79.608	3.211	50.837	0.764
432	11.087	79.862	3.292	52.004	0.787
433	12.21	86.65	3.484	55.372	0.863
434	12.49	84.176	3.542	51.983	0.805
435	13.262	84.947	3.745	53.455	0.824
436	12.898	85.507	3.691	51.71	0.795
437	12.071	87.317	3.496	55.423	0.834
438	12.967	88.85	3.705	55.826	0.855
439	13.167	84.976	3.997	52.789	0.766
440	13.155	85.417	3.828	52.135	0.81
441	11.233	80.774	3.299	51.108	0.796
442	13.087	88.18	3.852	55.794	0.854
443	11.855	77.772	3.348	48.841	0.741
444	13.436	90.077	3.951	56.763	0.868
445	12.156	86.354	3.69	54.916	0.86
446	11.258	82.133	3.315	51.772	0.804
447	12.765	88.852	3.699	57.383	0.854
448	12.862	82.836	3.571	50.648	0.78
449	13.346	85.385	3.815	53.611	0.801
450	12.193	85.568	3.382	53.383	0.866
451	13.165	86.739	3.794	54.454	0.825
452	12.072	83.676	3.483	52.574	0.821
453	13.298	91.053	4.063	57.263	0.859
454	12.098	81.342	3.304	49.992	0.778
455	13.457	84.852	3.852	53.975	0.816
456	11.947	79.855	3.469	51.201	0.792
457	12.736	83.116	3.449	52.649	0.823
458	12.54	86.841	3.581	53.716	0.851
459	13.035	85.083	3.646	53.095	0.771
460	13.05	86.721	3.897	54.773	0.824
461	12.291	90.034	3.58	55.326	0.899
462	11.626	83.125	3.454	53.349	0.812
463	12.994	80.239	3.824	50.295	0.785
464	11.425	75.895	3.25	48.261	0.746
465	12.158	81.481	3.534	52.546	0.789
466	13.409	85.044	3.724	51.956	0.833
467	13.295	86.362	3.946	55.257	0.839
468	12.564	82.894	3.429	51.905	0.78
469	13.333	87.376	3.804	54.589	0.845
470	13.651	87.789	4.079	55.067	0.806
471	11.821	90.352	3.567	56.634	0.886
472	12.951	87.109	3.594	53.842	0.842
473	13.624	87.328	3.834	55.174	0.836
474	12.477	88.154	3.663	55.078	0.862
475	13.281	90.431	3.971	56.527	0.892
476	13.059	85.467	3.821	54.919	0.833
477	11.922	84.889	3.451	52.62	0.86
478	13.072	87.813	3.856	55.684	0.84
479	12.859	87.797	3.689	54.846	0.866
480	12.69	78.787	3.66	50.034	0.778
481	14.138	82.731	4.058	52.064	0.759
482	12.821	89.887	3.682	56.923	0.904
483	13.414	87.604	3.84	55.041	0.824
484	12.313	84.003	3.549	52.748	0.798
485	12.232	78.81	3.544	49.436	0.733
486	12.783	87.41	3.83	54.366	0.849
487	14.246	96.079	4.146	59.285	0.948
488	12.325	80.69	3.421	51.369	0.752
489	13.824	90.058	3.98	57.064	0.873
490	13.472	84.943	3.926	53.598	0.804
491	12.648	81.985	3.622	51.627	0.77
492	11.804	82.998	3.426	51.643	0.825
493	11.838	82.031	3.453	52.688	0.793
494	13.634	91.382	4.186	58.849	0.828
495	12.562	81.537	3.576	51.292	0.788
496	13.763	88.53	4.042	55.013	0.867
497	11.932	82.728	3.429	53.62	0.783
498	12.208	85.676	3.636	54.504	0.86
499	11.745	84.839	3.401	54.366	0.849
500	12.666	89.473	3.672	55.833	0.887
501	12.082	75.176	3.38	49.001	0.739
502	12.56	88.768	3.861	55.566	0.899
503	12.403	84.666	3.373	53.746	0.854
504	12.902	86.169	3.85	54.036	0.797
505	13.683	84.71	4.037	54.033	0.821
506	12.63	83.337	3.634	52.366	0.817
507	12.323	87.409	3.503	56.049	0.824
508	13.696	86.367	3.759	53.203	0.837
509	11.97	85.476	3.412	53.646	0.825
510	12.205	84.031	3.465	54.661	0.855
511	12.185	83.761	3.634	53.491	0.814
512	12.467	79.941	3.611	51.407	0.801
513	13.286	91.659	3.806	57.11	0.88
514	12.561	89.668	3.614	56.07	0.886
515	12.42	81.6	3.732	50.572	0.773
516	12.877	89.95	3.645	55.595	0.868
517	13.71	83.159	3.738	51.59	0.788
518	12.202	82.722	3.529	54.032	0.777
519	13.775	89.873	4.02	56.059	0.835
520	12.969	89.453	3.772	57.05	0.878
521	12.771	85.451	3.682	52.154	0.837
522	12.414	84.003	3.577	54.195	0.837
523	11.569	82.039	3.35	51.232	0.824
524	13.827	86.481	3.776	55.304	0.8
525	11.787	80.678	3.295	50.156	0.768
526	11.813	87.033	3.421	53.674	0.905
527	12.061	83.713	3.344	53.113	0.823
528	11.871	84.207	3.307	52.922	0.817
529	11.19	80.777	3.216	51.484	0.804
530	12.074	81.002	3.565	49.578	0.803
531	12.581	89.467	3.519	55.656	0.879
532	12.833	90.479	3.829	57.456	0.923
533	12.64	87.664	3.691	55.337	0.838
534	12.283	83.827	3.707	54.685	0.802
535	13.426	89.93	4.086	57.853	0.839
536	13.639	90.037	3.824	55.523	0.865
537	11.536	84.284	3.225	52.648	0.825
538	12.284	93.689	3.673	60.314	0.956
539	13.17	84.695	3.728	52.62	0.829
540	11.474	82.145	3.277	51.938	0.782
541	12.755	86.375	3.564	54.233	0.81
542	11.895	81.991	3.402	52.598	0.798
543	13.476	85.684	3.836	53.682	0.817
544	13.292	90.669	3.751	58.454	0.921
545	12.071	79.397	3.465	50.384	0.747
546	11.953	85.323	3.422	53.473	0.879
547	12.004	77.734	3.347	48.811	0.731
548	11.764	80.648	3.381	52.349	0.778
549	12.011	81.116	3.462	50.829	0.764
550	12.577	90.253	3.776	56.236	0.892
551	12.474	88.119	3.636	55.09	0.887
552	11.941	84.069	3.517	54.36	0.818
553	12.319	88.211	3.525	54.926	0.908
554	10.829	79.889	3.079	49.265	0.774
555	12.684	83.481	3.582	53.298	0.809
556	12.893	90.957	3.74	56.011	0.895
557	13.551	85.934	3.742	54.012	0.813
558	12.578	84.047	3.689	53.421	0.811
559	12.729	88.932	3.54	55.799	0.866
560	12.78	86.437	3.543	52.616	0.824
561	11.631	86.589	3.423	54.081	0.826
562	12.378	87.049	3.575	54.598	0.857
563	12.284	87.261	3.445	54.363	0.87
564	12.876	82.83	3.604	53.877	0.798
565	12.419	85.097	3.341	52.679	0.819
566	13.459	86.706	3.866	55.916	0.858
567	11.862	79.971	3.383	51.043	0.757
568	13.288	82.06	3.612	51.419	0.78
569	12.313	86.261	3.596	54.781	0.877
570	12.89	87.715	3.699	55.284	0.841
571	12.955	93.162	3.722	58.542	0.948
572	13.54	86.796	3.914	53.124	0.834
573	13.421	85.629	4.063	54.126	0.808
574	11.475	86.409	3.416	54.907	0.859
575	11.808	81.687	3.363	51.542	0.825
576	12.369	86.773	3.568	53.412	0.83
577	11.39	90.615	3.486	58.366	0.902
578	11.39	89.088	3.423	57.465	0.908
579	12.806	86.791	3.741	55.204	0.816
580	12.774	83.651	3.68	54.324	0.793
581	13.618	85.976	3.946	53.406	0.802
582	12.856	80.721	3.739	51.185	0.761
583	12.388	84.656	3.672	55.009	0.831
584	14.831	91.344	4.39	58.126	0.882
585	12.948	82.893	3.891	52.176	0.769
586	12.937	84.265	3.794	52.286	0.8
587	12.453	88.287	3.615	55.87	0.859
588	11.821	83.073	3.506	52.057	0.793
589	11.76	85.442	3.501	54.294	0.837
590	12.755	90.217	3.818	55.806	0.828
591	14.295	87.993	4.174	54.737	0.838
592	13.138	89.242	3.76	57.198	0.841
593	12.544	79.737	3.556	50.607	0.78
594	13.639	86.09	4.004	53.955	0.805
595	11.433	80.054	3.292	52.167	0.787
596	12.501	90.632	3.507	56.249	0.934
597	13.219	90.575	3.908	55.794	0.881
598	12.034	82.777	3.34	52.079	0.818
599	12.425	85.019	3.52	54.125	0.824
600	12.656	80.022	3.65	51.379	0.799
601	12.562	86.31	3.746	54.769	0.872
602	12.663	88.953	3.757	57.613	0.888
603	13.671	87.869	3.745	54.028	0.843
604	12.748	83.748	3.555	52.709	0.801
605	12.202	87.467	3.445	55.87	0.858
606	13.422	87.37	3.826	55.801	0.862
607	11.729	85.788	3.499	54.503	0.828
608	12.757	83.481	3.701	54.094	0.819
609	12.456	85.862	3.645	52.749	0.859
610	11.465	81.814	3.313	51.005	0.812
611	12.217	84.232	3.502	54.479	0.851
612	12.874	84.312	3.889	52.985	0.788
613	13.622	83.309	4.003	54.15	0.78
614	13.926	91.746	3.891	56.803	0.896
615	13.69	86.0	3.839	53.763	0.811
616	12.698	84.207	3.644	53.427	0.807
617	13.126	83.565	3.658	51.276	0.788
618	12.726	90.396	3.456	56.548	0.896
619	12.44	87.888	3.679	54.039	0.848
620	12.073	90.985	3.499	56.51	0.928
621	12.861	86.135	3.595	53.816	0.838
622	12.322	83.004	3.476	51.981	0.828
623	13.241	90.438	3.624	56.448	0.925
624	12.256	84.354	3.569	53.796	0.806
625	12.941	85.122	3.521	52.572	0.818
626	13.003	87.852	3.836	54.463	0.835
627	11.949	81.912	3.413	52.842	0.807
628	12.566	85.666	3.52	52.997	0.831
629	12.164	81.998	3.598	51.469	0.778
630	12.058	83.894	3.592	54.62	0.838
631	12.884	85.678	3.86	53.195	0.802
632	12.924	85.603	3.746	52.964	0.839
633	12.795	83.922	3.536	53.717	0.795
634	12.4	84.766	3.64	55.57	0.783
635	13.217	88.12	3.789	55.773	0.834
636	13.458	86.056	3.869	53.894	0.849
637	11.624	79.85	3.37	49.974	0.794
638	11.274	85.368	3.31	53.919	0.84
639	11.451	83.267	3.292	53.468	0.818
640	12.519	87.35	3.576	54.22	0.849
641	14.212	87.284	3.913	55.547	0.84
642	12.159	83.108	3.446	52.128	0.771
643	12.266	78.332	3.486	48.445	0.753
644	13.058	91.694	3.924	55.66	0.924
645	13.49	89.644	3.799	55.533	0.855
646	14.44	87.163	4.307	54.532	0.846
647	13.244	90.344	3.916	56.427	0.865
648	12.353	83.772	3.398	52.547	0.851
649	12.517	80.737	3.703	51.291	0.756
650	13.312	84.181	3.697	55.391	0.766
651	12.708	83.416	3.811	52.476	0.792
652	12.651	82.149	3.627	51.993	0.795
653	13.774	89.861	3.971	55.627	0.882
654	12.745	84.559	3.609	53.277	0.824
655	12.345	84.979	3.562	52.548	0.795
656	12.68	85.128	3.65	54.058	0.822
657	11.996	81.419	3.411	51.592	0.801
658	12.901	86.241	3.646	52.033	0.8
659	12.244	83.684	3.5	52.429	0.821
660	12.374	84.855	3.6	54.52	0.812
661	12.662	84.088	3.769	53.118	0.772
662	11.288	80.76	3.304	50.564	0.801
663	13.572	84.038	3.88	51.733	0.787
664	12.665	88.228	3.502	55.705	0.86
665	12.41	82.729	3.606	52.714	0.791
666	12.719	84.719	3.704	54.111	0.816
667	13.055	82.606	3.846	50.34	0.781
668	12.128	82.456	3.598	51.886	0.816
669	13.04	87.914	3.707	56.137	0.863
670	12.234	87.38	3.483	56.687	0.851
671	11.577	81.483	3.375	52.366	0.801
672	13.612	89.824	3.846	54.679	0.879
673	11.994	83.792	3.565	53.771	0.832
674	12.39	80.348	3.528	51.549	0.796
675	13.42	88.424	4.043	54.549	0.869
676	13.42	85.707	3.863	53.743	0.845
677	13.73	82.483	3.814	52.553	0.8
678	13.24	82.651	3.815	51.801	0.781
679	12.466	82.313	3.392	50.775	0.767
680	12.528	86.058	3.545	55.505	0.871
681	13.294	86.644	3.941	55.172	0.842
682	13.679	91.605	3.851	57.198	0.911
683	13.221	81.201	3.689	51.344	0.755
684	12.037	85.658	3.423	53.607	0.853
685	11.837	79.591	3.491	50.605	0.776
686	12.44	86.792	3.689	53.949	0.882
687	12.374	79.339	3.327	48.204	0.763
688	12.15	84.432	3.433	54.474	0.816
689	12.715	88.315	3.647	55.513	0.908
690	12.034	80.962	3.379	52.554	0.778
691	11.946	81.338	3.358	51.318	0.808
692	12.848	83.456	3.695	52.439	0.802
693	13.44	83.519	3.731	53.29	0.81
694	12.446	83.872	3.556	52.657	0.8
695	12.255	78.204	3.501	49.381	0.758
696	11.66	78.181	3.401	49.215	0.788
697	12.225	84.731	3.564	54.377	0.819
698	13.738	88.395	4.096	54.741	0.862
699	11.61	80.996	3.36	51.856	0.809
700	13.254	85.85	3.838	53.889	0.843
701	11.684	78.533	3.198	49.249	0.77
702	12.755	81.525	3.638	53.153	0.771
703	13.157	82.938	3.917	53.213	0.782
704	13.147	87.784	3.778	54.752	0.865
705	12.108	80.852	3.498	51.364	0.775
706	12.034	84.325	3.392	53.31	0.837
707	11.833	86.435	3.592	54.067	0.901
708	12.491	83.16	3.571	52.982	0.824
709	11.86	86.281	3.445	54.16	0.902
710	13.078	88.762	3.806	57.708	0.858
711	11.577	80.865	3.301	50.639	0.791
712	13.101	87.009	3.693	54.572	0.878
713	12.89	88.654	3.782	55.938	0.877
714	12.359	85.737	3.473	52.811	0.874
715	13.072	90.331	3.783	58.066	0.874
716	12.315	86.383	3.482	55.255	0.828
717	13.102	85.268	3.724	52.846	0.85
718	12.928	87.659	3.708	55.127	0.826
719	13.094	89.554	3.739	55.545	0.873
720	13.085	81.244	3.78	51.133	0.762
721	13.293	90.147	3.667	56.871	0.872
722	12.847	85.519	3.72	53.164	0.856
723	13.952	93.994	4.203	56.689	0.93
724	12.034	82.844	3.392	52.015	0.808
725	12.805	83.276	3.719	53.262	0.826
726	12.911	86.995	3.565	55.145	0.85
727	12.128	87.192	3.516	55.456	0.882
728	12.356	81.175	3.459	50.83	0.779
729	11.796	81.343	3.441	51.672	0.793
730	12.993	81.988	3.878	53.013	0.805
731	11.961	87.776	3.843	54.963	0.835
732	12.656	77.23	3.531	47.363	0.724
733	13.675	93.351	3.931	58.712	0.896
734	11.999	81.319	3.393	51.736	0.753
735	12.79	86.509	3.745	55.175	0.835
736	11.805	80.889	3.246	50.685	0.809
737	12.818	81.936	3.59	50.934	0.775
738	13.333	92.103	3.693	57.98	0.885
739	12.697	84.927	3.589	53.544	0.787
740	13.309	89.971	3.946	55.2	0.85
741	13.434	86.402	4.093	54.932	0.801
742	13.895	93.34	4.32	59.088	0.875
743	12.209	86.069	3.583	54.761	0.813
744	13.253	85.484	3.97	54.635	0.801
745	13.52	82.877	3.818	51.631	0.78
746	12.576	84.954	3.654	53.864	0.806
747	13.044	80.761	3.648	49.868	0.738
748	13.66	84.774	4.014	51.715	0.81
749	12.546	86.413	3.54	53.547	0.839
750	12.046	82.412	3.437	52.563	0.804
751	13.858	85.188	3.791	52.7	0.781
752	13.247	83.637	3.757	53.86	0.788
753	12.7	92.413	3.857	57.627	0.96
754	12.319	81.935	3.496	51.759	0.797
755	12.305	85.764	3.563	54.384	0.85
756	12.331	80.98	3.409	51.812	0.759
757	12.283	79.73	3.532	50.436	0.759
758	12.404	88.09	3.521	54.053	0.869
759	12.793	87.838	3.648	55.403	0.803
760	12.188	86.528	3.534	55.016	0.865
761	12.5	84.864	3.733	56.336	0.825
762	12.582	77.269	3.598	49.448	0.713
763	11.624	82.485	3.291	52.729	0.805
764	12.472	88.578	3.665	55.294	0.918
765	11.794	79.532	3.447	50.534	0.804
766	12.792	83.897	3.673	52.329	0.812
767	12.664	81.975	3.702	52.456	0.782
768	13.839	83.89	4.095	54.246	0.766
769	12.735	89.185	3.854	56.442	0.847
770	12.733	82.982	3.595	51.499	0.81
771	11.775	81.895	3.337	52.808	0.837
772	12.915	83.357	3.763	51.361	0.81
773	12.926	85.41	3.681	53.34	0.833
774	11.425	81.509	3.462	52.873	0.791
775	12.881	90.137	3.702	55.596	0.872
776	12.56	86.943	3.603	55.415	0.838
777	11.631	79.08	3.283	50.416	0.787
778	12.537	85.895	3.591	54.04	0.857
779	12.794	91.774	3.86	56.929	0.925
780	14.489	87.124	4.244	54.381	0.805
781	13.463	83.853	3.873	53.203	0.78
782	12.973	85.722	3.747	54.345	0.823
783	12.302	81.309	3.561	50.537	0.805
784	12.977	85.408	3.599	53.717	0.821
785	12.827	86.585	3.627	53.835	0.812
786	12.354	85.185	3.537	53.99	0.815
787	12.32	87.318	3.623	54.952	0.893
788	12.322	81.509	3.482	50.621	0.788
789	12.016	81.708	3.452	50.704	0.819
790	11.714	78.986	3.363	49.831	0.801
791	13.129	82.422	3.747	52.356	0.756
792	12.656	87.617	3.662	56.135	0.844
793	12.568	83.584	3.647	52.126	0.785
794	12.885	85.503	3.651	54.759	0.87
795	13.065	83.79	3.783	53.145	0.815
796	12.876	83.971	3.802	53.645	0.805
797	12.63	86.993	3.756	53.098	0.844
798	12.433	85.217	3.437	53.663	0.782
799	14.011	90.46	4.085	56.61	0.87
800	11.878	82.765	3.539	51.774	0.798
801	12.366	89.031	3.673	54.81	0.88
802	11.849	82.881	3.357	51.693	0.789
803	13.211	85.257	4.054	53.345	0.767
804	11.959	82.21	3.401	50.78	0.792
805	12.334	85.039	3.687	52.839	0.814
806	12.579	86.296	3.486	54.316	0.829
807	13.394	89.095	3.748	54.315	0.847
808	13.001	86.194	3.591	53.542	0.839
809	13.075	81.89	3.716	51.576	0.761
810	12.411	86.34	3.475	52.492	0.891
811	11.378	87.359	3.399	53.461	0.916
812	12.256	81.123	3.478	50.911	0.78
813	12.753	86.689	3.716	54.135	0.809
814	12.839	84.34	3.696	52.427	0.863
815	12.747	84.703	3.798	53.971	0.778
816	13.042	85.634	3.603	53.834	0.805
817	13.087	88.06	3.941	56.365	0.832
818	12.022	82.332	3.466	52.962	0.819
819	13.152	87.698	3.667	55.869	0.842
820	13.361	88.349	3.741	55.136	0.83
821	11.95	85.062	3.517	55.091	0.836
822	13.786	85.561	4.201	54.405	0.777
823	13.087	84.826	3.747	52.68	0.785
824	11.646	84.164	3.561	56.443	0.809
825	12.057	83.754	3.618	53.39	0.793
826	13.345	82.125	3.775	52.454	0.755
827	12.502	80.422	3.706	50.574	0.76
828	11.637	85.561	3.427	53.321	0.826
829	12.392	85.387	3.549	54.913	0.85
830	13.291	90.332	3.963	55.889	0.868
831	12.907	84.623	3.851	53.442	0.858
832	12.58	86.192	3.819	54.329	0.886
833	12.959	81.181	3.747	52.136	0.735
834	12.692	89.71	3.794	56.44	0.853
835	12.717	85.408	3.645	55.179	0.835
836	12.54	85.243	3.749	54.305	0.793
837	12.415	89.056	3.575	56.479	0.878
838	12.121	86.516	3.472	54.607	0.857
839	11.636	81.373	3.417	52.61	0.814
840	12.815	84.301	3.755	54.403	0.832
841	12.574	80.038	3.799	52.144	0.735
842	12.659	91.26	3.666	56.477	0.915
843	12.063	83.676	3.375	53.17	0.817
844	13.065	85.784	3.897	53.29	0.791
845	13.185	82.649	3.799	52.62	0.755
846	13.119	87.969	3.596	53.418	0.863
847	12.428	83.554	3.567	53.85	0.829
848	13.54	86.718	3.875	55.049	0.807
849	12.61	84.858	3.635	54.061	0.792
850	12.426	86.304	3.655	55.002	0.832
851	12.645	87.755	3.658	54.967	0.84
852	12.274	82.372	3.531	51.776	0.787
853	12.687	88.79	3.595	55.304	0.882
854	12.108	82.756	3.637	52.961	0.808
855	11.735	83.618	3.487	52.486	0.819
856	12.529	84.037	3.584	53.368	0.781
857	12.935	82.572	3.752	51.864	0.777
858	11.766	80.395	3.474	51.864	0.792
859	13.142	84.229	3.84	54.039	0.802
860	13.262	86.294	3.785	54.339	0.851
861	12.369	81.862	3.684	52.209	0.772
862	13.867	83.177	4.147	52.723	0.81
863	12.815	85.396	3.54	53.603	0.839
864	12.655	84.552	3.552	53.211	0.822
865	12.337	85.741	3.721	54.3	0.877
866	12.732	84.431	3.877	53.838	0.786
867	12.391	82.402	3.693	52.45	0.802
868	12.136	85.276	3.475	53.717	0.811
869	12.62	82.37	3.724	52.799	0.832
870	12.69	83.661	3.395	51.645	0.801
871	12.35	78.863	3.541	50.955	0.768
872	11.434	80.524	3.515	52.474	0.761
873	12.165	87.119	3.654	54.1	0.882
874	12.944	83.026	3.798	53.128	0.783
875	13.161	83.15	3.73	54.222	0.76
876	12.707	84.509	3.555	53.565	0.82
877	12.517	91.248	3.701	56.423	0.928
878	13.054	84.706	3.733	53.897	0.808
879	12.955	87.214	3.67	54.887	0.839
880	12.432	89.137	3.613	55.704	0.871
881	12.705	83.171	3.751	52.237	0.809
882	13.363	88.138	4.034	55.238	0.822
883	12.57	86.089	3.48	52.831	0.876
884	12.323	86.073	3.566	55.853	0.817
885	14.563	87.618	4.536	55.642	0.815
886	11.955	83.073	3.452	52.763	0.815
887	13.062	89.669	3.847	56.58	0.892
888	12.459	90.112	3.601	56.42	0.925
889	12.15	82.171	3.55	52.464	0.783
890	13.657	88.284	3.797	55.033	0.884
891	12.093	86.919	3.506	55.374	0.853
892	12.626	83.591	3.65	54.937	0.833
893	12.604	86.46	3.7	53.871	0.844
894	13.034	84.761	3.846	52.684	0.874
895	11.869	87.418	3.444	55.711	0.879
896	13.16	88.42	3.733	55.267	0.832
897	11.798	80.779	3.368	51.457	0.805
898	12.835	86.606	3.713	53.572	0.824
899	12.06	85.602	3.603	53.272	0.833
900	12.17	78.42	3.472	50.438	0.745
901	12.599	83.988	3.781	52.661	0.818
902	12.976	89.404	3.687	55.322	0.863
903	12.17	79.694	3.441	49.211	0.756
904	12.849	78.251	3.583	49.838	0.745
905	12.068	82.377	3.652	52.656	0.822
906	13.749	87.463	3.928	55.845	0.818
907	13.021	88.332	3.934	54.0	0.857
908	12.012	84.608	3.617	54.796	0.829
909	12.555	85.519	3.539	52.624	0.827
910	12.314	79.669	3.61	51.551	0.791
911	12.84	81.409	3.671	53.204	0.76
912	12.165	87.782	3.561	54.504	0.88
913	12.016	88.8	3.4	56.082	0.882
914	12.844	85.653	3.541	54.026	0.83
915	12.996	88.741	3.742	55.467	0.814
916	13.659	87.025	3.874	54.44	0.829
917	11.856	78.113	3.329	49.436	0.756
918	11.638	82.39	3.495	52.238	0.82
919	12.871	88.088	3.679	55.055	0.853
920	13.452	87.454	3.795	54.453	0.838
921	11.914	86.971	3.555	55.022	0.882
922	13.313	90.197	3.746	57.201	0.887
923	12.189	81.289	3.526	52.689	0.79
924	13.336	88.842	3.751	56.079	0.844
925	12.159	85.842	3.418	53.329	0.869
926	11.482	83.49	3.329	52.427	0.814
927	12.355	85.06	3.742	54.128	0.834
928	12.251	86.49	3.662	55.46	0.842
929	12.804	87.687	3.826	57.849	0.89
930	12.375	88.062	3.703	54.821	0.849
931	12.396	84.311	3.659	54.655	0.835
932	12.517	86.347	3.578	54.003	0.842
933	12.386	85.533	3.415	53.539	0.824
934	12.915	86.805	3.735	54.979	0.863
935	12.005	85.024	3.635	53.518	0.831
936	12.229	83.292	3.432	50.895	0.838
937	11.491	78.914	3.372	51.69	0.773
938	12.804	83.601	3.748	51.974	0.861
939	11.995	86.583	3.456	55.253	0.834
940	12.867	84.246	3.617	52.911	0.808
941	13.38	86.79	3.713	53.133	0.824
942	12.184	81.839	3.459	50.735	0.781
943	13.265	85.13	3.967	53.028	0.813
944	12.181	78.541	3.551	51.896	0.736
945	12.971	82.903	3.712	51.858	0.734
946	13.7	93.019	3.881	58.313	0.91
947	11.433	80.867	3.408	49.84	0.822
948	12.719	87.962	3.92	56.331	0.847
949	12.747	85.375	3.921	52.673	0.827
950	13.163	86.222	3.922	54.493	0.838
951	13.036	86.18	3.766	54.377	0.829
952	11.935	85.28	3.418	54.841	0.828
953	12.985	87.644	3.921	55.337	0.877
954	12.501	85.773	3.791	54.385	0.848
955	11.814	87.497	3.364	54.528	0.894
956	13.437	88.062	3.969	55.669	0.872
957	12.61	80.214	3.68	53.048	0.785
958	11.148	85.399	3.358	54.653	0.856
959	12.872	87.057	3.748	54.174	0.791
960	13.672	87.668	3.993	54.565	0.833
961	12.866	88.071	3.704	53.831	0.875
962	12.701	86.215	3.739	55.505	0.877
963	12.267	81.419	3.426	51.545	0.779
964	12.671	84.443	3.643	53.815	0.8
965	13.056	84.441	3.944	54.939	0.795
966	12.161	88.556	3.596	55.264	0.891
967	13.266	86.671	4.044	52.964	0.807
968	13.942	87.375	4.177	55.156	0.825
969	14.208	91.005	4.117	55.652	0.859
970	12.602	84.714	3.643	53.735	0.856
971	12.029	85.423	3.421	52.072	0.841
972	11.976	85.692	3.689	55.705	0.856
973	12.934	83.051	3.71	52.209	0.823
974	12.101	83.653	3.402	51.631	0.804
975	12.661	83.198	3.492	52.719	0.829
976	13.466	90.029	4.114	56.471	0.869
977	12.428	85.009	3.462	53.076	0.812
978	12.683	85.082	3.577	54.978	0.862
979	13.532	88.517	3.806	55.455	0.888
980	12.031	84.683	3.514	53.126	0.801
981	12.882	83.847	3.735	52.985	0.819
982	13.38	86.717	3.981	54.274	0.796
983	12.923	84.142	3.832	51.164	0.801
984	13.912	91.338	4.074	57.415	0.895
985	12.101	87.541	3.6	57.259	0.849
986	12.528	85.436	3.512	54.743	0.829
987	12.194	77.814	3.556	49.52	0.753
988	13.163	83.307	3.657	52.099	0.804
989	11.462	82.128	3.409	52.285	0.818
990	12.645	82.232	3.55	51.448	0.768
991	12.78	89.053	3.804	55.503	0.858
992	13.166	88.542	3.752	56.299	0.87
993	12.321	85.352	3.526	54.537	0.858
994	11.144	81.031	3.12	51.386	0.844
995	14.268	92.352	4.13	57.842	0.881
996	13.231	87.758	3.995	57.368	0.881
997	11.996	80.438	3.393	49.775	0.758
998	12.515	85.681	3.648	54.474	0.891
999	13.218	85.452	3.544	52.499	0.814
1000	12.995	91.625	3.808	57.075	0.89
