Iteration	L1	L1 %	L2	L2 %	KL Divergence
1	12.25	80.007	3.615	54.447	0.747
2	12.106	79.663	3.478	51.434	0.715
3	11.021	77.274	3.179	50.182	0.738
4	12.463	81.685	3.731	53.812	0.75
5	12.018	81.586	3.447	53.069	0.769
6	11.733	83.404	3.408	52.078	0.889
7	12.246	85.912	3.743	55.349	0.824
8	12.269	82.369	3.677	52.991	0.773
9	11.9	83.388	3.274	52.614	0.742
10	12.587	86.968	3.691	56.067	0.846
11	12.16	79.213	3.504	50.481	0.748
12	11.662	79.274	3.31	49.407	0.733
13	10.404	82.742	3.235	52.315	0.769
14	11.534	82.708	3.514	52.734	0.776
15	10.836	80.477	3.34	53.045	0.754
16	10.497	76.403	3.075	50.101	0.723
17	12.157	80.339	3.626	51.472	0.747
18	12.884	86.619	3.709	55.249	0.816
19	10.908	77.574	3.368	51.696	0.697
20	10.36	75.001	3.155	49.044	0.708
21	12.455	81.731	3.643	50.398	0.76
22	11.365	84.668	3.32	53.847	0.784
23	12.062	82.421	3.521	51.164	0.781
24	11.155	88.465	3.34	55.369	0.871
25	11.015	74.847	3.16	48.739	0.69
26	12.41	84.185	3.683	53.618	0.807
27	11.965	74.182	3.4	48.68	0.662
28	11.366	85.58	3.363	54.682	0.827
29	11.937	85.752	3.506	55.52	0.801
30	11.348	76.957	3.413	52.146	0.716
31	10.798	79.558	3.172	50.82	0.769
32	10.724	76.67	3.132	50.31	0.74
33	11.009	77.09	3.208	48.971	0.732
34	13.344	84.196	3.737	53.786	0.793
35	11.863	81.515	3.373	52.639	0.773
36	12.789	82.65	3.743	52.658	0.738
37	12.957	82.881	4.001	52.514	0.748
38	11.7	82.991	3.453	53.429	0.783
39	11.714	80.159	3.425	50.588	0.733
40	11.216	79.273	3.405	51.904	0.743
41	11.873	82.337	3.747	54.039	0.76
42	12.818	87.492	3.751	56.523	0.841
43	12.415	80.586	3.58	51.461	0.723
44	12.758	82.199	3.718	51.151	0.737
45	10.951	81.331	3.348	53.054	0.781
46	11.124	80.094	3.331	50.823	0.774
47	11.764	75.827	3.615	49.164	0.695
48	11.241	76.665	3.316	48.389	0.72
49	12.844	83.763	3.916	54.348	0.744
50	11.967	79.191	3.437	50.668	0.713
51	11.543	80.836	3.408	52.196	0.763
52	11.372	79.302	3.382	50.588	0.762
53	11.413	79.135	3.234	49.52	0.75
54	11.692	79.869	3.491	51.845	0.772
55	11.154	82.987	3.247	53.172	0.814
56	11.28	82.684	3.27	51.739	0.821
57	12.885	89.192	3.934	56.255	0.852
58	12.547	86.47	3.641	55.126	0.79
59	10.417	77.197	3.258	50.848	0.722
60	11.453	79.696	3.356	51.205	0.788
61	11.567	74.911	3.339	47.815	0.663
62	12.371	81.847	3.494	51.312	0.752
63	12.293	79.252	3.556	51.483	0.753
64	11.355	80.763	3.269	51.647	0.75
65	10.834	75.257	3.063	48.444	0.724
66	11.953	76.349	3.605	49.851	0.723
67	11.56	82.12	3.369	53.127	0.796
68	11.346	77.636	3.308	50.529	0.727
69	10.482	78.16	3.065	50.09	0.758
70	12.04	83.111	3.416	52.226	0.779
71	12.408	82.943	3.565	53.846	0.753
72	10.951	82.789	3.216	50.774	0.823
73	11.444	80.715	3.481	51.625	0.774
74	10.766	80.054	3.214	51.821	0.778
75	10.958	87.656	3.305	55.248	0.866
76	11.864	82.852	3.503	52.419	0.814
77	10.602	77.52	3.183	51.304	0.74
78	11.342	84.311	3.438	54.261	0.825
79	11.946	80.115	3.62	51.165	0.748
80	12.48	82.248	3.633	51.079	0.78
81	11.517	82.474	3.507	53.523	0.773
82	10.598	77.14	2.978	48.494	0.747
83	11.929	77.328	3.531	50.076	0.733
84	12.196	82.066	3.599	52.099	0.802
85	12.059	79.358	3.528	51.25	0.685
86	11.176	76.942	3.188	50.094	0.767
87	12.182	84.804	3.589	53.153	0.761
88	12.21	79.599	3.764	51.952	0.704
89	11.257	84.091	3.29	51.981	0.834
90	11.049	81.221	3.415	52.094	0.784
91	11.901	80.733	3.599	51.385	0.74
92	11.966	85.697	3.502	54.93	0.835
93	11.292	80.431	3.348	51.397	0.736
94	12.656	81.82	3.943	52.17	0.716
95	11.553	76.82	3.378	48.43	0.685
96	11.159	83.317	3.156	51.353	0.832
97	12.808	82.623	3.867	53.822	0.765
98	12.306	82.011	3.811	51.858	0.772
99	10.858	79.89	3.315	51.315	0.758
100	11.705	84.895	3.479	53.884	0.811
101	11.872	77.487	3.508	50.582	0.712
102	11.179	78.525	3.329	50.432	0.794
103	12.657	83.936	3.753	53.59	0.775
104	12.416	84.423	3.559	55.086	0.796
105	13.266	85.89	3.943	56.131	0.82
106	11.908	84.485	3.39	53.664	0.81
107	11.609	80.724	3.472	51.098	0.731
108	11.195	83.987	3.317	54.62	0.802
109	10.79	84.227	3.306	53.972	0.827
110	11.541	78.073	3.344	50.202	0.734
111	12.427	84.01	3.6	54.17	0.777
112	11.443	77.412	3.376	50.463	0.733
113	11.412	80.003	3.487	51.547	0.743
114	12.301	82.072	3.822	52.212	0.749
115	11.7	79.835	3.398	51.701	0.746
116	11.681	77.364	3.309	49.019	0.743
117	12.367	82.5	3.588	53.34	0.766
118	12.358	83.02	3.695	54.313	0.77
119	10.753	81.079	3.285	52.37	0.757
120	11.022	75.316	3.172	48.284	0.735
121	11.852	85.334	3.465	54.349	0.815
122	11.65	80.543	3.447	52.776	0.758
123	11.938	79.833	3.529	51.399	0.761
124	11.57	77.938	3.354	51.399	0.746
125	11.152	83.667	3.439	52.698	0.795
126	12.168	85.661	3.45	53.279	0.816
127	11.135	79.971	3.324	51.649	0.736
128	12.593	80.747	3.728	52.591	0.714
129	11.01	76.576	3.241	48.424	0.731
130	11.301	81.576	3.197	51.025	0.784
131	10.552	76.599	3.128	48.111	0.721
132	11.677	82.299	3.422	51.238	0.808
133	11.069	77.352	3.246	50.066	0.749
134	11.487	80.648	3.383	52.501	0.721
135	11.491	79.452	3.29	51.596	0.715
136	11.478	81.659	3.504	53.769	0.787
137	12.11	79.619	3.491	50.388	0.782
138	12.203	79.779	3.697	50.777	0.717
139	12.227	84.498	3.53	53.786	0.814
140	12.941	85.604	3.897	53.098	0.804
141	11.331	84.137	3.553	54.644	0.835
142	11.101	82.903	3.263	51.901	0.812
143	11.412	79.763	3.395	50.218	0.775
144	12.635	79.776	3.729	50.56	0.741
145	11.88	77.417	3.436	48.917	0.697
146	11.438	79.761	3.37	50.613	0.725
147	11.176	78.548	3.415	53.6	0.734
148	12.536	83.489	3.78	51.696	0.778
149	11.933	85.389	3.405	53.85	0.829
150	12.478	84.626	3.777	53.99	0.789
151	11.682	86.67	3.434	55.595	0.847
152	11.935	82.055	3.409	53.222	0.765
153	11.066	81.386	3.404	51.096	0.755
154	11.576	80.427	3.435	51.931	0.747
155	11.961	83.601	3.463	52.948	0.841
156	12.095	79.421	3.412	50.127	0.764
157	10.945	73.944	3.218	47.064	0.697
158	11.389	80.174	3.41	51.698	0.753
159	11.815	77.91	3.347	50.858	0.718
160	11.467	77.926	3.46	50.912	0.741
161	12.931	80.495	3.784	51.839	0.723
162	11.307	73.981	3.181	46.537	0.694
163	10.774	81.551	3.246	51.541	0.817
164	12.264	82.078	3.568	51.711	0.746
165	10.717	84.279	3.251	54.668	0.786
166	10.95	73.197	3.094	47.803	0.673
167	11.552	81.534	3.274	52.504	0.793
168	10.999	83.07	3.463	50.832	0.816
169	10.439	82.686	3.13	53.101	0.809
170	11.352	77.749	3.387	51.872	0.733
171	12.132	83.182	3.594	53.28	0.799
172	10.948	79.79	3.255	50.559	0.755
173	11.196	77.088	3.302	49.19	0.739
174	12.779	80.795	3.897	51.268	0.734
175	11.575	78.654	3.27	50.758	0.714
176	11.516	79.74	3.233	51.111	0.763
177	11.813	81.884	3.49	53.696	0.742
178	12.099	84.069	3.523	54.648	0.772
179	11.405	81.355	3.331	51.531	0.764
180	10.669	79.106	3.167	49.967	0.756
181	12.085	86.728	3.682	54.653	0.807
182	12.085	85.8	3.483	54.294	0.806
183	10.635	81.315	3.254	52.331	0.79
184	13.061	89.143	3.812	56.002	0.863
185	11.157	80.799	3.218	50.63	0.821
186	13.471	80.257	4.118	49.952	0.758
187	12.379	83.599	3.66	53.918	0.792
188	11.736	82.161	3.381	51.417	0.766
189	12.852	82.578	3.905	52.63	0.771
190	11.949	81.329	3.337	50.712	0.76
191	12.357	84.602	3.479	51.368	0.796
192	11.837	79.633	3.601	50.466	0.732
193	12.345	81.4	3.58	52.413	0.76
194	11.645	84.506	3.594	54.516	0.812
195	12.031	82.564	3.529	54.232	0.773
196	12.206	83.37	3.552	53.655	0.795
197	10.696	77.66	3.286	49.715	0.746
198	10.468	79.941	3.163	52.223	0.776
199	11.096	78.862	3.258	50.333	0.734
200	11.999	82.113	3.603	51.043	0.766
201	12.27	85.294	3.733	54.61	0.817
202	11.839	86.321	3.496	54.287	0.825
203	12.312	81.655	3.503	52.083	0.758
204	10.866	78.442	3.067	50.611	0.735
205	11.791	80.843	3.513	52.789	0.772
206	10.787	81.251	3.167	51.085	0.799
207	10.72	80.965	3.214	51.595	0.786
208	11.075	81.288	3.309	49.725	0.787
209	11.566	81.401	3.349	52.086	0.767
210	12.665	82.797	3.664	52.934	0.779
211	11.563	78.806	3.383	50.222	0.754
212	12.634	89.235	3.601	58.087	0.89
213	13.282	87.461	3.969	54.532	0.815
214	11.041	84.237	3.327	55.27	0.842
215	12.153	82.041	3.642	52.343	0.751
216	11.077	80.986	3.37	52.383	0.82
217	12.489	87.349	3.827	55.613	0.835
218	11.452	85.01	3.377	54.197	0.849
219	11.946	78.796	3.457	50.437	0.754
220	12.96	86.17	3.912	53.266	0.808
221	11.857	81.946	3.543	51.843	0.764
222	11.637	80.037	3.491	50.282	0.766
223	12.538	83.012	3.762	53.228	0.773
224	11.368	75.606	3.313	48.996	0.715
225	12.452	87.661	3.449	53.507	0.845
226	10.783	76.578	3.264	49.502	0.78
227	12.277	83.847	3.566	52.378	0.824
228	10.786	83.028	3.352	52.584	0.845
229	11.741	77.64	3.488	48.649	0.713
230	11.026	75.085	3.317	49.216	0.685
231	13.018	87.249	3.869	55.351	0.842
232	11.853	80.696	3.379	51.852	0.735
233	11.819	84.754	3.426	55.812	0.807
234	11.36	86.421	3.426	56.214	0.831
235	11.414	81.895	3.251	51.457	0.784
236	10.914	78.98	3.342	49.952	0.772
237	11.325	78.379	3.423	51.37	0.727
238	10.838	73.429	3.179	47.419	0.67
239	11.741	79.496	3.384	51.303	0.744
240	11.075	82.009	3.144	52.318	0.791
241	11.361	81.964	3.367	51.796	0.746
242	12.668	78.667	3.62	49.287	0.695
243	13.044	85.493	4.01	54.58	0.787
244	12.016	81.099	3.437	51.538	0.761
245	13.113	84.813	4.028	53.073	0.788
246	12.24	80.81	3.467	52.355	0.73
247	11.611	79.558	3.421	53.024	0.746
248	11.533	81.85	3.381	52.762	0.769
249	11.957	79.592	3.502	51.968	0.74
250	11.546	77.167	3.467	49.8	0.705
251	11.198	82.737	3.31	54.841	0.779
252	11.671	83.584	3.403	55.161	0.789
253	11.94	85.077	3.476	53.795	0.802
254	11.376	81.878	3.404	52.364	0.769
255	12.348	76.01	3.561	48.577	0.673
256	11.571	81.482	3.368	53.052	0.772
257	11.422	77.024	3.382	50.911	0.712
258	11.863	78.891	3.426	49.059	0.715
259	11.617	83.085	3.465	53.955	0.779
260	11.642	84.501	3.429	53.069	0.837
261	11.028	79.75	3.227	51.938	0.769
262	11.187	83.979	3.409	53.206	0.806
263	10.646	83.377	3.246	53.273	0.811
264	11.205	72.005	3.387	47.141	0.682
265	11.296	83.537	3.437	53.485	0.799
266	12.852	83.837	3.723	52.338	0.775
267	9.878	76.853	3.174	50.208	0.722
268	11.704	82.899	3.548	53.918	0.761
269	12.508	86.84	3.823	54.815	0.791
270	10.75	82.381	3.271	52.564	0.807
271	12.27	77.911	3.458	49.48	0.689
272	12.109	80.245	3.681	51.25	0.735
273	11.074	77.892	3.232	49.388	0.722
274	12.306	86.256	3.478	53.994	0.823
275	11.634	80.069	3.472	51.312	0.734
276	12.462	82.22	3.462	52.369	0.795
277	11.792	86.388	3.369	54.677	0.821
278	10.167	81.532	3.15	51.443	0.772
279	11.048	83.06	3.227	52.626	0.818
280	11.663	82.049	3.451	51.862	0.784
281	11.249	75.914	3.269	49.62	0.727
282	12.047	83.413	3.416	51.496	0.804
283	11.545	83.253	3.403	53.661	0.754
284	12.122	81.556	3.582	54.484	0.758
285	10.945	77.635	3.279	50.142	0.757
286	12.049	84.988	3.52	53.966	0.787
287	11.775	85.464	3.599	55.449	0.812
288	11.624	84.673	3.534	54.602	0.803
289	11.442	77.003	3.211	50.944	0.747
290	13.535	90.169	3.998	57.496	0.851
291	11.419	81.118	3.29	52.223	0.784
292	12.525	79.394	3.792	50.088	0.706
293	11.02	80.958	3.205	52.128	0.732
294	10.992	78.204	3.345	50.734	0.737
295	12.133	85.409	3.589	53.881	0.832
296	11.762	81.4	3.422	50.967	0.733
297	11.853	82.867	3.407	52.268	0.769
298	13.516	88.138	3.907	54.611	0.791
299	12.195	86.388	3.644	52.928	0.796
300	11.023	84.5	3.385	54.365	0.816
301	11.649	81.681	3.258	52.499	0.784
302	11.442	76.697	3.227	48.844	0.742
303	12.929	89.113	3.72	56.398	0.844
304	12.933	85.803	3.793	54.696	0.814
305	11.505	84.284	3.412	54.482	0.816
306	12.895	80.303	3.801	51.289	0.745
307	11.736	78.503	3.439	50.452	0.701
308	11.202	75.267	3.226	48.853	0.72
309	12.131	85.453	3.781	54.139	0.804
310	10.998	77.495	3.374	50.472	0.745
311	11.351	77.429	3.293	50.137	0.71
312	12.084	82.427	3.81	53.379	0.785
313	11.356	82.54	3.302	51.551	0.765
314	11.99	77.154	3.506	49.931	0.714
315	11.749	84.058	3.621	53.262	0.805
316	12.553	83.673	3.536	53.596	0.755
317	11.69	85.053	3.414	52.314	0.848
318	11.942	80.188	3.55	51.186	0.765
319	11.014	78.314	3.181	50.354	0.758
320	11.358	86.181	3.463	54.741	0.84
321	10.723	77.235	3.06	49.17	0.724
322	12.296	83.667	3.537	54.669	0.765
323	11.243	82.827	3.44	53.263	0.803
324	11.742	82.342	3.563	53.807	0.76
325	11.998	85.136	3.495	53.269	0.833
326	11.783	78.435	3.435	49.373	0.724
327	10.679	76.24	3.099	49.999	0.741
328	11.514	80.888	3.482	52.729	0.804
329	11.589	83.827	3.687	54.013	0.815
330	11.213	78.538	3.229	52.672	0.751
331	11.774	82.67	3.589	54.45	0.78
332	10.665	81.46	3.36	52.139	0.776
333	10.286	76.381	3.201	51.046	0.715
334	13.25	85.008	3.927	53.105	0.791
335	10.964	78.568	3.518	49.987	0.77
336	13.034	86.52	3.816	55.224	0.82
337	11.437	84.058	3.32	54.026	0.768
338	11.316	76.173	3.299	49.047	0.731
339	10.858	77.359	3.28	49.873	0.737
340	11.953	81.93	3.687	51.021	0.773
341	11.638	81.661	3.363	52.031	0.771
342	11.412	84.397	3.389	55.004	0.854
343	10.578	73.268	3.382	49.352	0.69
344	11.438	77.332	3.216	49.246	0.71
345	12.923	83.249	3.941	52.254	0.771
346	10.974	82.271	3.134	50.915	0.805
347	11.754	80.407	3.474	52.166	0.749
348	12.148	82.123	3.515	53.122	0.73
349	11.252	78.115	3.159	50.211	0.768
350	11.203	84.589	3.438	54.112	0.815
351	12.582	83.982	3.633	53.405	0.782
352	12.389	84.366	3.69	53.955	0.778
353	10.967	80.258	3.407	51.783	0.793
354	11.632	82.822	3.281	51.659	0.792
355	11.127	80.269	3.528	51.787	0.747
356	11.297	78.409	3.285	50.034	0.746
357	11.049	80.434	3.325	53.138	0.745
358	10.849	77.667	3.356	51.067	0.753
359	12.52	85.707	3.841	55.894	0.836
360	11.313	76.007	3.234	48.652	0.726
361	11.388	79.138	3.319	50.728	0.766
362	11.588	80.045	3.424	51.324	0.757
363	12.018	79.785	3.538	51.714	0.744
364	10.506	75.844	3.257	49.393	0.73
365	10.95	81.708	3.232	50.935	0.789
366	11.532	77.051	3.455	50.383	0.708
367	11.382	83.378	3.421	53.314	0.764
368	11.416	84.602	3.415	53.487	0.816
369	11.529	81.52	3.344	52.705	0.769
370	12.074	79.98	3.375	52.305	0.722
371	10.719	73.42	3.224	47.42	0.679
372	11.935	78.134	3.575	49.65	0.752
373	10.893	82.847	3.237	52.389	0.812
374	11.915	82.68	3.494	54.579	0.803
375	11.669	79.119	3.339	51.098	0.697
376	11.335	83.797	3.518	53.907	0.84
377	11.421	79.076	3.345	51.696	0.745
378	12.173	81.376	3.559	53.029	0.738
379	11.386	82.608	3.298	51.92	0.805
380	10.93	80.052	3.374	51.409	0.814
381	11.947	85.295	3.394	53.522	0.822
382	11.054	84.324	3.397	54.408	0.819
383	11.99	83.841	3.602	52.362	0.769
384	11.977	84.923	3.875	55.342	0.819
385	10.799	79.871	3.201	50.255	0.766
386	11.495	82.686	3.447	52.365	0.819
387	12.985	83.999	4.144	52.944	0.792
388	12.335	85.095	3.682	54.623	0.803
389	12.047	82.341	3.521	50.148	0.768
390	11.332	82.207	3.299	53.297	0.801
391	12.434	86.753	3.69	56.234	0.805
392	12.325	84.397	3.731	53.674	0.753
393	12.345	84.178	3.575	52.541	0.741
394	11.135	81.291	3.281	52.161	0.781
395	11.714	76.922	3.197	47.761	0.718
396	11.192	85.288	3.362	54.45	0.844
397	11.156	79.882	3.206	51.317	0.761
398	11.661	80.617	3.471	51.622	0.75
399	12.454	82.291	3.734	51.514	0.766
400	12.468	86.211	3.646	55.581	0.817
401	12.418	82.487	3.522	52.798	0.757
402	11.206	81.626	3.268	53.193	0.778
403	12.168	81.849	3.794	52.516	0.777
404	12.781	84.061	3.679	52.734	0.778
405	12.007	83.387	3.311	51.823	0.793
406	11.888	84.982	3.407	55.086	0.832
407	11.507	89.93	3.416	57.362	0.902
408	11.488	81.756	3.561	51.901	0.784
409	11.873	78.769	3.758	51.769	0.692
410	11.564	80.737	3.442	52.122	0.756
411	11.403	79.051	3.418	49.961	0.749
412	11.277	78.213	3.216	50.586	0.745
413	11.52	83.843	3.399	53.709	0.798
414	10.876	80.118	3.164	51.055	0.772
415	11.454	79.682	3.34	51.638	0.742
416	11.235	73.451	3.219	48.152	0.698
417	11.615	83.144	3.385	52.191	0.768
418	12.466	79.977	3.795	51.427	0.722
419	13.499	84.254	4.054	54.193	0.767
420	11.108	79.339	3.362	51.921	0.759
421	12.164	84.384	3.457	54.234	0.79
422	12.623	86.933	3.914	55.306	0.793
423	11.09	80.775	3.357	50.249	0.743
424	12.493	81.67	3.652	51.656	0.74
425	11.277	81.562	3.23	51.217	0.788
426	11.913	86.219	3.535	54.217	0.857
427	11.604	83.491	3.476	53.79	0.818
428	11.245	72.353	3.354	47.84	0.661
429	12.824	84.124	3.75	53.54	0.794
430	12.464	87.622	3.595	55.96	0.827
431	11.599	79.533	3.46	52.924	0.75
432	11.706	79.69	3.314	49.934	0.781
433	11.921	78.007	3.41	48.633	0.709
434	10.674	72.463	3.12	46.332	0.647
435	11.253	71.986	3.363	48.287	0.67
436	12.888	86.008	3.808	53.437	0.818
437	11.453	79.398	3.275	50.413	0.725
438	12.462	81.818	3.871	52.392	0.748
439	11.124	85.723	3.291	54.439	0.853
440	11.694	78.541	3.395	52.207	0.75
441	10.33	82.719	3.205	51.224	0.829
442	10.239	79.065	3.084	51.228	0.731
443	11.383	80.912	3.417	53.875	0.767
444	12.077	82.279	3.483	52.046	0.789
445	12.508	85.005	3.61	54.162	0.799
446	11.694	80.283	3.528	50.61	0.766
447	11.268	80.163	3.412	51.223	0.766
448	11.353	80.544	3.31	51.058	0.786
449	11.314	83.534	3.485	55.382	0.798
450	10.498	77.652	3.185	48.604	0.767
451	11.175	81.424	3.397	51.57	0.754
452	12.236	85.309	3.618	55.137	0.806
453	11.788	80.225	3.354	50.105	0.749
454	10.511	79.561	3.238	52.257	0.758
455	12.419	81.317	3.591	52.015	0.733
456	10.916	74.524	3.152	47.422	0.69
457	10.834	84.465	3.396	53.455	0.819
458	12.315	84.215	3.648	54.431	0.8
459	9.786	73.974	2.934	47.764	0.737
460	11.47	78.22	3.315	50.531	0.722
461	12.62	84.711	3.799	53.306	0.75
462	10.733	82.665	3.266	52.858	0.823
463	10.941	83.603	3.244	53.61	0.828
464	10.895	81.292	3.224	52.392	0.764
465	12.147	83.691	3.443	53.083	0.796
466	11.483	78.289	3.4	49.415	0.728
467	11.323	80.451	3.528	50.51	0.762
468	11.237	78.887	3.228	50.934	0.775
469	9.775	73.644	2.871	47.316	0.719
470	11.633	78.601	3.391	51.461	0.723
471	11.804	80.494	3.403	52.018	0.707
472	12.224	79.684	3.57	51.742	0.744
473	13.047	82.118	3.821	52.54	0.737
474	12.252	84.055	3.467	53.841	0.789
475	10.579	81.679	3.103	52.167	0.799
476	12.728	83.141	3.62	53.503	0.752
477	11.472	82.576	3.626	52.427	0.783
478	11.937	83.649	3.491	53.96	0.815
479	10.853	78.634	3.198	51.834	0.722
480	10.892	87.294	3.429	54.828	0.839
481	11.179	78.005	3.334	50.067	0.747
482	11.477	82.335	3.213	51.956	0.798
483	11.604	83.312	3.398	52.788	0.806
484	10.482	77.657	3.179	49.896	0.733
485	11.962	84.602	3.407	52.856	0.815
486	13.032	90.576	3.809	56.066	0.921
487	11.842	80.778	3.451	50.767	0.784
488	11.737	79.759	3.407	51.558	0.754
489	11.437	81.289	3.402	51.83	0.758
490	12.131	78.617	3.615	49.89	0.731
491	12.142	85.258	3.528	53.648	0.797
492	10.187	74.617	3.013	48.06	0.722
493	11.622	78.625	3.3	50.999	0.76
494	11.471	82.722	3.343	52.486	0.755
495	11.625	76.388	3.295	49.31	0.72
496	11.055	79.847	3.327	51.297	0.778
497	11.697	76.931	3.553	49.626	0.692
498	11.772	81.08	3.512	52.21	0.776
499	12.005	84.407	3.473	53.347	0.816
500	10.347	79.66	3.31	51.887	0.748
501	12.945	88.823	4.014	56.074	0.826
502	10.896	81.191	3.281	52.678	0.802
503	11.378	77.663	3.286	49.36	0.712
504	12.233	85.98	3.622	54.399	0.831
505	11.524	82.078	3.213	51.039	0.793
506	10.85	80.798	3.132	50.071	0.778
507	11.673	80.274	3.318	51.313	0.763
508	11.598	81.037	3.446	52.391	0.801
509	12.183	82.726	3.489	52.203	0.773
510	11.244	79.62	3.288	51.18	0.762
511	12.413	85.176	3.654	54.166	0.829
512	12.786	85.478	3.769	54.804	0.822
513	11.604	81.41	3.46	51.423	0.743
514	10.714	81.693	3.199	52.516	0.788
515	11.335	76.142	3.329	50.045	0.716
516	12.101	81.94	3.516	51.861	0.771
517	11.937	80.609	3.646	51.143	0.774
518	11.388	82.562	3.285	53.609	0.771
519	11.66	79.967	3.568	49.969	0.733
520	12.256	82.798	3.555	52.784	0.743
521	11.862	80.055	3.444	51.515	0.749
522	12.417	85.642	3.731	54.664	0.847
523	10.766	77.503	3.261	50.922	0.72
524	12.197	80.262	3.52	51.679	0.72
525	11.142	80.352	3.368	52.248	0.77
526	10.694	82.926	3.397	53.072	0.764
527	11.595	80.574	3.414	51.587	0.743
528	12.671	86.973	3.885	56.503	0.817
529	11.452	80.969	3.35	51.661	0.78
530	11.928	81.917	3.428	51.592	0.771
531	11.478	80.808	3.354	51.708	0.782
532	10.936	76.939	3.192	49.09	0.731
533	12.545	84.106	3.572	53.201	0.771
534	11.749	83.159	3.368	53.993	0.795
535	11.245	78.946	3.381	50.864	0.751
536	10.943	75.768	3.374	49.925	0.718
537	11.694	80.109	3.499	52.283	0.75
538	10.956	76.296	3.265	48.072	0.686
539	10.694	78.492	3.123	50.302	0.776
540	12.356	88.169	3.661	57.105	0.897
541	11.646	80.457	3.436	50.681	0.745
542	11.915	84.015	3.37	52.897	0.777
543	11.715	86.542	3.395	54.747	0.852
544	12.566	81.624	3.924	52.654	0.765
545	11.895	83.289	3.554	52.969	0.817
546	11.823	83.144	3.34	53.513	0.802
547	11.073	76.363	3.255	48.763	0.737
548	11.244	78.808	3.314	50.322	0.742
549	11.333	81.711	3.321	52.014	0.777
550	11.353	78.542	3.309	49.744	0.714
551	10.874	80.106	3.353	53.199	0.784
552	12.414	80.761	3.51	52.327	0.712
553	10.874	80.669	3.316	52.355	0.782
554	12.562	80.511	3.692	52.939	0.763
555	10.488	73.34	3.143	46.915	0.682
556	12.686	82.42	3.896	53.694	0.816
557	11.163	81.12	3.435	53.288	0.807
558	11.433	79.246	3.391	51.305	0.769
559	12.477	83.461	3.768	53.119	0.764
560	12.444	85.158	3.67	55.038	0.8
561	10.794	72.317	3.116	46.362	0.667
562	12.089	84.929	3.543	54.797	0.8
563	11.722	80.196	3.402	49.85	0.786
564	12.813	85.606	3.741	55.714	0.796
565	12.371	76.961	3.504	49.718	0.707
566	10.343	76.035	3.131	49.702	0.73
567	11.848	80.338	3.46	50.036	0.737
568	11.704	85.616	3.5	54.6	0.797
569	11.514	77.991	3.423	51.358	0.726
570	11.137	79.464	3.251	52.058	0.742
571	11.766	78.02	3.369	49.961	0.751
572	10.905	79.665	3.143	50.043	0.791
573	12.744	85.767	3.694	54.735	0.782
574	11.401	82.211	3.535	52.286	0.779
575	11.138	83.629	3.396	53.341	0.813
576	10.745	84.615	3.199	52.771	0.811
577	11.446	77.9	3.307	49.069	0.74
578	11.96	88.373	3.432	56.151	0.882
579	11.872	82.224	3.906	52.54	0.751
580	11.588	81.189	3.443	51.206	0.752
581	10.634	81.41	3.3	51.738	0.77
582	12.144	84.245	3.316	53.758	0.819
583	12.184	77.383	3.53	51.23	0.69
584	11.25	84.877	3.398	53.574	0.827
585	10.65	78.15	3.134	50.192	0.729
586	11.168	83.723	3.348	52.678	0.793
587	12.092	76.396	3.527	49.122	0.713
588	12.631	85.406	3.596	55.815	0.805
589	12.392	83.17	3.469	52.998	0.774
590	11.41	90.616	3.388	57.169	0.892
591	11.867	80.462	3.377	52.337	0.751
592	11.562	82.722	3.387	51.997	0.769
593	11.072	85.862	3.377	55.253	0.824
594	10.887	83.653	3.262	53.559	0.816
595	12.899	80.365	3.636	51.43	0.716
596	10.526	72.32	3.151	47.705	0.677
597	12.526	82.517	3.624	51.739	0.776
598	11.758	82.109	3.501	52.887	0.806
599	11.537	84.427	3.377	55.253	0.789
600	10.644	79.491	3.155	52.492	0.751
601	11.707	85.743	3.475	53.683	0.833
602	12.2	80.891	3.481	51.38	0.777
603	11.11	83.178	3.252	51.207	0.809
604	11.32	76.666	3.434	49.528	0.749
605	11.472	79.803	3.539	52.593	0.784
606	12.57	82.824	3.594	52.73	0.792
607	10.711	79.49	3.205	51.317	0.776
608	11.565	77.399	3.217	49.655	0.714
609	11.991	80.763	3.382	50.936	0.749
610	11.517	80.297	3.293	51.805	0.76
611	10.546	79.593	3.171	51.005	0.806
612	12.222	80.296	3.581	50.972	0.746
613	12.202	86.085	3.521	54.121	0.822
614	12.059	87.723	3.632	56.712	0.851
615	10.311	81.618	3.103	52.211	0.828
616	12.013	82.289	3.549	52.704	0.78
617	12.242	87.317	3.535	56.426	0.848
618	11.892	82.087	3.555	52.697	0.798
619	10.792	80.186	3.287	52.438	0.843
620	10.942	79.916	3.168	51.208	0.766
621	11.379	78.801	3.332	51.135	0.731
622	12.042	80.001	3.562	50.783	0.726
623	11.835	79.756	3.459	50.387	0.72
624	11.185	83.679	3.249	54.22	0.835
625	11.076	84.928	3.387	54.277	0.82
626	12.315	77.428	3.533	50.809	0.727
627	11.02	77.751	3.14	49.841	0.742
628	13.837	89.156	4.177	55.611	0.823
629	10.914	74.603	3.253	47.985	0.698
630	11.97	84.978	3.64	54.327	0.804
631	12.426	75.899	3.48	48.259	0.673
632	10.999	77.856	3.131	50.595	0.745
633	12.816	89.519	3.973	56.772	0.821
634	10.965	78.948	3.174	50.843	0.743
635	12.378	86.134	3.678	53.343	0.804
636	12.285	80.13	3.64	51.355	0.74
637	11.991	77.506	3.348	50.766	0.73
638	11.315	81.455	3.37	54.453	0.806
639	12.047	79.462	3.65	52.901	0.751
640	11.194	80.119	3.408	51.87	0.786
641	11.835	80.723	3.344	52.289	0.772
642	10.548	81.573	3.119	50.114	0.806
643	11.998	84.937	3.529	51.974	0.819
644	12.835	85.072	3.76	52.979	0.801
645	11.094	78.781	3.307	51.048	0.722
646	12.642	84.619	3.395	53.212	0.792
647	12.899	80.22	3.953	53.097	0.731
648	12.957	83.322	3.81	52.103	0.76
649	12.046	84.73	3.472	53.037	0.809
650	11.485	82.679	3.365	52.039	0.795
651	12.316	77.785	3.67	50.284	0.722
652	10.846	84.376	3.194	54.434	0.863
653	10.816	81.459	3.357	53.077	0.766
654	11.401	79.638	3.435	51.28	0.753
655	11.146	78.653	3.375	51.027	0.724
656	12.317	85.201	3.584	55.004	0.776
657	12.545	78.489	3.702	50.639	0.722
658	11.137	83.408	3.206	52.318	0.86
659	10.735	81.479	3.14	51.132	0.813
660	10.705	80.714	3.195	52.073	0.804
661	11.456	77.873	3.42	50.933	0.754
662	11.275	79.33	3.444	50.139	0.755
663	11.038	81.471	3.354	51.446	0.762
664	11.316	81.817	3.345	52.956	0.754
665	12.821	83.323	4.035	53.592	0.756
666	12.554	79.209	3.52	49.882	0.749
667	11.597	82.609	3.343	52.332	0.754
668	11.501	84.656	3.203	51.71	0.817
669	12.326	80.264	3.825	49.583	0.73
670	12.731	79.863	3.753	51.142	0.734
671	11.808	84.693	3.721	53.347	0.762
672	11.533	78.756	3.458	51.993	0.712
673	12.515	85.358	3.659	53.301	0.812
674	12.479	82.658	3.748	53.878	0.783
675	11.931	78.447	3.48	50.38	0.76
676	11.574	83.66	3.245	52.148	0.81
677	11.436	82.762	3.263	52.467	0.796
678	12.342	85.06	3.665	53.404	0.822
679	11.453	82.356	3.317	51.94	0.774
680	11.35	82.232	3.379	51.92	0.787
681	11.483	78.781	3.207	48.829	0.739
682	11.971	84.786	3.433	53.483	0.78
683	11.898	81.011	3.472	51.342	0.745
684	11.902	78.774	3.622	51.547	0.728
685	11.281	75.559	3.22	48.265	0.694
686	12.175	82.709	3.548	54.795	0.763
687	11.926	78.447	3.449	51.56	0.721
688	11.916	87.151	3.364	54.774	0.853
689	11.796	78.7	3.399	50.014	0.757
690	11.14	77.112	3.192	50.309	0.725
691	10.498	74.062	3.106	48.07	0.689
692	11.654	81.233	3.292	50.971	0.779
693	13.272	83.472	4.061	51.184	0.751
694	11.295	80.642	3.408	52.603	0.753
695	11.197	78.985	3.384	50.08	0.754
696	11.377	83.496	3.367	52.742	0.781
697	11.918	72.616	3.594	47.285	0.643
698	11.177	82.341	3.351	53.152	0.801
699	13.18	83.968	3.73	53.786	0.779
700	11.666	85.088	3.418	54.13	0.829
701	11.788	80.1	3.371	51.217	0.781
702	11.945	78.314	3.391	52.915	0.684
703	12.481	83.605	3.848	53.086	0.797
704	11.647	90.314	3.384	56.762	0.916
705	11.532	77.542	3.235	49.858	0.722
706	11.448	79.062	3.304	50.402	0.735
707	12.275	82.247	3.497	50.679	0.753
708	11.588	74.89	3.244	48.751	0.684
709	11.012	80.736	3.397	54.326	0.764
710	12.509	79.81	3.65	52.34	0.727
711	12.069	78.536	3.694	51.118	0.73
712	11.501	75.294	3.265	49.057	0.671
713	11.557	84.449	3.438	52.955	0.861
714	11.897	79.827	3.363	50.42	0.752
715	11.679	80.709	3.501	51.573	0.745
716	12.415	80.565	3.72	50.494	0.75
717	12.848	82.222	3.628	52.549	0.759
718	10.584	80.783	3.181	52.683	0.768
719	11.795	80.287	3.576	51.772	0.796
720	11.654	82.693	3.285	51.015	0.78
721	11.21	76.031	3.157	48.51	0.703
722	10.909	73.017	3.204	46.516	0.651
723	11.59	82.742	3.366	52.777	0.81
724	11.779	78.2	3.314	48.742	0.754
725	12.246	81.628	3.763	53.071	0.732
726	11.861	80.014	3.509	50.737	0.742
727	13.122	88.684	3.728	55.491	0.874
728	11.594	82.434	3.384	52.302	0.847
729	12.318	77.661	3.617	47.978	0.732
730	11.927	86.926	3.499	53.206	0.839
731	10.556	71.182	3.169	45.452	0.68
732	13.08	88.04	3.972	55.915	0.823
733	11.827	80.581	3.405	52.298	0.769
734	11.796	82.448	3.441	53.333	0.786
735	11.264	79.036	3.244	51.935	0.779
736	11.824	83.531	3.534	54.084	0.768
737	11.708	72.182	3.514	47.903	0.63
738	12.27	81.243	3.663	53.217	0.778
739	11.843	81.938	3.364	51.345	0.79
740	12.077	84.367	3.536	54.249	0.804
741	11.683	82.896	3.569	53.886	0.802
742	10.979	75.099	3.402	48.524	0.716
743	10.707	79.927	3.128	52.376	0.778
744	11.259	75.328	3.353	48.225	0.66
745	10.901	79.264	3.377	51.201	0.761
746	13.523	88.965	4.017	55.931	0.837
747	12.007	87.942	3.579	55.752	0.846
748	12.151	82.889	3.627	52.953	0.768
749	11.33	80.491	3.226	50.249	0.776
750	12.394	76.693	3.763	49.264	0.708
751	11.434	73.426	3.562	47.082	0.67
752	11.12	83.527	3.185	54.09	0.797
753	10.98	79.138	3.326	51.721	0.778
754	12.254	81.359	3.654	52.699	0.73
755	12.176	76.875	3.564	49.181	0.68
756	11.142	85.114	3.403	52.983	0.847
757	13.066	87.363	3.842	54.2	0.844
758	11.145	81.595	3.393	51.989	0.796
759	12.201	83.556	3.459	53.329	0.781
760	11.3	77.397	3.371	50.948	0.747
761	11.525	80.922	3.329	52.287	0.788
762	12.449	79.277	3.833	50.737	0.721
763	9.861	78.064	2.995	49.841	0.749
764	10.618	81.414	3.148	52.208	0.793
765	12.448	83.221	3.637	51.89	0.781
766	10.716	75.677	3.315	49.309	0.711
767	12.507	85.114	3.765	53.04	0.775
768	11.479	82.237	3.335	51.955	0.824
769	12.456	85.352	3.845	54.964	0.82
770	11.615	77.82	3.422	48.677	0.692
771	11.689	78.631	3.395	51.092	0.73
772	10.809	73.694	3.092	46.423	0.697
773	12.841	86.202	3.668	54.57	0.835
774	11.817	79.721	3.325	51.388	0.731
775	10.8	84.165	3.211	53.96	0.817
776	11.234	80.687	3.383	53.032	0.809
777	11.053	75.546	3.143	49.518	0.706
778	12.217	80.131	3.631	51.052	0.7
779	12.131	84.05	3.584	53.691	0.761
780	13.605	85.426	4.027	54.146	0.784
781	11.654	79.154	3.382	51.201	0.759
782	12.455	89.009	3.664	55.223	0.866
783	11.581	80.94	3.522	52.66	0.784
784	11.09	81.748	3.331	51.875	0.803
785	11.18	76.047	3.148	48.906	0.721
786	12.564	83.933	3.562	52.994	0.798
787	13.007	80.113	3.77	49.698	0.719
788	10.957	79.756	3.394	52.581	0.739
789	11.749	77.814	3.33	49.887	0.727
790	11.64	84.136	3.426	53.791	0.795
791	11.086	77.645	3.4	50.179	0.718
792	10.704	86.826	3.228	54.909	0.866
793	12.882	82.93	3.817	52.875	0.751
794	12.279	82.531	3.59	53.008	0.764
795	11.508	82.581	3.399	53.631	0.801
796	11.602	83.481	3.319	52.623	0.816
797	12.269	84.588	3.674	53.786	0.807
798	11.431	77.764	3.418	50.112	0.757
799	11.45	81.491	3.49	53.356	0.798
800	11.463	83.604	3.496	55.127	0.843
801	12.692	85.738	3.62	54.333	0.818
802	11.371	82.458	3.298	53.117	0.788
803	10.767	81.884	3.318	53.459	0.791
804	13.527	87.114	3.892	54.468	0.804
805	11.656	85.161	3.482	52.192	0.823
806	12.809	84.793	3.926	55.827	0.786
807	12.15	82.597	3.477	51.865	0.771
808	12.854	85.683	3.801	55.393	0.807
809	11.266	85.587	3.342	54.902	0.786
810	12.538	78.266	3.679	50.418	0.709
811	12.687	85.048	3.968	53.186	0.793
812	10.871	80.75	3.281	52.565	0.757
813	12.02	82.591	3.456	51.367	0.766
814	11.62	77.376	3.5	51.548	0.742
815	11.372	81.812	3.351	52.755	0.799
816	11.44	81.46	3.325	51.967	0.784
817	12.545	83.841	3.55	53.32	0.783
818	11.659	77.619	3.532	48.48	0.728
819	13.46	83.989	4.332	52.799	0.737
820	12.412	82.427	3.682	52.243	0.763
821	11.338	91.03	3.512	57.27	0.875
822	12.195	81.793	3.616	52.417	0.761
823	12.438	75.789	3.667	47.051	0.671
824	11.92	85.315	3.553	54.375	0.789
825	11.307	76.991	3.357	50.994	0.73
826	12.062	84.134	3.447	54.783	0.804
827	11.916	83.145	3.677	54.695	0.779
828	11.668	79.981	3.322	51.59	0.753
829	12.445	84.959	3.779	53.145	0.775
830	11.757	87.089	3.315	55.012	0.873
831	11.957	84.134	3.496	53.465	0.816
832	11.625	84.184	3.343	53.338	0.795
833	12.365	77.973	3.615	52.407	0.747
834	12.173	80.832	3.613	51.296	0.763
835	11.643	79.183	3.31	50.267	0.784
836	12.499	80.846	3.504	51.434	0.718
837	11.812	82.279	3.405	52.121	0.787
838	11.623	85.281	3.47	52.94	0.799
839	11.49	79.979	3.445	52.466	0.767
840	10.823	77.803	3.225	49.994	0.75
841	12.433	82.996	3.689	52.685	0.756
842	10.738	79.949	3.132	50.384	0.772
843	11.167	80.665	3.271	51.648	0.785
844	11.929	81.841	3.543	52.57	0.753
845	11.143	79.339	3.241	50.969	0.767
846	12.42	84.86	3.572	54.567	0.774
847	10.405	74.145	3.147	49.014	0.71
848	11.242	80.832	3.269	51.874	0.765
849	12.399	87.228	3.686	56.558	0.826
850	11.559	82.635	3.511	51.92	0.839
851	10.591	75.715	3.077	49.082	0.756
852	12.454	82.021	3.649	52.238	0.742
853	10.682	77.032	3.142	48.635	0.749
854	11.919	81.15	3.476	51.659	0.728
855	12.181	81.382	3.55	52.46	0.775
856	12.836	76.194	3.629	49.081	0.668
857	11.059	78.249	3.222	50.394	0.753
858	11.119	75.193	3.294	49.43	0.703
859	10.704	79.122	3.242	52.68	0.757
860	9.642	80.867	2.901	51.705	0.812
861	13.206	86.851	3.814	54.581	0.791
862	11.402	77.545	3.369	49.051	0.726
863	12.336	82.488	3.754	51.772	0.728
864	11.949	83.093	3.617	52.901	0.796
865	11.846	82.41	3.501	53.284	0.783
866	11.183	84.13	3.261	54.25	0.783
867	11.833	76.407	3.323	49.415	0.731
868	13.212	83.447	3.884	52.374	0.747
869	11.957	79.408	3.433	50.923	0.752
870	12.041	88.494	3.714	56.9	0.843
871	11.662	83.383	3.402	54.41	0.826
872	11.525	77.019	3.215	50.533	0.7
873	11.175	82.791	3.351	51.656	0.797
874	11.692	77.823	3.386	50.985	0.704
875	12.611	78.422	3.774	48.835	0.683
876	11.556	77.848	3.303	49.915	0.743
877	11.03	81.854	3.343	53.307	0.793
878	10.608	78.081	3.055	50.742	0.727
879	11.42	83.77	3.377	54.852	0.788
880	13.121	85.428	3.716	55.062	0.774
881	11.664	82.495	3.289	50.895	0.753
882	11.843	82.653	3.521	52.998	0.801
883	11.937	82.068	3.495	52.172	0.772
884	11.333	83.265	3.356	53.633	0.799
885	10.315	73.982	3.07	46.649	0.68
886	11.378	81.622	3.195	51.846	0.743
887	12.443	82.346	3.477	51.305	0.789
888	12.556	79.957	3.847	51.666	0.718
889	13.017	89.24	3.814	55.649	0.855
890	11.139	83.226	3.306	51.909	0.827
891	10.908	82.548	3.322	53.026	0.797
892	12.173	81.642	3.489	53.6	0.771
893	12.174	76.702	3.706	51.394	0.663
894	11.396	80.434	3.367	51.202	0.741
895	12.745	84.991	3.823	53.071	0.779
896	13.043	84.331	3.915	53.435	0.781
897	11.49	81.045	3.444	53.731	0.811
898	11.931	80.247	3.506	51.214	0.769
899	12.607	84.295	3.661	55.106	0.805
900	12.469	82.145	3.649	52.508	0.714
901	11.405	80.394	3.178	51.001	0.775
902	11.707	80.824	3.401	52.682	0.777
903	11.154	79.857	3.234	48.499	0.724
904	12.287	83.662	3.585	53.019	0.777
905	12.275	83.583	3.459	53.277	0.82
906	12.519	84.835	3.572	54.679	0.814
907	11.483	77.739	3.442	49.502	0.708
908	11.369	84.866	3.324	53.226	0.832
909	11.356	78.433	3.249	50.213	0.717
910	11.397	80.644	3.409	52.373	0.778
911	11.148	79.041	3.278	51.776	0.773
912	11.639	82.553	3.355	54.869	0.806
913	11.092	77.036	3.365	50.441	0.734
914	12.36	87.61	3.413	54.824	0.816
915	13.919	86.459	3.975	54.062	0.805
916	11.312	77.657	3.32	50.598	0.75
917	11.919	82.232	3.453	52.868	0.763
918	12.073	80.093	3.341	50.264	0.749
919	12.122	86.736	3.768	55.217	0.829
920	11.173	79.225	3.411	51.257	0.733
921	10.678	81.051	3.281	53.36	0.758
922	11.656	82.753	3.406	53.764	0.799
923	11.606	80.876	3.345	50.853	0.763
924	13.136	81.992	4.01	51.729	0.745
925	11.076	82.212	3.314	53.705	0.749
926	10.999	80.598	3.365	51.756	0.776
927	11.325	78.613	3.249	50.027	0.769
928	11.168	80.906	3.342	51.175	0.788
929	11.537	80.497	3.53	52.091	0.725
930	11.757	83.198	3.398	52.725	0.79
931	11.325	79.129	3.288	50.487	0.756
932	12.133	81.851	3.517	50.807	0.738
933	11.882	78.19	3.413	50.411	0.719
934	11.073	81.32	3.275	51.809	0.758
935	12.039	83.631	3.653	52.958	0.841
936	11.773	82.314	3.439	53.3	0.79
937	11.755	83.197	3.428	52.661	0.802
938	11.429	77.387	3.264	49.794	0.715
939	12.062	82.198	3.473	51.424	0.778
940	11.517	81.22	3.345	51.996	0.812
941	11.604	81.101	3.416	50.712	0.762
942	10.629	79.157	3.128	50.667	0.785
943	11.471	81.149	3.349	51.074	0.754
944	12.546	86.402	3.88	55.228	0.813
945	11.649	81.908	3.449	53.164	0.786
946	11.698	77.805	3.467	49.473	0.742
947	11.091	76.046	3.265	49.591	0.712
948	12.406	80.369	3.569	51.35	0.737
949	10.782	78.669	3.045	50.646	0.773
950	12.611	86.61	3.592	55.173	0.812
951	10.782	78.969	3.351	51.435	0.755
952	11.994	77.394	3.358	50.855	0.716
953	11.202	75.85	3.452	50.228	0.68
954	11.242	78.989	3.258	50.978	0.744
955	13.267	86.09	3.944	54.104	0.786
956	11.959	82.028	3.673	51.918	0.738
957	11.21	78.928	3.358	52.192	0.716
958	12.724	83.412	3.667	52.662	0.78
959	10.706	76.069	3.284	50.277	0.741
960	11.729	80.932	3.433	52.247	0.729
961	12.738	82.537	3.577	53.604	0.785
962	11.417	77.324	3.29	48.21	0.723
963	12.074	83.38	3.608	53.645	0.817
964	12.732	84.029	3.905	53.876	0.745
965	11.071	78.293	3.158	49.772	0.75
966	11.962	83.508	3.526	53.878	0.775
967	11.922	82.122	3.489	53.483	0.759
968	12.167	82.683	3.74	52.231	0.745
969	12.272	85.272	3.539	54.152	0.813
970	12.087	83.434	3.519	53.878	0.792
971	11.725	82.101	3.504	53.149	0.768
972	10.351	88.693	3.23	57.291	0.873
973	11.376	76.496	3.492	48.352	0.67
974	11.222	78.584	3.219	50.167	0.743
975	12.907	85.801	3.777	55.377	0.769
976	10.917	82.086	3.218	51.581	0.796
977	12.146	81.723	3.469	52.339	0.759
978	12.143	73.742	3.601	49.036	0.65
979	10.881	80.116	3.265	50.832	0.787
980	11.373	81.111	3.375	51.274	0.803
981	11.764	82.718	3.411	53.523	0.804
982	10.709	82.15	3.199	53.152	0.806
983	12.147	84.262	3.524	52.685	0.773
984	12.201	80.612	3.62	52.136	0.731
985	13.542	84.455	3.808	53.974	0.793
986	12.002	83.634	3.615	53.807	0.792
987	11.982	78.454	3.722	52.356	0.744
988	12.164	82.929	3.411	51.704	0.762
989	11.704	76.553	3.442	49.018	0.734
990	10.848	86.603	3.38	54.829	0.82
991	10.587	76.466	3.2	50.283	0.706
992	12.434	83.349	3.724	54.368	0.784
993	12.394	83.702	3.679	53.594	0.781
994	12.036	88.9	3.532	55.904	0.87
995	12.665	86.584	3.666	54.599	0.836
996	12.294	78.337	3.537	50.719	0.748
997	10.41	77.878	3.207	49.675	0.74
998	12.023	79.848	3.446	51.229	0.756
999	10.716	81.504	3.329	52.816	0.778
1000	12.162	81.623	3.425	50.603	0.791
