MutationType	DBS78A	DBS78B	DBS78C	DBS78D	DBS78E	DBS78F	DBS78G	DBS78H	DBS78I	DBS78J
AC>CA	1.17E-03	5.49E-06	5.34E-04	4.88E-09	4.98E-05	5.54E-04	5.99E-04	5.14E-04	5.44E-04	6.96E-04
AC>CG	1.79E-04	2.27E-08	1.78E-04	3.10E-09	5.80E-05	2.05E-04	2.80E-04	4.03E-04	1.27E-04	1.33E-04
AC>CT	4.36E-04	1.01E-04	7.89E-04	5.25E-09	1.14E-04	6.34E-04	8.96E-04	5.22E-04	1.09E-03	5.73E-04
AC>GA	7.66E-04	8.29E-05	1.20E-03	5.25E-09	6.50E-05	7.79E-04	9.86E-04	1.16E-03	6.35E-04	7.10E-04
AC>GG	1.71E-04	2.30E-08	2.27E-04	2.82E-09	5.00E-05	2.01E-04	2.40E-04	4.27E-04	6.82E-05	1.35E-04
AC>GT	4.67E-04	1.53E-04	4.10E-04	1.42E-04	1.24E-04	2.62E-04	3.51E-04	2.71E-04	4.05E-04	6.81E-04
AC>TA	3.39E-04	1.44E-04	3.61E-04	1.37E-04	1.45E-04	4.55E-04	4.82E-04	5.43E-04	5.91E-04	6.65E-04
AC>TG	8.37E-08	2.73E-08	9.13E-08	1.69E-09	1.52E-08	1.22E-07	1.42E-07	9.12E-08	1.06E-07	1.21E-07
AC>TT	6.62E-04	1.28E-04	7.72E-04	5.35E-09	1.89E-04	7.89E-04	1.12E-03	7.98E-04	8.55E-04	1.77E-03
AT>CA	2.21E-04	3.30E-05	3.04E-04	2.91E-09	3.47E-05	3.15E-04	3.59E-04	2.74E-04	2.98E-04	2.19E-04
AT>CC	3.42E-05	1.42E-05	5.85E-05	2.15E-09	3.98E-05	8.65E-05	1.52E-04	3.27E-05	1.71E-04	9.45E-05
AT>CG	8.37E-08	2.73E-08	9.13E-08	1.69E-09	1.52E-08	1.22E-07	1.42E-07	9.12E-08	1.06E-07	1.21E-07
AT>GA	4.16E-04	1.17E-04	6.18E-04	4.73E-09	2.58E-05	7.99E-04	6.97E-04	5.58E-04	5.67E-04	6.44E-04
AT>GC	1.78E-04	2.32E-05	2.31E-04	1.37E-04	4.58E-05	2.67E-04	3.29E-04	3.06E-04	2.98E-04	2.83E-04
AT>TA	6.30E-04	2.20E-04	9.98E-04	4.98E-06	8.40E-05	9.60E-04	9.63E-04	7.80E-04	6.90E-04	5.54E-04
CC>AA	1.52E-03	1.06E-03	4.15E-03	6.11E-04	1.88E-04	1.31E-03	1.23E-03	1.21E-03	1.42E-03	1.86E-03
CC>AG	7.27E-04	3.63E-04	1.07E-03	2.67E-04	1.21E-04	1.02E-03	1.25E-03	7.11E-04	1.08E-03	7.05E-04
CC>AT	2.01E-03	5.95E-04	1.80E-03	2.03E-04	1.29E-04	1.36E-03	1.44E-03	2.05E-03	3.61E-03	1.05E-03
CC>GA	6.35E-04	1.98E-04	1.18E-03	4.73E-09	2.64E-05	5.01E-04	6.06E-04	5.16E-04	6.28E-04	7.44E-04
CC>GG	4.42E-04	1.50E-04	5.72E-04	4.49E-09	9.96E-05	3.79E-04	7.16E-04	9.49E-04	3.55E-04	4.48E-04
CC>GT	1.34E-03	2.69E-04	1.21E-03	5.01E-09	1.99E-04	7.77E-04	1.20E-03	1.18E-03	1.53E-03	8.47E-04
CC>TA	5.12E-04	4.66E-04	1.24E-03	1.45E-04	3.05E-04	6.97E-04	1.21E-03	5.01E-03	1.14E-03	1.21E-03
CC>TG	9.19E-04	2.15E-04	1.09E-03	1.38E-04	7.10E-05	1.22E-03	1.77E-03	1.66E-03	1.22E-03	1.38E-03
CC>TT	1.48E-03	1.64E-03	1.79E-03	1.42E-04	1.56E-03	2.63E-03	7.23E-03	2.73E-03	1.95E-03	1.37E-03
CG>AT	1.93E-04	2.18E-05	2.55E-04	1.36E-04	1.50E-08	3.16E-04	2.93E-04	2.30E-04	2.27E-04	1.45E-04
CG>GC	8.37E-08	2.73E-08	9.13E-08	1.69E-09	1.52E-08	1.22E-07	1.42E-07	9.12E-08	1.06E-07	1.21E-07
CG>GT	8.48E-08	2.61E-08	9.74E-08	1.31E-04	2.10E-08	1.17E-07	1.36E-07	9.85E-08	1.08E-07	1.26E-07
CG>TA	8.37E-08	2.73E-08	9.13E-08	1.69E-09	1.52E-08	1.22E-07	1.42E-07	9.12E-08	1.06E-07	1.21E-07
CG>TC	3.21E-04	1.62E-05	5.03E-04	1.40E-04	5.15E-05	5.15E-04	4.20E-04	5.19E-04	2.53E-04	3.16E-04
CG>TT	8.41E-08	2.64E-08	2.80E-05	1.68E-09	1.96E-08	2.42E-04	1.12E-04	9.31E-08	1.08E-05	1.27E-07
CT>AA	3.55E-04	9.02E-04	6.35E-04	2.87E-04	1.59E-05	3.66E-04	6.55E-04	1.94E-04	5.41E-04	3.33E-04
CT>AC	4.25E-05	1.63E-03	2.15E-04	1.12E-03	4.23E-05	2.42E-04	3.53E-04	8.55E-05	2.19E-04	4.79E-05
CT>AG	2.77E-04	4.33E-04	3.58E-04	5.13E-09	2.85E-05	3.34E-04	3.30E-04	1.80E-04	4.25E-04	2.73E-04
CT>GA	3.82E-04	3.12E-04	2.19E-04	3.22E-09	9.71E-09	1.37E-04	2.35E-04	1.73E-04	1.45E-04	9.54E-05
CT>GC	4.30E-05	1.40E-04	6.18E-05	1.89E-09	3.87E-05	6.92E-05	1.31E-04	4.96E-05	1.56E-04	9.49E-05
CT>GG	5.41E-04	2.46E-05	6.68E-04	4.46E-09	2.75E-05	7.32E-04	6.95E-04	4.67E-04	5.89E-04	4.51E-04
CT>TA	1.01E-03	3.16E-04	1.03E-03	4.96E-09	5.71E-09	1.13E-03	8.35E-04	8.24E-04	5.48E-04	5.90E-04
CT>TC	7.81E-04	2.91E-04	7.85E-04	5.17E-09	5.40E-05	1.20E-03	1.06E-03	9.69E-04	1.11E-03	9.64E-04
CT>TG	7.69E-05	2.18E-04	3.29E-04	3.73E-09	7.57E-05	4.33E-04	3.41E-04	1.80E-04	2.78E-04	3.89E-04
GC>AA	1.26E-03	3.72E-04	1.46E-03	1.43E-04	2.27E-04	7.90E-04	8.11E-04	1.11E-03	7.04E-04	4.88E-03
GC>AG	1.41E-03	2.26E-04	1.11E-03	2.50E-04	4.71E-05	1.24E-03	1.37E-03	1.56E-03	9.53E-04	1.91E-03
GC>AT	1.40E-03	3.05E-04	8.52E-04	5.17E-09	2.68E-05	5.06E-04	5.48E-04	4.45E-04	4.40E-04	1.35E-03
GC>CA	8.00E-04	1.79E-04	9.69E-04	2.08E-04	2.08E-05	7.26E-04	7.03E-04	6.44E-04	4.21E-04	5.73E-04
GC>CG	8.37E-08	2.73E-08	9.13E-08	1.69E-09	1.52E-08	1.22E-07	1.42E-07	9.12E-08	1.06E-07	1.21E-07
GC>TA	2.45E-04	1.42E-04	6.47E-04	1.33E-04	6.03E-09	4.01E-04	3.74E-04	3.45E-04	1.70E-04	8.33E-04
TA>AT	1.07E-03	2.56E-05	5.67E-04	1.34E-04	4.92E-05	5.94E-04	6.29E-04	6.30E-04	7.19E-04	8.65E-04
TA>CG	8.48E-08	2.37E-08	2.82E-05	1.74E-09	2.02E-08	2.30E-04	1.12E-04	9.43E-08	8.10E-06	1.03E-05
TA>CT	7.46E-04	2.51E-05	9.79E-04	1.39E-04	8.49E-05	5.16E-04	6.11E-04	5.40E-04	4.79E-04	1.12E-03
TA>GC	8.37E-08	2.73E-08	9.13E-08	1.69E-09	1.52E-08	1.22E-07	1.42E-07	9.12E-08	1.06E-07	1.21E-07
TA>GG	8.37E-08	2.73E-08	9.13E-08	1.69E-09	1.52E-08	1.22E-07	1.42E-07	9.12E-08	1.06E-07	1.21E-07
TA>GT	5.93E-05	7.12E-06	1.19E-04	2.84E-09	7.93E-05	2.37E-04	2.39E-04	4.21E-05	2.64E-04	1.79E-04
TC>AA	3.76E-03	9.88E-04	1.03E-03	3.03E-04	1.73E-05	8.25E-04	1.01E-03	1.01E-03	1.27E-03	1.26E-03
TC>AG	1.70E-03	4.46E-04	1.40E-03	5.02E-09	2.72E-05	1.24E-03	1.67E-03	1.47E-03	8.95E-04	1.57E-03
TC>AT	1.81E-03	6.42E-04	2.86E-03	3.01E-09	1.06E-04	2.11E-03	1.96E-03	3.22E-03	1.34E-03	1.91E-03
TC>CA	7.06E-04	2.62E-04	1.49E-03	5.12E-09	3.87E-05	9.39E-04	9.48E-04	8.68E-04	1.00E-03	9.70E-04
TC>CG	2.87E-04	8.04E-06	1.67E-04	1.37E-04	1.69E-08	1.68E-04	2.39E-04	3.26E-04	2.69E-04	2.03E-04
TC>CT	1.66E-03	2.16E-04	1.06E-03	1.35E-04	1.07E-04	1.10E-03	1.34E-03	7.91E-04	8.99E-04	1.54E-03
TC>GA	5.12E-04	2.18E-04	7.48E-04	1.39E-04	2.62E-05	4.47E-04	5.14E-04	5.54E-04	4.83E-04	4.22E-04
TC>GG	5.82E-05	1.50E-05	2.59E-04	3.50E-09	3.25E-05	8.87E-05	2.43E-04	4.13E-04	1.94E-04	5.31E-04
TC>GT	9.48E-04	2.13E-04	1.06E-03	1.47E-04	1.36E-04	7.15E-04	7.92E-04	9.36E-04	6.35E-04	7.21E-04
TG>AA	4.27E-04	3.42E-04	2.51E-04	1.42E-04	1.09E-04	3.87E-04	3.86E-04	1.83E-04	4.31E-04	2.54E-04
TG>AC	1.46E-04	3.44E-05	4.96E-04	4.22E-09	1.04E-04	3.72E-04	3.34E-04	3.62E-04	1.69E-04	2.34E-04
TG>AT	8.37E-04	2.31E-04	1.16E-03	3.99E-04	2.01E-04	1.95E-03	1.36E-03	9.21E-04	9.50E-04	6.90E-04
TG>CA	1.19E-04	5.04E-05	3.22E-04	4.50E-09	1.34E-04	4.55E-04	5.12E-04	4.59E-04	5.36E-04	4.12E-04
TG>CC	3.44E-04	6.48E-06	2.40E-04	1.94E-04	3.71E-05	3.42E-04	3.57E-04	1.91E-04	2.87E-04	3.19E-04
TG>CT	2.56E-03	5.82E-04	2.65E-03	1.99E-04	7.95E-05	2.31E-03	1.81E-03	8.56E-04	2.00E-03	1.60E-03
TG>GA	2.24E-04	2.57E-05	2.34E-04	3.07E-09	4.43E-05	4.22E-04	3.08E-04	2.29E-04	3.14E-04	1.67E-04
TG>GC	8.46E-08	2.30E-08	3.74E-05	1.60E-09	1.85E-08	2.28E-04	1.07E-04	9.29E-08	1.05E-07	1.03E-05
TG>GT	1.60E-03	9.49E-04	2.27E-03	7.57E-04	2.33E-05	2.05E-03	2.35E-03	1.84E-03	2.64E-03	2.29E-03
TT>AA	5.33E-04	2.49E-04	9.62E-04	1.38E-04	1.70E-04	1.13E-03	9.72E-04	1.42E-03	5.15E-04	8.60E-04
TT>AC	3.46E-04	1.27E-04	6.31E-04	4.30E-09	4.11E-05	4.99E-04	7.38E-04	3.85E-04	5.58E-04	7.06E-04
TT>AG	3.08E-04	1.68E-04	3.92E-04	3.33E-09	1.10E-08	4.13E-04	3.94E-04	1.98E-04	3.48E-04	3.10E-04
TT>CA	8.85E-04	4.47E-05	5.66E-04	5.14E-09	1.06E-04	5.41E-04	7.80E-04	3.49E-04	9.50E-04	7.19E-04
TT>CC	3.13E-04	1.17E-04	5.76E-04	5.33E-09	9.74E-05	6.63E-04	8.10E-04	4.00E-04	8.79E-04	6.38E-04
TT>CG	2.35E-05	7.12E-06	9.98E-05	2.54E-09	5.01E-05	3.49E-04	2.14E-04	3.42E-05	1.64E-04	9.61E-05
TT>GA	4.43E-04	5.03E-05	3.08E-04	1.34E-04	4.35E-05	4.78E-04	3.57E-04	2.67E-04	2.56E-04	8.00E-04
TT>GC	8.46E-08	2.55E-08	3.90E-05	1.69E-09	1.93E-08	2.24E-04	1.18E-04	9.15E-08	1.08E-05	1.03E-05
TT>GG	1.86E-04	2.15E-04	2.14E-04	2.30E-09	4.61E-06	2.49E-04	2.54E-04	3.91E-04	1.04E-04	2.28E-04
