MutationType	DBS78A	DBS78B	DBS78C	DBS78D	DBS78E	DBS78F	DBS78G	DBS78H	DBS78I	DBS78J
AC>CA	0.0004940166161617329	2.498946451198401e-07	7.779332659477662e-06	0.009230942285353599	0.007929807294884792	0.007906067421015774	0.03660356988963806	0.00534694648583047	0.008007451974716119	0.004028561218360596
AC>CG	0.0009318717354028658	4.1412906608197894e-07	4.816297268760648e-07	0.0007985525113258929	0.0003077295436838994	0.0018105741626341081	0.0006287029958249914	0.001073856586211015	0.000365583716337565	0.004857340068837562
AC>CT	0.0013432664731648576	2.8191068772896504e-07	0.00023579210239848503	0.006357999943570485	0.033851994078799456	0.013820142547074955	0.0033839534772583334	0.00907932881346992	0.005490063216537439	0.005630450853589984
AC>GA	0.0007452712000661645	2.5796334818040376e-07	0.0001336763886283584	0.007395345248803415	0.008525494252550204	0.009730051239605459	0.007425149846502012	0.02581313127672045	0.0074216886801119555	0.020356517082940805
AC>GG	0.0008969569838149929	4.157634572422235e-07	4.906157542199161e-07	0.0008626946859674622	0.00016203303732237955	0.0014820686590424465	0.0005449471356379323	0.0012551904363040415	0.00043340061705304545	0.005209601943976834
AC>GT	0.0020818967228647452	0.004462565380839416	0.004246194098274556	0.0018244054782309668	0.006613282310751325	0.004198102352336927	0.00777893424031331	0.0035076477624210716	0.012271260447179303	0.0021615532563416927
AC>TA	0.0027678228799946684	0.004319039455406619	0.00424034757023815	0.006940969750700992	0.013099829724747478	0.008168298712942286	0.003129682924449802	0.003308407983931591	0.010954216616263205	0.006444040531161612
AC>TG	1.14676171028297e-06	4.4473524522717684e-07	7.131949963800198e-07	3.871995691032478e-06	5.45852501408178e-06	4.484620052518148e-06	8.004716876485442e-06	7.145065491015115e-06	1.1030241280090877e-05	9.587520264602873e-06
AC>TT	0.0032392067874194245	1.5606727850551069e-07	0.00012836837670068398	0.014300166751652993	0.014128783093804035	0.01951431853321202	0.008756399993184168	0.007859137959711137	0.051814621209024754	0.008370261174271794
AT>CA	0.0003654422602017169	3.918761564240545e-07	4.582629001495061e-05	0.0028970081296309704	0.004852682013554357	0.00425117700712434	0.0017818372092258056	0.003183438395029719	0.001794646445571727	0.002022358011894113
AT>CC	0.0005053659557741935	4.2849540055679747e-07	1.477453471164322e-05	0.00043686982855226244	0.0023771256813498167	0.0013439100821932954	9.923974730196143e-05	0.00027335759858518744	0.0007020495826674518	8.817859165240915e-05
AT>CG	1.14676171028297e-06	4.4473524522717684e-07	7.131949963800198e-07	3.871995691032478e-06	5.45852501408178e-06	4.484620052518148e-06	8.004716876485442e-06	7.145065491015115e-06	1.1030241280090877e-05	9.587520264602873e-06
AT>GA	0.00020448052759636142	3.0421390824207724e-07	0.00025484670584907573	0.02542151601250855	0.011098910003959933	0.013909253085660577	0.0035515609200317487	0.007995068170948798	0.010418212594932896	0.007405895407369185
AT>GC	0.0005350159607099751	0.004321832500918749	3.271831403395095e-05	0.0020288165551536823	0.004650638584877385	0.004119971714537583	0.0009994359696774279	0.0019344705055168248	0.002391368674365382	0.00311779447103938
AT>TA	0.0012259462606881968	5.246562443833828e-06	0.0059279479528651985	0.027288113629275235	0.011039934830900952	0.016601207019025722	0.005042097145259607	0.014649299226045206	0.0028768887460725477	0.01205669376844381
CC>AA	0.004212614761409037	0.07947192918891745	0.12123086214146779	0.046006409957533745	0.02755187749194225	0.027624154598069942	0.03421343610608028	0.201712876736531	0.03104264737220462	0.015730468505746477
CC>AG	0.0027841937488862893	0.014336107417384203	0.01865072539387262	0.011957743890119844	0.026644515496741288	0.020108983841267414	0.00617615536565653	0.015440637518196462	0.00515606580052064	0.007797346802898678
CC>AT	0.0006615001659701967	0.009047297499906579	0.04950621838302378	0.056789231611153	0.21254444359666444	0.042234614562532004	0.0565696378918578	0.05292220884962044	0.012495524805272872	0.047689581295229315
CC>GA	0.0001679310287170483	2.882936267408337e-07	0.005206846444904363	0.0043732142526295694	0.011444610401548034	0.006827826737744101	0.00990628610631981	0.027123494769302772	0.010732056138513883	0.005059189013753042
CC>GG	0.0019241522320166346	3.416802399160261e-07	0.004512240897932131	0.0020567570587470808	0.0018190698510671286	0.0069435989387577855	0.0019876902152508235	0.004462342831578318	0.0023563171001674587	0.0156798967389395
CC>GT	0.005805135992020348	1.3658392174707129e-07	0.0049261319804465	0.01466800010414524	0.04542893245290107	0.020209114480939514	0.02936571093113944	0.018801762601973904	0.008135429546310656	0.022287589681164476
CC>TA	0.007978577211061181	0.0046381851422113325	0.026973748198065636	0.0065422793483731895	0.01242077608562147	0.013771171848893558	0.0028737389304096563	0.014266995453908384	0.011629120039482988	0.34184972053472545
CC>TG	0.0005972882631086292	0.004283372586343609	0.0003680878897733577	0.026693688549128722	0.027924494371546243	0.03275734507858746	0.007546058158525792	0.011602812375383745	0.023428707106318513	0.03594317929735594
CC>TT	0.9148035576606186	0.004495426707582205	0.0519174484381943	0.017981336429331654	0.011821257275996495	0.20662524637628402	0.007070788603421112	0.013738737866188564	0.005943492608220712	0.028289148176523046
CG>AT	2.01455727037116e-07	0.0039690944757661386	3.0481945293089158e-05	0.0065521463787716625	0.0026675590708608657	0.003796338091684487	0.0014427341789634376	0.002084101101749507	0.0005489604629022437	0.0018767662636977156
CG>GC	1.14676171028297e-06	4.4473524522717684e-07	7.131949963800198e-07	3.871995691032478e-06	5.45852501408178e-06	4.484620052518148e-06	8.004716876485442e-06	7.145065491015115e-06	1.1030241280090877e-05	9.587520264602873e-06
CG>GT	6.106192696221031e-07	0.0039809232504682095	5.367253156406874e-07	3.851330216407849e-06	5.0007573673244726e-06	4.170090197258315e-06	8.055204421672e-06	6.914956756873678e-06	1.1111266089474759e-05	8.905062106162788e-06
CG>TA	1.14676171028297e-06	4.4473524522717684e-07	7.131949963800198e-07	3.871995691032478e-06	5.45852501408178e-06	4.484620052518148e-06	8.004716876485442e-06	7.145065491015115e-06	1.1030241280090877e-05	9.587520264602873e-06
CG>TC	0.0008646492256651075	0.00416575894994449	4.080043328636985e-05	0.003972577921447648	0.002581554103280597	0.003485495762992195	0.0034428309423567196	0.004335564721765852	0.0020287115116788693	0.006534863164492488
CG>TT	6.12457843220931e-07	4.281418578167902e-07	5.80728874819157e-07	0.00510425622899863	1.9820267111214437e-05	0.0016936568465626925	7.163708722750196e-06	7.084575989792977e-05	1.0269819775308547e-05	8.869089641076948e-06
CT>AA	7.573063154342752e-05	0.01854817923604024	0.13030209112826174	0.0026060592537148885	0.007469074067537761	0.006366265732019488	0.00151490963187138	0.006442297751881909	0.0029427529129232603	0.0005637693818428748
CT>AC	0.00018076318833173851	0.5936902453350883	0.07383614625025597	0.0006541752076523567	0.001264173448113095	0.0020405073638865884	8.11247751768258e-05	0.0004105991548786647	0.00010065241443620996	0.00022991620626631887
CT>AG	0.00026745020986990175	3.134091991911001e-07	0.03488745629185189	0.002951744179367789	0.007758125604023838	0.004035385920905716	0.0027395614440027466	0.003710107658615525	0.0018984707095481034	0.0009856393823449343
CT>GA	1.8934508549767272e-07	3.766184122565563e-07	0.017880248145197116	0.0006693528026033791	0.0009425504914324296	0.0011280629969854282	0.006679389436925421	0.0017733152119289758	0.00035356835338329286	0.0008330755968555988
CT>GC	0.0004878643609735523	4.2249341068279157e-07	0.004121067176668966	0.0003581330903740348	0.0021558267310716928	0.0013522301534349879	0.00010998058249595765	0.0002800948142902753	0.0006793780456780948	0.00012095952447976716
CT>GG	0.00021920394811153593	3.1116622456951966e-07	4.874640532602178e-05	0.00828195391050503	0.010169511769386788	0.007600596309344662	0.006760148451190147	0.00903621649937936	0.00429535738959307	0.00404442982276633
CT>TA	8.346705620494995e-08	1.5010122648845727e-07	0.013642651360018857	0.040250252875470814	0.004413624286480777	0.014975451455362955	0.019740363892733488	0.02110183727146823	0.0051419291486656925	0.014582124391830186
CT>TC	0.0004704936736361588	2.0823366587844764e-07	0.009929814570981209	0.034734603130289705	0.023605238373576858	0.020986127141805262	0.01000480992305986	0.009187326991980582	0.009272382471301242	0.010542889685984333
CT>TG	0.0012328705024781622	3.2725142843646206e-07	0.00900047395747772	0.011454673110356048	0.004015987967307796	0.006958969311852549	0.00025483556253871165	0.004505168524450199	0.004948230543568883	0.0009189614721316954
GC>AA	0.0062838823264894424	0.004593855499791426	0.020912191511020865	0.016236416097795754	0.006955307253589096	0.013249284511150058	0.018274891210862548	0.02420666072574874	0.3059056184928819	0.009958426192678225
GC>AG	0.0003188840150418258	0.013896980846943418	0.008712229538556314	0.015526111112150638	0.014724402123940926	0.019393256822372393	0.022816754248749852	0.014325565476150132	0.043194284787700925	0.02903250345551087
GC>AT	0.000144608180896547	1.7774551197863625e-07	0.009289790479841641	0.0033076078392443612	0.0048595502607438334	0.005132048164437856	0.04527054560018647	0.010556430133024321	0.03153247270363137	0.002881673436781797
GC>CA	6.739073969377932e-05	0.009317106181441435	0.004650246870138992	0.013210124058180223	0.0042000430391726075	0.010122103036322638	0.011913818245838943	0.01654682909562536	0.005578662645363094	0.006651846032956684
GC>CG	1.14676171028297e-06	4.4473524522717684e-07	7.131949963800198e-07	3.871995691032478e-06	5.45852501408178e-06	4.484620052518148e-06	8.004716876485442e-06	7.145065491015115e-06	1.1030241280090877e-05	9.587520264602873e-06
GC>TA	6.001874239154092e-08	0.004117070422725993	0.004300053940757934	0.007581978202681986	0.0010380870242531314	0.004600973915783491	0.0013899866220658422	0.01097435269650454	0.021966994473613895	0.0028109648331145444
TA>AT	0.0004923690434437751	0.004271778134661966	2.9681695135787222e-05	0.008439491301083357	0.010973382229578377	0.008326143791998745	0.025690261541716615	0.006004738837035393	0.011858151270186955	0.008403929587709299
TA>CG	6.359593811198763e-07	4.296856401751596e-07	5.773401900639446e-07	0.004841246498944809	1.2671280105852854e-05	0.0016096636023589842	7.150666958943568e-06	6.43586718014556e-05	2.0656378138773634e-05	8.907177617237991e-06
TA>CT	0.0011843196956265961	0.00447165427518456	3.9522660989455145e-05	0.008121269948539091	0.007964063681548976	0.008632017032553282	0.01469254945532428	0.01964540001097163	0.02944091624833719	0.006739968339265118
TA>GC	1.14676171028297e-06	4.4473524522717684e-07	7.131949963800198e-07	3.871995691032478e-06	5.45852501408178e-06	4.484620052518148e-06	8.004716876485442e-06	7.145065491015115e-06	1.1030241280090877e-05	9.587520264602873e-06
TA>GG	1.14676171028297e-06	4.4473524522717684e-07	7.131949963800198e-07	3.871995691032478e-06	5.45852501408178e-06	4.484620052518148e-06	8.004716876485442e-06	7.145065491015115e-06	1.1030241280090877e-05	9.587520264602873e-06
TA>GT	0.0014140178310839786	3.9078336761772704e-07	7.452755745401766e-06	0.004828849799507869	0.003929373737582054	0.004137171978382608	0.00015066871269058972	0.0006023313281192168	0.0013206882457548858	0.0001303235429516315
TC>AA	4.9694506679789104e-05	0.01811432779683785	0.09651325495855832	0.008655283327090015	0.0238357627315878	0.012184960037060067	0.24525797989668743	0.014849880671793632	0.012559983946518881	0.008804823145043557
TC>AG	0.00012564137055386338	1.1427276753156411e-07	0.025013242678081284	0.013102055891267558	0.019145072370640528	0.02199922618370067	0.0470564377435002	0.022952766286809083	0.02561611288885144	0.02990416620100626
TC>AT	0.0010361724102880793	3.1730939825298636e-08	0.043365541402383086	0.055896050660169755	0.021771965829240104	0.03924298022263345	0.031538996960799835	0.0633165670936637	0.03143399082181735	0.09748962645194402
TC>CA	0.0002591214412833832	1.582539082893303e-07	0.0049125852633842395	0.029404543592935355	0.025491718474039415	0.01898998403337405	0.008395465954277937	0.03935099847282379	0.015425480331441843	0.010878371609461777
TC>CG	2.902815583829942e-07	0.004227877761308924	1.4300212632759924e-05	0.0009037999299340064	0.003058119771736985	0.0014725087800131452	0.003122734592017654	0.0009657194853394522	0.001297188595754046	0.0033480023261051157
TC>CT	0.0012718735868622111	0.004381925270649158	0.008432275480847882	0.023628987617181785	0.01671324691050821	0.022313130943081298	0.04393928695941626	0.01273227235200059	0.032328764518895686	0.007426952896296516
TC>GA	0.00022783044769364907	0.004353261291708306	0.008586664688517034	0.004577517793219664	0.009101039962146154	0.005914058138708238	0.0038032592316879334	0.015124002799899094	0.0038780588798419773	0.005955933895211883
TC>GG	0.000332992784305089	3.7634632379888056e-07	1.932645566225876e-05	0.00047021467584769925	0.002446354268026725	0.0021063707830076134	0.00020199909757322214	0.002280043407680784	0.009718767691620273	0.005291604539932471
TC>GT	0.0034396887457012744	0.0045893815917746736	0.00487190339211765	0.012677701525048931	0.014227644306658524	0.012961390315935918	0.026587168976694046	0.0284808964820824	0.006737469971795414	0.018411898937911213
TG>AA	0.0019531117762734062	0.004250962736303812	0.022051663478012507	0.01012775526692571	0.007612748719473507	0.008001680416819649	0.006473459730563538	0.00230146319847018	0.0021377062758867194	0.000983328327641071
TG>AC	0.002895328387317334	3.246056283006228e-07	5.07494312479506e-05	0.0087133692832571	0.0018122653603558495	0.0055360858377500296	0.0006359331441507727	0.009213352425029605	0.00195409480089055	0.0038035889562685592
TG>AT	0.006098992919199575	0.03288074016521569	0.007766863342383761	0.09031026633022136	0.021713207609099186	0.04412199048835707	0.014486109189790519	0.023080007779620153	0.007471666505164386	0.012423845303787847
TG>CA	0.002456698891612965	3.1276880211921397e-07	5.7643457838430495e-05	0.010845502197617542	0.00945250407350577	0.01016842428297378	0.00043822322736930867	0.002543746860875145	0.004342125685447334	0.006913668987840609
TG>CC	0.0004343127078484038	0.008441977045372941	6.656936895635909e-06	0.006662205724838595	0.003852591341841376	0.005446716910656676	0.003726906103737119	0.0016524909356189382	0.003309801741894949	0.0011264436203202804
TG>CT	0.0006129549279729016	0.008957133776502185	0.04705263714604651	0.0890550853581414	0.05158869171342001	0.04012738917159724	0.08259359559555654	0.07362207731724522	0.023577653753593626	0.006867743973710384
TG>GA	0.0005283191324543371	3.801484404508296e-07	4.078438030100481e-05	0.011542009319832564	0.005744367697294753	0.006274896947517783	0.0015737023081077437	0.002130841548506724	0.0010035782145360684	0.001769613955795868
TG>GC	6.352718338181481e-07	4.3074676747004626e-07	5.65845769916851e-07	0.004687375502334946	4.6388211238040325e-06	0.001528203119040737	7.14404960102684e-06	9.26375592199963e-05	2.067613093854088e-05	8.940959122546808e-06
TG>GT	6.968539982730589e-05	0.10681082111062003	0.06723167086979114	0.029952356674625376	0.06262113470653331	0.030311755957935133	0.01277261736080619	0.03291954854624478	0.038235741445859596	0.021765710043404114
TT>AA	0.006056829498766654	0.004323038922253348	0.009518000174134022	0.027309297193553548	0.0053368083200224	0.016337029639406007	0.004327247481701805	0.007336431854066873	0.01113476430897662	0.02914196036119565
TT>AC	0.00036336464573191247	3.4511054759381374e-07	0.00027021405493541924	0.005182852542440888	0.011956679243371272	0.01025394165657999	0.0025740510736757343	0.009793958077290681	0.013504098717060741	0.0033103176070885037
TT>AG	2.034927096058901e-07	3.997957044084127e-07	0.004800271149948765	0.008811377131189463	0.004476450628559885	0.006011293765269869	0.0031172306166858607	0.0038913226695542046	0.002546011389995508	0.0012190185630498215
TT>CA	0.0013778201259343624	2.2983210054270498e-07	7.617853377541073e-05	0.009742487161109842	0.028547382653021102	0.013555142233480259	0.01931792308151259	0.007473399292278772	0.010593024058446865	0.0018333528011032494
TT>CC	0.0011729907599720558	2.666883619356585e-07	0.00031370888917918644	0.016699097094416002	0.026538027590343953	0.01735282727800122	0.002440287741360062	0.008317705951572113	0.01217205511880509	0.0031544457290838103
TT>CG	0.0007370617949821395	3.9238459006139136e-07	7.471493243059811e-06	0.00964310409058699	0.001953692743895563	0.0046230118691551305	6.250617352279939e-05	0.00045366556383212163	0.0006342334781331858	8.844272429065134e-05
TT>GA	0.0005065108717667922	0.004249990468933138	5.053362607945461e-05	0.012348663647705368	0.0024323070684122957	0.0060085287592106535	0.006063484360896149	0.002134281890861968	0.017719529057034004	0.0014847902671870966
TT>GC	6.133616788796207e-07	4.290887524284377e-07	5.864641594175865e-07	0.004729854749126813	1.9814408295814368e-05	0.001723836618427048	7.150457958364624e-06	0.00010468564883773182	2.0658336539661923e-05	8.87946088320794e-06
TT>GG	4.830803561547126e-06	4.055904769720074e-07	0.008745318238377335	0.001755145459759605	0.0005444039584670515	0.0018181242380641326	0.000995518030394493	0.0016130127729116596	0.0016385183123006448	0.00657233764422137
