MutationType	ID83A	ID83B	ID83C	ID83D	ID83E	ID83F	ID83G	ID83H	ID83I	ID83J	ID83K	ID83L	ID83M	ID83N
1:Del:C:0	5.389478766795229e-08	6.174418529703285e-08	2.5452975627524617e-07	8.578430814413818e-08	2.63700646972492e-08	7.717615899061805e-08	1.0841620933943272e-07	1.6565455473328548e-07	1.1591026770452109e-08	1.7368338916213303e-07	1.532779353495967e-07	1.628094928861368e-07	3.3109121262561855e-08	9.095727169977172e-08
1:Del:C:1	0.011805150499080834	0.028066808283553533	0.009215666026195545	0.015612681432656256	0.014006571888585399	0.1359924440476315	0.02641279255613884	0.014713132867144294	0.016360348974882272	0.031616851119925356	0.0448018897109588	0.02869652652760807	0.022935755080801545	0.024641556271395984
1:Del:C:2	0.003576393248342376	0.006171952621980169	0.004507206819505832	0.004631483883977484	0.004378871090197533	0.022305859748215206	0.006843455549264693	0.005844556250851301	0.005412184429340252	0.012607389509011213	0.016796243708330647	0.015807001605704328	0.00659979456022268	0.009074024294051275
1:Del:C:3	0.0019324012480931982	0.0024310801444794145	0.0017623509415000827	0.0021400948099185337	0.0019382511141750652	0.014468666220567875	0.0031419532513696628	0.002561663808473128	0.00233713976009877	0.004609313278907241	0.005372597817956492	0.007285020130341653	0.0024763693561040533	0.004209688519208195
1:Del:C:4	0.00106991156530841	0.0017439896479853562	0.0012863800700408268	0.001278234359149876	0.0011857056011962581	0.006318849456759137	0.0022888705485540574	0.0013869787078156263	0.0014207639503860674	0.004196368245972823	0.0056681286064663985	0.0032944814441121873	0.0020985573619751595	0.002054028304213822
1:Del:C:5	0.0015410679276878208	0.0021201382969356928	0.003148236892473962	0.002244332516648937	0.0019050397304588513	0.0034000139250812125	0.0025081054184049397	0.0023854611633985488	0.0019594492028757234	0.0038443246539525406	0.005118981652663961	0.00499318853032354	0.0021803073592829973	0.002649834024316271
1:Del:T:0	5.389478766795229e-08	6.174418529703285e-08	2.5452975627524617e-07	8.578430814413818e-08	2.63700646972492e-08	7.717615899061805e-08	1.0841620933943272e-07	1.6565455473328548e-07	1.1591026770452109e-08	1.7368338916213303e-07	1.532779353495967e-07	1.628094928861368e-07	3.3109121262561855e-08	9.095727169977172e-08
1:Del:T:1	0.0068130939039677905	0.010561739184957305	0.00855290845763211	0.009201222389567358	0.008953757553509127	0.11191176106045028	0.012494187927351597	0.00831064338872932	0.011344650195404846	0.019775342798155036	0.02983716733447469	0.03457696035463685	0.011251529383882946	0.021029162452640634
1:Del:T:2	0.004727053992873626	0.008532910940005363	0.00674402853801723	0.004999913235536633	0.005581380177173775	0.039452557248814996	0.00892660549295585	0.00687476192473061	0.007043996701216965	0.015112044823580252	0.021054873654735715	0.017635358993059697	0.0074850274122311945	0.010963271339388115
1:Del:T:3	0.004654975090951264	0.007045680873823541	0.004132329022872097	0.0045561867851107146	0.0043330706178140365	0.0369094980716362	0.008178544008094547	0.004860732952224479	0.006605434555070795	0.011885587036295511	0.016577068743813716	0.014448111242436938	0.006697571431971654	0.009523273727562615
1:Del:T:4	0.0036372580327175327	0.005109248432405051	0.00648134742900161	0.003951632640165113	0.0038587312553412475	0.027365287387908176	0.006398795167626998	0.005961982800779432	0.004393623593991866	0.01421507005578016	0.01887578009674845	0.017796487031152546	0.00525783367266814	0.009555042701883006
1:Del:T:5	0.12920835883411508	0.18530128908309437	0.33045331783342974	0.17313978679851413	0.07748333981498863	0.11055995439953553	0.23608026818543967	0.25101389037560795	0.04038580590297741	0.2687545387402514	0.33670760716524045	0.07773510439950593	0.12395980936199794	0.09802262792698616
1:Ins:C:0	0.0022109256866342424	0.002691479278663054	0.0034341199075331856	0.003530835967297138	0.002402324270890807	0.01228962087514559	0.0036390868992812026	0.0031269107350466894	0.002643999803133043	0.007694814543903001	0.006566653430568367	0.010012423122574743	0.003004908449737436	0.005124923841578402
1:Ins:C:1	0.0010368966353692683	0.0021396439745266322	0.001317153858087596	0.001546113116255029	0.0017389762005181532	0.005965114302332523	0.0023343643942276534	0.0017780149388494154	0.0020263537871122255	0.0027170278757256217	0.0029038882966613794	0.0033072838463057202	0.0021353505273664472	0.002689824793850994
1:Ins:C:2	0.0011126073550584167	0.0014657341438487242	0.0012544272365798595	0.001473711207299575	0.0017241832791419815	0.0021843869647442784	0.0017099354109466442	0.0015956790221978592	0.0017189490474867947	0.002821774007433829	0.0025533275576072106	0.004023394922752667	0.0015194370479169556	0.0030193875430971117
1:Ins:C:3	0.0007781280041774435	0.0007475127996250488	0.0010556178602031138	0.0010730752052207765	0.0013018882008909367	0.0011368798929834662	0.0009660251260074106	0.0009106938162586013	0.0016804616329693719	0.0025662591035133324	0.0018482725784630732	0.0030216551041309884	0.0010377781664821122	0.001781332210914803
1:Ins:C:4	0.000724740701571268	0.0012450774025465194	0.0012589965367852361	0.0012288803691448656	0.0011299103335683553	0.004260528387187695	0.0013716102974604392	0.001297720273452003	0.0014010151614722887	0.0033174517966932534	0.003545218325159448	0.004084173672461063	0.001306487576886049	0.0019391881264350088
1:Ins:C:5	0.005399366963620127	0.008394913491132252	0.006965042687139164	0.006815121152579226	0.008244282743211874	0.01666731250492913	0.009958504416741225	0.007152077202009632	0.009747295723118004	0.02012265253151217	0.02318677093298145	0.018960776779823434	0.0109401749241836	0.0123786726339934
1:Ins:T:0	0.005404568053946943	0.006000895020856443	0.004243975408706059	0.006037017714317738	0.0072661011304647844	0.01753191711821949	0.006580176854293792	0.005537393393319594	0.008053740728233267	0.009834676466251536	0.010311510033741561	0.017724938065347636	0.0065365431564790525	0.010434082352744255
1:Ins:T:1	0.0052040419136672985	0.009625709933760137	0.004716275594896649	0.006368110356564619	0.007086899000134574	0.02596616828682127	0.009400482938022271	0.00639049663955327	0.011117452121297727	0.010924610201524394	0.012450448095580244	0.0135730260800442	0.009097782856716214	0.011681169817937096
1:Ins:T:2	0.0030728795126897693	0.004463311550819924	0.0054266574160375496	0.003987526057463834	0.004377831658800304	0.008541076814820843	0.005206795451466316	0.004699242293305395	0.0048450889719495295	0.00819731415435732	0.007507658330316753	0.012080574270823395	0.004338136774963052	0.00724073017376964
1:Ins:T:3	0.002192083943211491	0.0030848112409753384	0.0037116789017356817	0.0035517865934827243	0.002864541910224669	0.015010282905629207	0.003958976181317575	0.003967219808224621	0.0036303872561484108	0.008198235284132913	0.007120894533545186	0.012532298927737195	0.003454215304301054	0.006690766892058689
1:Ins:T:4	0.002490500155050338	0.0036927660485170434	0.003104151612353333	0.003179922308291215	0.003315939196794777	0.013577892355411288	0.004230009237928921	0.003205911660316234	0.004420414223022435	0.006408828863538338	0.008051099883816068	0.007957815181410085	0.004405386043238053	0.0059763957018840914
1:Ins:T:5	0.6122045054358429	0.5435215053347292	0.058009825342238926	0.5005299262563135	0.6750588056777664	0.052208834009554464	0.3891536840853558	0.28651248146368175	0.7125188186537216	0.059663419969354536	0.07214133885012615	0.05338766765643483	0.6248521920933322	0.39011209522985907
2:Del:R:0	0.1063162989581895	0.054396241816250905	0.40589007318301595	0.13473339114867888	0.06380743687488936	0.06834937219643393	0.12871254803225113	0.2575284090004183	0.02942662380836236	0.23885009734363624	0.08436878848840539	0.3455159779578353	0.0272557136793053	0.18730425850914006
2:Del:R:1	0.0005586043401439406	0.000770727334940694	0.0009008236267671608	0.0006141984448141158	0.0007168872016181813	0.003039264099845766	0.0009947875138740087	0.0009831618452478016	0.0009445288151151114	0.002195930783142899	0.0016474130515494421	0.003563504729839566	0.0007857764618598308	0.0015762982955733421
2:Del:R:2	0.0002325053440219667	0.0003076892196593347	0.00036908681563970445	0.00026312815177966317	0.0001686054182177478	0.002943521088070534	0.00042021302106473585	0.0003550414965355532	0.0002449891853405628	0.0005576655316507816	0.0009030162591436014	0.0006536365241769306	0.00031732970160168553	0.0005586792506003178
2:Del:R:3	6.049508433495708e-05	3.9297203812937495e-05	0.000415228663335899	7.918864267778417e-05	5.2446628222260446e-05	8.745476541796952e-05	8.395367395203161e-05	0.0002150393680104583	6.104491059313735e-05	0.00023767171369508126	9.288417230904662e-05	0.00038612472156329106	3.44502621006194e-05	0.00020623112862874337
2:Del:R:4	3.0394404980275e-05	2.9968903551814828e-05	2.9032805458807798e-05	3.981594514222292e-05	3.81923635268527e-05	8.33722397610223e-05	4.7057432242127135e-05	3.4564516548545335e-05	3.691139545460727e-05	8.209206398371167e-05	6.949575881615219e-05	0.0001580393188945722	2.648963441999787e-05	8.24624753075761e-05
2:Del:R:5	0.0005842211032826963	0.0006517920454624278	0.0007877547804114086	0.0010101919463897508	0.0004919044120958934	0.00044381090762096574	0.0008700447814557814	0.000814239322888052	0.0005459838868663107	0.001358531421757833	0.0013700272862509568	0.001210039654445385	0.000568671297864934	0.0009367389587909475
3:Del:R:0	0.005932472048502803	0.007781557004760492	0.014292819287602801	0.007574899746479318	0.006059112832124855	0.010153822994193982	0.00874861039917113	0.010095075331574532	0.006088835493274008	0.016085503170492843	0.019721949391686918	0.01860363826405971	0.007056774266763055	0.010760689728548052
3:Del:R:1	0.0006073741364443162	0.0009173231548750384	0.0013938816518748172	0.00092965833019397	0.0008006737247499948	0.0010561566966112205	0.001181072080833888	0.0012697468525273972	0.0009210364354896244	0.0021725265466681996	0.002637601571425704	0.00166596009309718	0.0011461239945139581	0.001146659078409097
3:Del:R:2	0.00012003720574586849	0.00022048052148109098	0.00017313005170261747	0.00016413524392449528	0.0001539725703689295	0.0005647960136387784	0.00023805602567384147	0.0001560974810429349	0.0002072982799013852	0.0003855346338351875	0.0005349296412886619	0.0004476935121943554	0.0002073647238217859	0.0002782433995632927
3:Del:R:3	5.389478766795229e-08	6.174418529703285e-08	2.5452975627524617e-07	8.578430814413818e-08	2.63700646972492e-08	7.717615899061805e-08	1.0841620933943272e-07	1.6565455473328548e-07	1.1591026770452109e-08	1.7368338916213303e-07	1.532779353495967e-07	1.628094928861368e-07	3.3109121262561855e-08	9.095727169977172e-08
3:Del:R:4	2.4220807114738144e-05	4.282737175854804e-05	3.416421911364298e-05	3.5007283249283375e-05	3.3080197373045366e-05	6.559322352700795e-05	7.029241235193572e-05	3.1711012662471706e-05	3.2779037008715055e-05	0.0001267276910654874	0.00012111956884383506	0.00010962539510551923	3.822564613334894e-05	4.7933698606986235e-05
3:Del:R:5	5.389478766795229e-08	6.174418529703285e-08	2.5452975627524617e-07	8.578430814413818e-08	2.63700646972492e-08	7.717615899061805e-08	1.0841620933943272e-07	1.6565455473328548e-07	1.1591026770452109e-08	1.7368338916213303e-07	1.532779353495967e-07	1.628094928861368e-07	3.3109121262561855e-08	9.095727169977172e-08
4:Del:R:0	0.002652572665198619	0.0035989709545750674	0.005931829816316816	0.003638260790024028	0.003530218703513057	0.008664580315860827	0.0038853280064505323	0.004840953121479871	0.004587041805715463	0.009630357915919142	0.008159255383053803	0.014770418490082836	0.003488356966237833	0.007382756312528632
4:Del:R:1	0.00016814575190515698	0.000180327567673936	0.0002790192020980915	0.00015300225034419406	0.00020481841647090022	0.0005466397925380151	0.0002546461164120086	0.0002545125810793832	0.00028170635716290255	0.000587552643313606	0.0005660303252341432	0.0006502682870120125	0.00025552077679790683	0.00034057856949376743
4:Del:R:2	6.030089770232995e-05	5.677934641477932e-05	5.8465597245384845e-05	7.606977549788568e-05	7.649788736620264e-05	6.425643185316525e-05	9.662356893064003e-05	5.7400552905153254e-05	0.00014304597519040346	0.00010688642877634924	0.00015143225137272267	0.00013445853602648674	0.00010799545010934721	0.00010583617056795949
4:Del:R:3	5.389478766795229e-08	6.174418529703285e-08	2.5452975627524617e-07	8.578430814413818e-08	2.63700646972492e-08	7.717615899061805e-08	1.0841620933943272e-07	1.6565455473328548e-07	1.1591026770452109e-08	1.7368338916213303e-07	1.532779353495967e-07	1.628094928861368e-07	3.3109121262561855e-08	9.095727169977172e-08
4:Del:R:4	5.389478766795229e-08	6.174418529703285e-08	2.5452975627524617e-07	8.578430814413818e-08	2.63700646972492e-08	7.717615899061805e-08	1.0841620933943272e-07	1.6565455473328548e-07	1.1591026770452109e-08	1.7368338916213303e-07	1.532779353495967e-07	1.628094928861368e-07	3.3109121262561855e-08	9.095727169977172e-08
4:Del:R:5	5.389478766795229e-08	6.174418529703285e-08	2.5452975627524617e-07	8.578430814413818e-08	2.63700646972492e-08	7.717615899061805e-08	1.0841620933943272e-07	1.6565455473328548e-07	1.1591026770452109e-08	1.7368338916213303e-07	1.532779353495967e-07	1.628094928861368e-07	3.3109121262561855e-08	9.095727169977172e-08
5:Del:R:0	0.007062338584455361	0.012137097058708754	0.007449414034624817	0.009242455148018653	0.008667894193489192	0.03828905384024964	0.012434110462619859	0.010528817824217782	0.008981266202211572	0.023180256382678472	0.030823975503070804	0.025859089543761465	0.012390037484946673	0.015418505879457055
5:Del:R:1	1.6307947249552937e-05	2.5215010800690547e-05	1.0850638926710912e-05	9.18093450262727e-06	1.7152642038841008e-05	0.00042193286663291026	2.560930935640746e-05	2.488645021903385e-05	3.501303850658339e-05	4.474299991402415e-05	5.06100649943583e-05	0.00012678805914544827	2.5119877838012714e-05	9.882098839718722e-05
5:Del:R:2	5.389478766795229e-08	6.174418529703285e-08	2.5452975627524617e-07	8.578430814413818e-08	2.63700646972492e-08	7.717615899061805e-08	1.0841620933943272e-07	1.6565455473328548e-07	1.1591026770452109e-08	1.7368338916213303e-07	1.532779353495967e-07	1.628094928861368e-07	3.3109121262561855e-08	9.095727169977172e-08
5:Del:R:3	5.389478766795229e-08	6.174418529703285e-08	2.5452975627524617e-07	8.578430814413818e-08	2.63700646972492e-08	7.717615899061805e-08	1.0841620933943272e-07	1.6565455473328548e-07	1.1591026770452109e-08	1.7368338916213303e-07	1.532779353495967e-07	1.628094928861368e-07	3.3109121262561855e-08	9.095727169977172e-08
5:Del:R:4	5.389478766795229e-08	6.174418529703285e-08	2.5452975627524617e-07	8.578430814413818e-08	2.63700646972492e-08	7.717615899061805e-08	1.0841620933943272e-07	1.6565455473328548e-07	1.1591026770452109e-08	1.7368338916213303e-07	1.532779353495967e-07	1.628094928861368e-07	3.3109121262561855e-08	9.095727169977172e-08
5:Del:R:5	5.389478766795229e-08	6.174418529703285e-08	2.5452975627524617e-07	8.578430814413818e-08	2.63700646972492e-08	7.717615899061805e-08	1.0841620933943272e-07	1.6565455473328548e-07	1.1591026770452109e-08	1.7368338916213303e-07	1.532779353495967e-07	1.628094928861368e-07	3.3109121262561855e-08	9.095727169977172e-08
2:Ins:R:0	0.003209123951042309	0.004394947068381054	0.007150583600252494	0.0049720533889488295	0.003718484023495008	0.015362982643171843	0.0056532439964137185	0.005027311329770538	0.004269854007676517	0.011679090880583208	0.014434063067748132	0.014488936229245367	0.00483908670838878	0.00778051770677633
2:Ins:R:1	0.00148641268670304	0.0020959625256625957	0.00234162106903623	0.0015675264647308901	0.001715567101049907	0.005716737316280285	0.002525986687377709	0.0022608984536640194	0.001988705194782449	0.005582979816064183	0.005798986475011966	0.006903297363661615	0.0020101898811337956	0.0036218404618295103
2:Ins:R:2	0.0007688911326499694	0.0008472389672281454	0.0013580334440529461	0.0011194970965414006	0.001163921201303322	0.0024698896674514325	0.0012822137769637227	0.0014099009087293298	0.0018415326570758567	0.001943512069497447	0.002081853214390719	0.0033107283727280656	0.0015106283752498696	0.002164392315651253
2:Ins:R:3	0.00034507584185137867	0.0004098271531054377	0.00030437024970528037	0.0003633639132055668	0.0004064712840166618	0.0020375139681072375	0.0004712253413682922	0.00038460421463680473	0.0005322298271380799	0.000910365964865039	0.0008680953454063613	0.001332623772917024	0.0003843732067236884	0.0008442251786924639
2:Ins:R:4	0.0005869281290628152	0.0006684029582045202	0.0011783611901202897	0.0007581603306936795	0.0008631794425682831	0.0018977656273740063	0.0009436814829513695	0.0010929959662583253	0.0008647238145550213	0.0015026218103847348	0.0018053220160946673	0.002665225588616507	0.0007999381867446568	0.0017933509656015976
2:Ins:R:5	0.025894691635634782	0.01859410986066357	0.024447538965981196	0.027941921029551755	0.028219874207183537	0.04668997704431039	0.02400053149148781	0.02205825543852019	0.03310388798625982	0.05673443169058527	0.05015906541776574	0.06482253595668615	0.02482812001820257	0.037921747157625765
3:Ins:R:0	0.0007692969896048714	0.0010639997754620567	0.0012024903697895465	0.0014326412159318949	0.001357981809611029	0.0009690600977044784	0.0014364453887092826	0.0011362478955985354	0.0013364802547213579	0.002986882302899456	0.0022046763893394166	0.002665338242085436	0.0014338070688419808	0.0015760648059596498
3:Ins:R:1	0.0010893732444190694	0.0016766894181784004	0.0012333565564777525	0.0017614753275773287	0.0014648987081617377	0.003798070794740787	0.0020552282535260193	0.001759962378589731	0.0021581513787781157	0.0033147738379433168	0.003949243275973307	0.003612984276902437	0.001965030503296826	0.002526400821373623
3:Ins:R:2	0.0001448334522340815	0.0002457893429597546	0.0001732930459967626	0.0002623089020243856	0.0001947107037974352	0.0007086258902990749	0.00034051566358185586	0.00019448792323839898	0.00020653827360681297	0.00045139392292292924	0.0007495016248913052	0.0003873279681969595	0.0002699627251151112	0.00023568414642732627
3:Ins:R:3	5.389478766795229e-08	6.174418529703285e-08	2.5452975627524617e-07	8.578430814413818e-08	2.63700646972492e-08	7.717615899061805e-08	1.0841620933943272e-07	1.6565455473328548e-07	1.1591026770452109e-08	1.7368338916213303e-07	1.532779353495967e-07	1.628094928861368e-07	3.3109121262561855e-08	9.095727169977172e-08
3:Ins:R:4	1.3452590605317203e-05	6.717150648269857e-05	1.1512612298153934e-05	2.78762621654603e-05	2.0957436564193144e-05	2.6840331953259992e-05	7.253692611542127e-05	2.4898557044678364e-05	1.603873353584496e-05	4.1627626804183765e-05	0.00012579751917497062	6.0891233080846424e-06	4.877032152081494e-05	2.2623739770719624e-05
3:Ins:R:5	0.0003011720013111777	0.00046326681952281836	0.0002871793454426125	0.00038360397699342507	0.00026805216456946956	0.0010145828679569932	0.0005418640157721324	0.000393054265366776	0.00038655727466017264	0.0009112095895292312	0.0010834809165605397	0.0006938011253059151	0.0004480818662197974	0.0005352581815416082
4:Ins:R:0	0.000733640601396414	0.0007201974485209375	0.001033586153202738	0.0008154096597688817	0.0008730274925049289	0.0036411710341747055	0.0010035523522901962	0.0010131255921022298	0.0011338029385588697	0.002552899999997652	0.0020424801804245166	0.004590325987045753	0.0008060679473521346	0.002142727428366647
4:Ins:R:1	0.001804246504714964	0.0021868633980415787	0.0015561442055770326	0.001611936942030464	0.002134011655025409	0.00631863135793292	0.002507806612169776	0.001822914832137858	0.0036005102104580827	0.00446999634366084	0.004040182695052319	0.005320233547856511	0.0024299964689321156	0.003745873242385132
4:Ins:R:2	0.00010995643264373462	8.962865801590753e-05	0.00010047133622775559	0.00011106865672618107	9.984009352292778e-05	0.00015879851766202523	0.000136399163978007	8.5408273120664e-05	0.00014905942580384753	0.00030779042895799044	0.00023448296691153692	0.00035116116473297944	0.00013322311228251653	0.0002342841951149524
4:Ins:R:3	5.389478766795229e-08	6.174418529703285e-08	2.5452975627524617e-07	8.578430814413818e-08	2.63700646972492e-08	7.717615899061805e-08	1.0841620933943272e-07	1.6565455473328548e-07	1.1591026770452109e-08	1.7368338916213303e-07	1.532779353495967e-07	1.628094928861368e-07	3.3109121262561855e-08	9.095727169977172e-08
4:Ins:R:4	6.187019283932004e-05	8.342980380070852e-05	0.00018389466626865875	6.50081138127483e-05	7.17261752505102e-05	0.00022606835433361516	0.0001287057807539951	0.00011779544959025773	4.504079783304759e-05	0.0004887762118361014	0.0006699771083262156	0.0003431161215238181	9.023180787608409e-05	0.000135308546579403
4:Ins:R:5	0.00017592004321932483	0.00024554169893363883	0.00020588501926067546	0.0002105365964959524	0.00023583566891984095	0.001099712207818935	0.0003119905672248422	0.0002382941612691849	0.0003001331153242485	0.00047374160397179154	0.00046189343678057227	0.0008611597475241577	0.0002510713683145871	0.0005765250155376604
5:Ins:R:0	0.0011536117064068323	0.0017332302917281764	0.0015302174524738693	0.001510441443337425	0.001351503983371357	0.010460959607834802	0.002147559091235043	0.0017608920977899196	0.0017805165533527738	0.0038643318781102715	0.005011356069679528	0.006165076104540247	0.0019789320600295405	0.004025259334642387
5:Ins:R:1	0.001963295863280552	0.002947171984686155	0.0028964035020544224	0.0022389589566549142	0.001948502143758477	0.016115614210136492	0.0035177811427810515	0.002505477985766089	0.0022459752777498226	0.008880543195867039	0.01202085408545717	0.009638925960569113	0.0032040370711950996	0.004877207294917259
5:Ins:R:2	5.220643339096471e-05	9.56397007230545e-05	0.00010558097327373296	6.576247703566318e-05	2.9847626807232915e-05	8.27856867621794e-05	9.636822995722333e-05	7.485396275585207e-05	2.8541599368865147e-05	0.0002602836802552331	0.00031203795929809786	0.00016819920294158553	9.493780656915023e-05	9.098005534940139e-05
5:Ins:R:3	2.4668033640749537e-05	3.6588714510065916e-05	5.014759153947427e-05	2.5826589686663916e-05	2.7157987618981196e-05	3.698787239904984e-05	6.04148715978791e-05	3.69280006261442e-05	2.262413114623802e-05	0.0001051717047751163	0.00018457900096815116	5.6932746670231635e-05	3.460472385175989e-05	3.42039469282783e-05
5:Ins:R:4	2.750405628747339e-05	3.813409418554832e-05	1.8600122647904522e-05	2.6660443899735257e-05	2.1801366307159234e-05	0.0009682276888010087	6.907061160194769e-05	1.3347158895205664e-05	4.2295022506001797e-05	5.966457105453207e-05	0.00011411587183037516	0.00016397400284142943	4.238796728393294e-05	9.075006869794041e-05
5:Ins:R:5	2.750088296654057e-05	3.3952907440606784e-05	2.838453543202442e-05	5.58777468054952e-05	2.2620997836132007e-05	5.51428661676232e-05	4.8197164990729784e-05	3.36455179394817e-05	3.2450109955376465e-05	0.00011523591393978296	0.00010997160607419972	9.774324192016717e-05	5.477738831418351e-05	5.723347048733499e-05
2:Del:M:1	0.002359123130918212	0.004199747627709701	0.004544862932995247	0.0038481233607093783	0.0034530587282303104	0.016178462308464193	0.004744026845713288	0.004205332200974071	0.0036176381343767023	0.009580517309891543	0.012685631776592345	0.012683309358319567	0.004089128299639727	0.006410655164601854
3:Del:M:1	0.00905941492907533	0.010331036309776866	0.019631935640340326	0.010823368876682796	0.009464997133461871	0.008412234961525386	0.01236303225921942	0.015647552822875478	0.009158091063332699	0.016286452452000316	0.016239477579392626	0.019883812926269763	0.00946588621748177	0.015062758007541054
3:Del:M:2	0.0018588490628155979	0.003288519434618383	0.005067748291921419	0.002884872168321535	0.0025427298793589187	0.001810095672749339	0.0033989765707844836	0.0035771888054045024	0.0028521978823796024	0.005004796874553882	0.006205380315087338	0.005035396219779296	0.0029530274182203364	0.003935998683210689
4:Del:M:1	0.0017337205141632387	0.004059383245676967	0.001990714632896329	0.00294675710318178	0.0020435981862884584	0.0020124329630099727	0.00488896591741503	0.002512248981948317	0.0018389989780957113	0.005466916961742594	0.008389355153452847	0.003998946242986478	0.003415579139477886	0.002746810018313988
4:Del:M:2	0.0019907172118675343	0.00251446769034285	0.0033660971451939825	0.0027057820467074048	0.0018544227030855417	0.0038793242266443066	0.0033177008625756496	0.0027340424379746126	0.002564073179192712	0.005036279791027552	0.006108088502971919	0.004184188582177546	0.0025330947528037304	0.003247994057818048
4:Del:M:3	0.00034343612872006707	0.0005629003724430948	0.00041889028189700487	0.00041351387240689776	0.00040956705411002945	0.0009488598354054083	0.0005737548065195879	0.0004638160531955069	0.00047405616650417193	0.0008329488816132248	0.0012588744429239923	0.0008250462255685313	0.0005668194097651294	0.0006816202687539235
5:Del:M:1	0.004069288582692475	0.007103590604609143	0.005115338730154325	0.005671714851460552	0.005415711197610861	0.021522868077728723	0.006913203915121599	0.006236921320742456	0.005885531362540519	0.0153576351417413	0.020024285562176898	0.017429084082949565	0.007475544331504889	0.009859047830975786
5:Del:M:2	0.0015489631723934777	0.0023114636204060244	0.0023500095820653878	0.002205524456361218	0.0022027065110091044	0.005168488202463183	0.0029162897039190097	0.0025649652765689433	0.0024217847607931847	0.0067001898557375655	0.006708046897680157	0.0072034218675247	0.0028476572804933004	0.00381143958164392
5:Del:M:3	0.0007090964763034837	0.0009981125399480672	0.000907518144152176	0.0009932292147839614	0.0009646849726365794	0.0009976763224964294	0.0011649836777526974	0.0009232902783512572	0.0010842641934231771	0.0024791333147848984	0.0024948575746247	0.0024187704294558964	0.001173067714654079	0.0014891257149112556
5:Del:M:4	0.00016249428198313588	0.000278122773146936	0.00019251798019544802	0.00027795833147297567	0.00025569075262877326	0.00023867731301488394	0.00021474263571585623	0.00019516817293971202	0.0002071229681558816	0.0004740115129938154	0.00048068784777116126	0.0005756957400786906	0.0002527115115180534	0.00037581846219221314
5:Del:M:5	0.00019732548767266276	0.0002995767665291438	0.0002161329771453161	0.00025994605009487215	0.0002272202855820936	0.00017519771642328938	0.00030541254680388887	0.00021471753307658747	0.00020496304090816331	0.0004555626450474728	0.0007253574336051538	0.0003249449776953366	0.0002938987953709693	0.0003093203618674688
