Iteration	L1	L1 %	L2	L2 %	KL Divergence
1	67.679	6.07	17.618	2.687	0.021
2	67.89	6.151	17.596	2.795	0.021
3	67.354	5.975	16.929	2.549	0.022
4	72.789	6.511	19.964	3.005	0.022
5	65.208	5.87	16.152	2.521	0.022
6	62.733	5.678	15.592	2.475	0.021
7	66.449	6.083	16.096	2.604	0.023
8	68.77	6.325	17.723	2.853	0.022
9	65.634	5.796	16.653	2.489	0.021
10	67.025	6.07	17.39	2.707	0.021
11	74.006	6.465	19.554	2.898	0.022
12	69.121	6.078	17.098	2.571	0.021
13	62.713	5.598	15.494	2.382	0.021
14	60.501	5.383	13.821	2.116	0.021
15	68.245	6.12	17.669	2.723	0.021
16	64.106	5.741	15.642	2.397	0.021
17	69.562	6.28	17.703	2.762	0.021
18	67.277	6.034	17.4	2.688	0.02
19	77.549	6.817	21.683	3.222	0.023
20	67.712	6.149	16.788	2.642	0.023
21	62.344	5.587	14.436	2.294	0.022
22	67.67	6.029	17.129	2.639	0.022
23	63.382	5.753	14.939	2.374	0.021
24	65.898	5.931	16.042	2.501	0.021
25	64.546	5.799	16.058	2.491	0.021
26	71.714	6.482	19.009	3.007	0.022
27	67.422	6.057	16.288	2.533	0.022
28	66.405	5.871	16.997	2.573	0.021
29	65.926	5.943	16.729	2.604	0.022
30	68.101	6.053	17.868	2.702	0.021
31	57.341	5.168	13.255	2.088	0.02
32	68.811	6.08	17.414	2.631	0.021
33	62.391	5.588	14.196	2.214	0.021
34	64.712	5.791	15.819	2.43	0.021
35	72.496	6.503	19.881	3.037	0.022
36	70.144	6.24	19.616	2.952	0.02
37	67.953	6.164	18.13	2.836	0.021
38	71.554	6.328	19.076	2.884	0.022
39	69.369	6.188	17.789	2.706	0.022
40	68.969	6.187	17.907	2.771	0.021
41	65.737	5.927	17.219	2.611	0.02
42	66.997	5.998	16.524	2.58	0.021
43	64.525	5.797	15.785	2.462	0.021
44	64.632	5.807	15.738	2.473	0.021
45	65.353	5.821	16.651	2.541	0.021
46	70.222	6.365	17.995	2.792	0.023
47	71.528	6.421	19.416	3.017	0.022
48	66.109	5.882	16.687	2.569	0.02
49	65.474	6.002	16.038	2.567	0.022
50	63.817	5.748	15.879	2.505	0.021
51	67.163	5.939	17.257	2.63	0.02
52	65.207	5.847	15.791	2.456	0.022
53	69.935	6.412	18.648	2.985	0.022
54	66.725	5.981	16.426	2.608	0.021
55	61.798	5.563	14.663	2.318	0.021
56	67.522	6.101	17.288	2.701	0.022
57	69.879	6.292	17.68	2.741	0.023
58	65.894	5.93	17.233	2.641	0.021
59	69.423	6.178	17.525	2.662	0.022
60	65.933	5.892	16.795	2.587	0.022
61	69.754	6.28	17.665	2.744	0.022
62	68.053	6.25	17.902	2.868	0.021
63	66.482	5.894	16.816	2.516	0.021
64	62.641	5.667	15.61	2.443	0.022
65	66.446	5.987	16.83	2.649	0.021
66	64.187	5.795	16.221	2.508	0.021
67	66.878	5.953	16.254	2.498	0.022
68	69.113	6.322	18.337	2.876	0.021
69	65.476	6.005	16.211	2.598	0.022
70	69.541	6.256	17.551	2.723	0.022
71	65.644	5.946	16.361	2.558	0.022
72	67.649	6.027	16.808	2.568	0.022
73	68.22	6.244	17.358	2.789	0.022
74	67.009	6.04	17.684	2.756	0.021
75	69.007	6.244	18.016	2.889	0.021
76	67.958	6.127	17.209	2.695	0.021
77	66.369	6.007	16.971	2.651	0.022
78	62.229	5.558	15.03	2.307	0.021
79	71.534	6.541	18.651	2.999	0.023
80	69.311	6.186	18.183	2.771	0.02
81	72.186	6.452	18.338	2.772	0.023
82	66.261	5.959	16.099	2.509	0.021
83	71.573	6.336	18.387	2.773	0.022
84	63.306	5.721	15.288	2.395	0.022
85	68.889	6.124	17.747	2.702	0.021
86	63.952	5.698	16.565	2.491	0.021
87	69.536	6.248	18.6	2.883	0.022
88	68.895	6.316	17.821	2.948	0.022
89	66.738	6.09	16.255	2.592	0.021
90	68.881	6.141	17.703	2.713	0.021
91	67.924	6.111	16.978	2.639	0.022
92	64.214	5.713	15.652	2.39	0.022
93	65.128	5.756	16.015	2.418	0.021
94	67.041	6.029	17.275	2.648	0.022
95	63.752	5.663	15.764	2.397	0.021
96	69.289	6.393	18.229	2.988	0.022
97	62.428	5.718	14.711	2.346	0.022
98	70.416	6.298	19.134	2.906	0.02
99	63.123	5.68	15.119	2.362	0.022
100	73.569	6.508	19.844	2.989	0.022
101	66.475	6.003	16.736	2.631	0.021
102	65.591	5.951	16.051	2.512	0.022
103	69.511	6.074	18.785	2.769	0.021
104	66.106	5.861	16.701	2.569	0.021
105	66.058	5.915	15.944	2.457	0.022
106	67.672	6.083	17.392	2.671	0.022
107	71.187	6.44	18.052	2.785	0.023
108	64.078	5.792	15.648	2.443	0.021
109	67.623	6.094	16.607	2.588	0.021
110	67.051	6.082	16.986	2.65	0.022
111	69.851	6.227	17.507	2.648	0.022
112	66.258	5.96	15.724	2.46	0.022
113	62.571	5.579	15.069	2.35	0.021
114	69.424	6.264	18.741	2.879	0.021
115	70.559	6.391	19.238	2.998	0.021
116	66.754	6.017	17.145	2.692	0.021
117	63.911	5.681	15.799	2.417	0.021
118	65.104	5.878	15.844	2.487	0.021
119	68.099	6.047	17.101	2.614	0.022
120	70.137	6.466	18.347	2.998	0.021
121	68.595	6.008	18.506	2.707	0.02
122	61.693	5.578	14.56	2.283	0.021
123	64.594	5.901	15.876	2.528	0.022
124	69.247	6.159	17.344	2.667	0.022
125	68.789	6.208	17.887	2.83	0.021
126	65.692	5.906	16.588	2.558	0.021
127	64.18	5.75	15.772	2.435	0.021
128	66.478	6.082	16.769	2.714	0.021
129	67.045	5.992	17.056	2.62	0.021
130	66.739	6.098	17.332	2.767	0.021
131	69.542	6.282	18.246	2.862	0.023
132	69.492	6.132	18.337	2.801	0.02
133	69.628	6.309	18.189	2.877	0.022
134	67.313	6.055	17.705	2.729	0.021
135	68.266	6.147	16.75	2.598	0.022
136	67.602	6.046	17.155	2.609	0.022
137	70.056	6.226	17.238	2.625	0.022
138	68.493	6.138	17.364	2.651	0.022
139	65.937	5.878	16.386	2.516	0.021
140	66.048	5.901	17.188	2.629	0.021
141	69.764	6.194	18.235	2.772	0.021
142	67.149	5.967	16.753	2.558	0.022
143	62.319	5.553	15.485	2.392	0.02
144	66.149	6.074	16.591	2.666	0.022
145	66.549	6.06	16.787	2.672	0.021
146	65.859	5.965	15.95	2.506	0.022
147	67.431	6.029	16.775	2.614	0.022
148	69.186	6.173	17.595	2.702	0.022
149	70.317	6.426	18.166	2.918	0.023
150	61.933	5.66	15.06	2.383	0.021
151	66.205	5.924	16.639	2.522	0.022
152	67.846	6.029	17.097	2.63	0.02
153	66.676	6.08	16.913	2.7	0.021
154	67.607	5.961	17.446	2.643	0.021
155	65.249	5.865	16.021	2.54	0.022
156	72.599	6.393	19.195	2.871	0.022
157	76.147	6.746	20.498	3.124	0.022
158	65.933	5.837	16.356	2.501	0.021
159	67.503	5.966	18.153	2.732	0.02
160	63.979	5.798	15.807	2.454	0.022
161	69.538	6.278	18.27	2.778	0.022
162	69.794	6.236	18.026	2.74	0.022
163	65.615	5.902	16.637	2.595	0.021
164	65.563	5.888	16.957	2.617	0.022
165	61.376	5.563	14.405	2.277	0.021
166	67.143	5.979	17.529	2.711	0.02
167	68.061	5.989	16.963	2.561	0.022
168	67.123	5.997	17.109	2.646	0.021
169	69.626	6.263	17.23	2.709	0.022
170	62.798	5.72	14.748	2.374	0.022
171	66.992	5.974	16.854	2.576	0.02
172	65.24	5.873	16.458	2.559	0.021
173	64.665	5.82	16.272	2.541	0.021
174	65.421	5.968	16.17	2.602	0.021
175	63.806	5.676	15.447	2.329	0.021
176	72.897	6.612	19.546	3.139	0.022
177	72.325	6.515	19.285	3.035	0.021
178	69.37	6.114	17.34	2.592	0.021
179	68.72	6.223	17.554	2.843	0.022
180	67.901	6.064	17.569	2.684	0.02
181	71.943	6.384	18.835	2.839	0.023
182	64.216	5.733	15.507	2.342	0.022
183	71.815	6.421	18.467	2.798	0.023
184	69.243	6.165	18.042	2.761	0.021
185	68.14	6.081	17.29	2.659	0.021
186	64.403	5.888	14.823	2.442	0.022
187	66.81	6.153	16.751	2.706	0.022
188	62.869	5.64	15.206	2.387	0.021
189	65.324	5.901	15.801	2.484	0.021
190	65.509	5.894	16.571	2.555	0.021
191	65.767	5.921	16.205	2.503	0.022
192	63.938	5.818	15.464	2.473	0.022
193	64.155	5.729	15.525	2.38	0.021
194	72.084	6.561	18.655	2.92	0.023
195	64.986	5.868	16.543	2.609	0.021
196	63.07	5.697	15.411	2.417	0.021
197	65.634	5.886	16.495	2.573	0.021
198	69.859	6.34	17.946	2.818	0.022
199	62.082	5.566	15.16	2.335	0.02
200	64.723	5.78	15.976	2.457	0.021
201	66.401	5.993	17.178	2.696	0.02
202	70.416	6.302	18.051	2.785	0.022
203	63.343	5.731	16.242	2.545	0.02
204	73.92	6.662	20.879	3.227	0.021
205	62.206	5.559	14.69	2.246	0.021
206	66.032	5.904	16.412	2.511	0.022
207	65.417	5.97	16.781	2.668	0.021
208	66.458	5.955	16.669	2.526	0.022
209	67.688	6.096	17.266	2.668	0.022
210	68.075	6.099	16.97	2.627	0.022
211	67.038	6.039	17.316	2.668	0.021
212	63.167	5.646	14.89	2.326	0.021
213	69.919	6.297	18.904	2.89	0.021
214	66.655	6.088	16.92	2.666	0.021
215	66.614	5.965	16.747	2.586	0.022
216	68.862	6.178	17.591	2.764	0.022
217	68.821	6.145	18.087	2.768	0.02
218	69.349	6.339	18.615	2.969	0.022
219	62.939	5.66	15.165	2.357	0.021
220	65.071	5.898	15.438	2.452	0.022
221	62.071	5.662	14.501	2.37	0.021
222	66.419	6.027	17.015	2.705	0.022
223	63.984	5.702	15.311	2.329	0.021
224	70.659	6.291	19.417	2.978	0.021
225	70.245	6.377	18.107	2.844	0.023
226	65.569	5.978	16.341	2.64	0.022
227	64.691	5.928	15.492	2.48	0.022
228	68.139	6.124	17.387	2.72	0.021
229	62.707	5.636	15.892	2.456	0.021
230	62.958	5.8	15.107	2.481	0.022
231	69.513	6.171	17.471	2.663	0.022
232	65.494	5.98	16.826	2.655	0.021
233	64.124	5.79	16.246	2.529	0.02
234	62.713	5.67	15.633	2.488	0.02
235	69.528	6.17	18.246	2.747	0.022
236	65.886	5.916	15.696	2.443	0.022
237	66.42	5.952	16.641	2.555	0.022
238	71.579	6.478	18.454	2.877	0.022
239	66.268	6.074	17.252	2.774	0.021
240	68.329	6.137	18.572	2.857	0.022
241	67.224	6.141	17.88	2.853	0.021
242	64.926	5.799	16.899	2.588	0.021
243	67.728	6.032	16.861	2.583	0.022
244	61.478	5.618	14.965	2.359	0.021
245	64.985	5.861	16.249	2.512	0.021
246	70.601	6.26	18.307	2.757	0.022
247	70.227	6.186	18.33	2.763	0.021
248	71.276	6.436	19.082	3.001	0.021
249	65.792	5.915	16.341	2.508	0.021
250	73.052	6.534	19.264	2.985	0.023
251	66.977	5.969	17.183	2.6	0.021
252	67.708	6.133	16.535	2.593	0.022
253	60.279	5.363	14.305	2.215	0.02
254	64.91	5.821	16.246	2.508	0.021
255	65.164	5.84	16.619	2.548	0.02
256	68.03	6.141	17.685	2.711	0.022
257	66.429	6.012	16.56	2.63	0.021
258	67.458	6.014	17.092	2.595	0.021
259	65.02	5.861	16.556	2.544	0.021
260	67.391	6.065	17.371	2.7	0.022
261	66.17	6.056	17.193	2.803	0.021
262	65.063	5.844	16.386	2.525	0.022
263	62.678	5.531	15.471	2.334	0.02
264	61.997	5.582	14.03	2.182	0.022
265	67.075	6.058	17.791	2.757	0.021
266	67.221	5.953	16.77	2.557	0.021
267	69.063	6.21	18.026	2.737	0.022
268	66.673	5.956	16.458	2.537	0.021
269	64.221	5.8	15.245	2.484	0.022
270	62.516	5.642	14.582	2.29	0.021
271	70.299	6.307	18.337	2.897	0.021
272	69.418	6.103	18.209	2.738	0.021
273	66.631	6.102	17.415	2.778	0.022
274	65.384	5.893	16.408	2.518	0.021
275	64.294	5.911	16.387	2.645	0.021
276	70.183	6.279	17.711	2.749	0.022
277	62.408	5.693	15.239	2.407	0.021
278	70.432	6.235	19.165	2.886	0.021
279	67.748	6.11	16.577	2.579	0.022
280	66.788	5.929	16.506	2.508	0.022
281	64.503	5.753	15.592	2.403	0.022
282	61.949	5.521	14.971	2.287	0.02
283	67.302	6.141	17.658	2.778	0.021
284	61.304	5.58	14.625	2.348	0.021
285	64.946	5.894	15.651	2.539	0.021
286	69.588	6.168	18.041	2.799	0.021
287	68.335	6.184	17.758	2.815	0.022
288	70.802	6.38	18.389	2.89	0.021
289	71.448	6.484	19.434	3.044	0.022
290	67.788	6.09	17.486	2.754	0.021
291	69.849	6.42	18.704	2.984	0.023
292	67.482	6.131	17.448	2.786	0.022
293	73.384	6.545	20.764	3.156	0.021
294	77.108	6.776	21.671	3.237	0.022
295	64.689	5.788	16.451	2.548	0.02
296	72.761	6.501	19.766	3.036	0.021
297	64.732	5.98	15.858	2.593	0.022
298	65.903	5.916	16.122	2.492	0.022
299	61.912	5.566	14.954	2.337	0.021
300	61.203	5.507	13.906	2.184	0.021
301	65.888	5.914	16.735	2.579	0.021
302	66.181	6.082	16.021	2.696	0.021
303	62.668	5.697	15.021	2.428	0.022
304	68.579	6.158	17.772	2.735	0.021
305	65.888	5.872	17.149	2.616	0.02
306	61.961	5.479	14.579	2.202	0.021
307	62.82	5.547	15.241	2.334	0.02
308	65.133	5.865	16.462	2.54	0.021
309	64.55	5.668	15.712	2.412	0.02
310	68.267	6.098	17.305	2.665	0.021
311	67.586	6.166	17.079	2.728	0.023
312	65.039	5.903	15.93	2.482	0.022
313	66.483	6.052	16.64	2.611	0.021
314	69.855	6.174	17.729	2.682	0.022
315	60.033	5.321	13.904	2.123	0.021
316	67.848	6.124	16.392	2.553	0.023
317	72.013	6.534	19.276	3.032	0.022
318	60.282	5.438	14.092	2.194	0.021
319	69.981	6.244	17.929	2.7	0.022
320	70.974	6.434	19.655	3.107	0.021
321	68.442	6.162	17.245	2.692	0.021
322	64.819	5.786	15.93	2.447	0.021
323	63.764	5.687	15.307	2.342	0.021
324	70.1	6.307	18.414	2.861	0.022
325	67.062	6.018	17.24	2.654	0.022
326	65.092	5.977	16.163	2.627	0.022
327	67.162	6.052	16.647	2.603	0.022
328	70.165	6.281	18.145	2.814	0.022
329	68.082	6.078	17.115	2.637	0.021
330	69.598	6.215	18.406	2.825	0.021
331	60.643	5.532	14.084	2.225	0.022
332	66.183	5.883	17.146	2.637	0.02
333	67.948	6.237	17.942	2.876	0.022
334	65.471	5.863	16.25	2.509	0.02
335	67.467	6.174	17.455	2.843	0.021
336	66.773	5.999	16.752	2.609	0.021
337	64.33	5.842	15.941	2.595	0.021
338	70.071	6.274	18.529	2.884	0.022
339	65.769	5.898	16.738	2.636	0.02
340	59.38	5.464	13.609	2.198	0.021
341	68.34	6.169	17.443	2.799	0.021
342	65.353	5.84	15.317	2.37	0.022
343	68.752	6.238	18.195	2.856	0.021
344	62.581	5.695	15.602	2.46	0.021
345	69.445	6.198	17.491	2.717	0.021
346	72.096	6.459	19.524	3.012	0.021
347	66.913	5.964	16.854	2.52	0.022
348	68.938	6.23	18.016	2.734	0.022
349	71.216	6.386	19.552	3.012	0.021
350	71.717	6.469	19.172	2.942	0.022
351	68.259	6.176	18.044	2.833	0.02
352	62.744	5.579	15.057	2.302	0.021
353	67.852	6.131	17.705	2.771	0.021
354	66.495	6.065	16.571	2.636	0.022
355	66.455	5.835	16.44	2.439	0.021
356	68.198	6.136	17.554	2.717	0.022
357	65.889	5.963	16.609	2.569	0.021
358	67.989	6.159	17.146	2.702	0.022
359	68.226	6.124	17.837	2.729	0.02
360	69.202	6.244	18.385	2.793	0.021
361	60.909	5.457	14.237	2.22	0.021
362	69.585	6.254	18.681	2.892	0.021
363	61.55	5.492	14.072	2.174	0.021
364	69.565	6.289	18.795	2.914	0.021
365	72.707	6.44	19.753	3.006	0.021
366	63.548	5.738	15.556	2.451	0.021
367	64.778	5.872	15.827	2.476	0.022
368	61.167	5.464	14.619	2.274	0.02
369	67.409	6.103	17.151	2.707	0.023
370	65.856	5.954	15.996	2.491	0.022
371	69.371	6.142	17.232	2.605	0.022
372	71.236	6.374	18.985	2.956	0.022
373	64.701	5.797	15.405	2.406	0.021
374	69.143	6.127	17.949	2.756	0.021
375	62.93	5.658	15.341	2.416	0.021
376	67.413	6.145	17.475	2.799	0.021
377	68.093	6.113	18.012	2.824	0.02
378	62.016	5.517	14.616	2.241	0.021
379	65.764	5.887	16.19	2.471	0.022
380	60.55	5.537	14.111	2.242	0.022
381	66.123	6.092	16.803	2.681	0.021
382	62.937	5.673	14.911	2.347	0.021
383	65.577	6.021	16.347	2.635	0.022
384	68.132	6.241	17.564	2.789	0.022
385	66.966	5.981	16.74	2.573	0.021
386	65.37	5.88	16.057	2.54	0.021
387	69.79	6.22	17.639	2.719	0.023
388	67.671	6.08	17.242	2.696	0.021
389	62.04	5.507	14.659	2.261	0.021
390	65.694	5.944	15.865	2.521	0.023
391	67.712	6.073	16.806	2.616	0.021
392	66.312	5.978	16.986	2.666	0.02
393	66.073	5.942	16.684	2.599	0.021
394	67.677	6.077	17.612	2.717	0.021
395	66.36	6.0	16.796	2.644	0.021
396	67.925	5.994	17.494	2.612	0.021
397	67.464	6.039	17.304	2.637	0.022
398	64.692	5.741	16.151	2.482	0.02
399	66.789	5.987	16.678	2.59	0.021
400	69.015	6.039	17.024	2.579	0.021
401	64.084	5.834	16.003	2.537	0.022
402	65.87	5.869	16.62	2.55	0.021
403	66.378	5.935	16.505	2.58	0.021
404	64.257	5.828	15.782	2.499	0.022
405	62.856	5.578	15.736	2.417	0.02
406	65.255	5.854	15.984	2.47	0.021
407	66.808	5.937	16.831	2.54	0.021
408	67.021	5.973	17.334	2.684	0.02
409	71.209	6.498	19.546	3.089	0.021
410	66.956	6.061	16.96	2.658	0.022
411	64.573	5.829	16.446	2.593	0.02
412	66.056	5.974	16.519	2.613	0.021
413	68.345	6.23	18.23	2.89	0.021
414	66.148	6.012	15.847	2.491	0.022
415	68.178	6.135	17.599	2.729	0.022
416	68.496	6.209	17.282	2.749	0.023
417	67.546	6.054	17.348	2.648	0.022
418	61.964	5.57	14.986	2.328	0.021
419	62.146	5.579	14.311	2.242	0.021
420	64.816	5.78	16.148	2.482	0.02
421	63.439	5.782	15.446	2.495	0.021
422	62.565	5.641	14.967	2.351	0.021
423	68.124	6.28	17.723	2.95	0.021
424	72.568	6.422	19.0	2.893	0.022
425	64.166	5.82	15.471	2.442	0.022
426	65.667	5.846	16.363	2.516	0.02
427	70.996	6.341	18.576	2.848	0.021
428	69.387	6.25	17.741	2.753	0.022
429	67.631	6.1	17.606	2.757	0.022
430	66.251	5.978	16.503	2.573	0.022
431	68.202	6.233	16.852	2.684	0.023
432	66.713	6.034	16.877	2.664	0.021
433	64.108	5.704	15.472	2.346	0.021
434	68.766	6.256	18.267	2.88	0.02
435	68.805	6.166	17.305	2.676	0.021
436	65.175	5.88	16.451	2.556	0.021
437	66.274	6.024	16.414	2.593	0.022
438	65.838	5.863	16.199	2.475	0.021
439	62.141	5.65	15.137	2.428	0.022
440	74.973	6.653	20.26	3.081	0.022
441	70.024	6.216	17.943	2.699	0.021
442	68.42	6.103	17.214	2.618	0.021
443	68.214	6.072	17.778	2.732	0.021
444	65.653	5.827	16.723	2.517	0.022
445	63.52	5.768	15.685	2.467	0.022
446	65.242	5.903	15.926	2.534	0.022
447	66.082	6.016	16.371	2.581	0.022
448	67.745	6.0	17.568	2.636	0.022
449	66.17	5.938	16.667	2.554	0.021
450	67.852	6.034	17.785	2.676	0.022
451	70.184	6.398	18.601	2.938	0.022
452	69.296	6.101	17.916	2.684	0.022
453	72.993	6.601	20.206	3.171	0.022
454	69.015	6.143	17.508	2.665	0.022
455	69.835	6.257	18.141	2.775	0.021
456	63.109	5.646	15.074	2.334	0.021
457	63.975	5.792	15.475	2.433	0.022
458	69.022	6.077	17.537	2.645	0.021
459	67.128	5.965	17.365	2.63	0.021
460	70.077	6.264	18.407	2.762	0.022
461	65.223	5.782	15.87	2.45	0.021
462	69.307	6.117	17.993	2.68	0.021
463	69.864	6.368	18.459	2.949	0.022
464	66.383	5.9	16.401	2.46	0.022
465	65.768	5.892	16.19	2.508	0.022
466	62.659	5.626	15.347	2.365	0.021
467	66.693	5.987	16.783	2.609	0.022
468	69.938	6.324	17.774	2.801	0.022
469	69.029	6.273	18.196	2.868	0.022
470	67.943	6.111	17.195	2.71	0.021
471	63.388	5.692	15.432	2.401	0.022
472	63.083	5.669	15.228	2.378	0.021
473	67.254	6.11	16.318	2.608	0.021
474	63.139	5.688	15.687	2.44	0.021
475	65.876	5.897	16.235	2.497	0.022
476	70.309	6.335	18.842	2.925	0.021
477	64.954	5.784	15.856	2.391	0.021
478	66.935	5.981	17.308	2.67	0.021
479	63.69	5.78	15.946	2.505	0.02
480	64.131	5.716	15.62	2.373	0.022
481	65.747	5.929	16.461	2.558	0.021
482	69.078	6.297	18.919	3.008	0.021
483	68.31	6.085	17.626	2.757	0.021
484	62.647	5.621	14.724	2.332	0.022
485	63.679	5.761	15.369	2.464	0.021
486	73.442	6.616	20.15	3.121	0.021
487	70.913	6.53	19.668	3.165	0.022
488	64.679	5.793	15.708	2.484	0.021
489	68.99	6.216	17.748	2.728	0.021
490	68.313	6.215	17.345	2.756	0.022
491	67.913	6.196	17.224	2.728	0.022
492	59.773	5.39	13.184	2.121	0.022
493	62.725	5.597	15.356	2.363	0.021
494	75.491	6.791	21.501	3.354	0.022
495	62.465	5.648	14.924	2.332	0.021
496	65.042	5.888	16.347	2.635	0.021
497	65.614	5.763	15.657	2.348	0.021
498	65.482	5.877	16.481	2.562	0.02
499	64.777	5.749	15.893	2.419	0.021
500	64.969	5.841	15.333	2.371	0.021
501	68.257	6.091	17.037	2.601	0.022
502	67.646	6.093	17.352	2.694	0.021
503	66.526	5.993	17.007	2.659	0.021
504	63.702	5.698	15.882	2.426	0.02
505	66.617	6.004	16.281	2.532	0.022
506	67.781	6.051	17.398	2.682	0.021
507	64.527	5.836	15.591	2.462	0.021
508	69.877	6.218	17.949	2.753	0.021
509	65.768	5.858	16.411	2.521	0.021
510	66.938	6.08	16.92	2.738	0.021
511	64.366	5.807	16.329	2.544	0.021
512	62.553	5.682	14.541	2.33	0.021
513	69.536	6.266	18.06	2.814	0.021
514	64.246	5.772	15.89	2.458	0.021
515	67.871	6.029	16.723	2.576	0.022
516	68.818	6.164	17.393	2.649	0.022
517	65.211	5.98	15.933	2.596	0.022
518	63.937	5.722	15.713	2.426	0.021
519	68.032	6.039	17.065	2.612	0.021
520	64.213	5.738	15.927	2.463	0.021
521	67.516	6.086	16.987	2.641	0.022
522	69.502	6.17	18.358	2.79	0.021
523	59.502	5.397	13.76	2.165	0.021
524	69.737	6.296	18.279	2.852	0.021
525	64.44	5.774	15.353	2.375	0.022
526	68.182	6.06	17.305	2.667	0.021
527	65.025	5.742	16.897	2.519	0.019
528	65.95	5.904	16.73	2.582	0.021
529	67.551	5.999	17.219	2.637	0.021
530	64.475	5.76	16.28	2.474	0.021
531	64.034	5.703	15.802	2.425	0.021
532	67.499	6.076	17.779	2.813	0.021
533	70.313	6.294	17.966	2.751	0.022
534	63.341	5.773	15.424	2.419	0.022
535	71.157	6.466	19.194	3.091	0.022
536	61.405	5.491	14.102	2.197	0.021
537	62.454	5.497	14.836	2.222	0.021
538	59.563	5.371	13.326	2.106	0.022
539	69.836	6.306	18.803	2.831	0.021
540	66.536	5.959	17.099	2.667	0.021
541	60.271	5.419	14.039	2.166	0.021
542	60.197	5.43	14.024	2.164	0.021
543	67.114	6.156	17.452	2.819	0.021
544	68.1	6.104	17.835	2.746	0.022
545	62.963	5.625	15.377	2.355	0.02
546	67.06	6.067	17.291	2.711	0.021
547	67.99	6.171	17.464	2.739	0.022
548	67.942	6.245	17.074	2.714	0.023
549	67.374	6.04	17.95	2.76	0.021
550	70.512	6.356	19.509	3.023	0.021
551	67.183	6.017	16.678	2.543	0.022
552	67.553	6.059	17.684	2.688	0.021
553	65.414	5.855	16.484	2.558	0.021
554	68.801	6.32	17.759	2.899	0.022
555	71.481	6.42	19.35	2.954	0.022
556	67.054	5.983	16.493	2.564	0.022
557	63.929	5.62	15.383	2.33	0.02
558	68.117	6.199	18.235	2.949	0.021
559	67.057	5.888	16.769	2.565	0.021
560	70.303	6.313	18.118	2.813	0.022
561	68.503	6.175	17.229	2.703	0.022
562	68.264	6.17	17.067	2.659	0.023
563	65.696	5.971	16.632	2.634	0.021
564	65.18	5.924	16.62	2.591	0.021
565	69.372	6.228	17.72	2.73	0.022
566	65.622	5.826	16.848	2.578	0.02
567	68.538	6.04	17.06	2.569	0.021
568	63.693	5.624	15.325	2.334	0.021
569	74.97	6.689	20.894	3.171	0.022
570	63.819	5.692	15.997	2.491	0.021
571	63.458	5.701	16.054	2.468	0.021
572	62.217	5.519	14.351	2.192	0.021
573	69.681	6.324	18.362	2.867	0.022
574	61.343	5.481	14.219	2.18	0.021
575	63.155	5.756	14.906	2.377	0.022
576	74.144	6.701	19.894	3.161	0.023
577	66.339	6.01	16.664	2.619	0.022
578	66.403	5.956	16.827	2.64	0.02
579	64.6	5.73	15.457	2.448	0.02
580	62.504	5.66	15.103	2.394	0.021
581	65.737	5.888	16.856	2.57	0.021
582	64.841	5.787	15.859	2.466	0.022
583	65.893	5.97	16.829	2.61	0.021
584	66.112	5.998	16.527	2.56	0.023
585	63.502	5.755	15.571	2.437	0.021
586	60.497	5.402	14.313	2.186	0.021
587	65.699	5.969	16.431	2.616	0.021
588	68.011	6.132	17.457	2.758	0.022
589	66.89	6.005	17.858	2.712	0.021
590	63.321	5.718	15.546	2.421	0.021
591	64.695	5.816	16.285	2.639	0.021
592	68.506	6.132	16.924	2.605	0.022
593	64.084	5.675	15.608	2.383	0.02
594	65.047	5.888	15.81	2.477	0.022
595	66.295	5.89	16.639	2.536	0.021
596	63.921	5.765	14.992	2.33	0.022
597	62.546	5.661	15.385	2.414	0.021
598	68.361	6.146	17.039	2.666	0.022
599	64.297	5.739	15.245	2.354	0.022
600	65.524	5.831	15.837	2.395	0.022
601	65.067	5.84	16.581	2.565	0.021
602	66.843	6.027	17.152	2.659	0.022
603	70.215	6.221	17.813	2.707	0.022
604	65.878	5.831	16.29	2.475	0.021
605	63.513	5.653	15.097	2.323	0.021
606	65.335	5.992	16.665	2.738	0.021
607	64.064	5.685	15.443	2.357	0.021
608	64.598	5.842	15.857	2.462	0.021
609	60.209	5.405	14.248	2.187	0.021
610	64.064	5.805	15.783	2.473	0.021
611	66.218	5.936	16.725	2.589	0.021
612	68.635	6.052	18.222	2.714	0.021
613	66.447	5.925	16.692	2.529	0.022
614	69.589	6.285	18.204	2.832	0.021
615	66.853	5.984	17.111	2.64	0.021
616	67.276	6.002	16.868	2.61	0.021
617	62.589	5.581	15.581	2.405	0.02
618	63.503	5.729	15.387	2.419	0.021
619	71.298	6.495	18.984	2.981	0.022
620	65.827	5.895	16.855	2.648	0.021
621	65.437	5.872	16.782	2.643	0.02
622	67.191	6.067	16.499	2.556	0.022
623	61.931	5.485	14.981	2.297	0.02
624	70.386	6.252	19.032	2.891	0.021
625	63.913	5.594	14.87	2.24	0.021
626	64.807	5.859	16.356	2.584	0.021
627	67.802	6.15	17.512	2.769	0.022
628	68.163	6.177	16.848	2.686	0.022
629	62.788	5.562	14.918	2.287	0.02
630	69.487	6.231	18.318	2.803	0.021
631	67.697	6.097	17.584	2.725	0.021
632	70.41	6.338	18.39	2.897	0.022
633	67.21	6.024	16.964	2.624	0.021
634	66.257	5.897	16.543	2.567	0.02
635	64.433	5.785	15.777	2.465	0.021
636	66.083	5.818	16.307	2.432	0.021
637	68.137	6.22	17.369	2.755	0.022
638	63.323	5.646	15.415	2.348	0.02
639	66.988	5.988	17.015	2.632	0.022
640	64.316	5.74	16.626	2.512	0.02
641	64.636	5.875	15.336	2.42	0.023
642	61.953	5.554	14.69	2.277	0.021
643	66.555	6.051	16.483	2.642	0.021
644	70.59	6.369	18.437	2.866	0.021
645	65.076	5.813	15.689	2.4	0.022
646	64.24	5.693	15.576	2.386	0.021
647	64.674	5.797	15.747	2.416	0.022
648	62.889	5.676	15.205	2.396	0.021
649	68.95	6.172	17.283	2.693	0.022
650	65.654	5.957	16.302	2.55	0.023
651	64.857	5.734	15.658	2.371	0.02
652	65.684	5.886	16.611	2.613	0.021
653	64.072	5.639	16.449	2.477	0.02
654	62.128	5.555	15.007	2.34	0.021
655	66.845	5.997	16.651	2.57	0.021
656	67.901	6.092	16.594	2.58	0.022
657	68.189	6.061	17.667	2.67	0.021
658	68.605	6.143	17.385	2.657	0.022
659	68.737	6.183	17.722	2.737	0.021
660	64.121	5.784	15.917	2.48	0.02
661	67.622	6.034	16.657	2.576	0.022
662	67.931	6.078	17.041	2.672	0.021
663	66.084	5.915	17.017	2.627	0.021
664	69.924	6.333	18.611	2.993	0.021
665	71.687	6.444	18.554	2.884	0.022
666	68.552	6.145	17.489	2.71	0.022
667	69.913	6.343	18.139	2.849	0.022
668	71.141	6.349	20.149	3.063	0.021
669	61.052	5.475	14.03	2.16	0.021
670	66.481	5.94	16.667	2.562	0.021
671	63.985	5.78	15.568	2.404	0.021
672	71.396	6.46	19.922	3.115	0.022
673	68.362	6.166	17.17	2.691	0.022
674	62.679	5.637	14.984	2.321	0.021
675	69.193	6.217	17.967	2.724	0.022
676	67.586	6.148	17.023	2.714	0.022
677	66.592	6.012	16.21	2.516	0.023
678	62.974	5.678	15.083	2.386	0.021
679	65.244	5.831	15.847	2.405	0.022
680	69.174	6.339	18.005	2.965	0.021
681	66.107	5.943	16.566	2.584	0.021
682	70.84	6.322	19.101	2.88	0.021
683	62.597	5.632	15.583	2.432	0.021
684	68.526	6.161	17.537	2.689	0.022
685	66.173	5.896	16.354	2.502	0.022
686	71.541	6.43	19.513	2.992	0.022
687	61.639	5.595	14.78	2.354	0.02
688	69.545	6.223	18.159	2.772	0.022
689	69.151	6.233	18.374	2.821	0.021
690	68.027	6.09	16.955	2.6	0.022
691	67.35	6.023	17.071	2.638	0.021
692	66.745	6.151	17.138	2.728	0.021
693	66.12	5.896	16.098	2.496	0.022
694	71.175	6.443	18.694	2.887	0.023
695	63.817	5.709	15.335	2.404	0.021
696	68.553	6.082	17.426	2.653	0.021
697	67.419	6.167	16.686	2.704	0.022
698	66.028	5.906	16.098	2.487	0.021
699	69.13	6.097	17.653	2.654	0.021
700	64.603	5.733	15.824	2.409	0.021
701	70.281	6.31	18.847	2.893	0.021
702	68.172	6.204	17.329	2.829	0.021
703	68.44	6.118	17.364	2.699	0.021
704	61.123	5.568	14.84	2.397	0.02
705	59.358	5.345	13.946	2.157	0.02
706	66.467	5.937	17.132	2.648	0.02
707	66.35	5.925	17.151	2.642	0.021
708	65.822	5.869	16.024	2.445	0.021
709	67.162	6.003	16.729	2.57	0.022
710	73.62	6.556	21.152	3.2	0.021
711	67.426	6.026	16.539	2.577	0.021
712	59.91	5.305	13.832	2.095	0.021
713	65.068	5.949	16.248	2.579	0.022
714	68.153	6.256	17.901	2.905	0.022
715	67.772	6.035	17.604	2.733	0.021
716	62.947	5.699	15.164	2.386	0.022
717	64.836	5.82	16.057	2.496	0.021
718	65.45	5.906	16.682	2.574	0.021
719	66.514	5.945	16.695	2.564	0.021
720	66.431	6.069	17.082	2.71	0.021
721	68.459	6.129	16.586	2.577	0.022
722	67.264	5.899	16.726	2.519	0.021
723	64.109	5.742	15.207	2.354	0.021
724	64.57	5.789	15.581	2.413	0.022
725	70.576	6.552	18.514	3.107	0.022
726	68.222	6.15	18.393	2.794	0.021
727	63.667	5.608	14.905	2.265	0.021
728	66.37	5.882	16.951	2.538	0.021
729	64.733	5.743	15.884	2.458	0.021
730	67.858	6.175	17.449	2.765	0.021
731	67.207	6.089	16.604	2.648	0.022
732	70.954	6.432	18.648	2.927	0.022
733	72.19	6.467	18.731	2.956	0.022
734	67.698	6.073	16.763	2.625	0.022
735	71.26	6.457	18.604	2.922	0.023
736	65.675	5.879	15.664	2.437	0.022
737	62.626	5.679	14.643	2.332	0.022
738	67.909	6.116	17.552	2.702	0.022
739	63.368	5.782	15.002	2.422	0.021
740	68.007	6.167	17.072	2.648	0.022
741	63.202	5.664	14.552	2.271	0.022
742	67.173	6.074	16.895	2.646	0.022
743	65.214	5.871	15.979	2.515	0.021
744	65.188	5.749	16.508	2.473	0.021
745	66.529	5.96	16.874	2.6	0.021
746	72.588	6.545	19.941	3.102	0.021
747	66.203	5.938	16.216	2.528	0.022
748	61.8	5.545	14.349	2.239	0.021
749	65.724	5.975	16.55	2.634	0.021
750	65.678	5.994	16.356	2.543	0.022
751	69.488	6.178	17.869	2.743	0.021
752	67.025	6.16	17.187	2.795	0.022
753	68.922	6.226	18.259	2.825	0.022
754	64.239	5.806	15.832	2.47	0.021
755	68.813	6.239	17.968	2.826	0.022
756	70.682	6.277	17.808	2.706	0.022
757	62.461	5.699	15.506	2.493	0.021
758	72.546	6.583	19.739	3.079	0.022
759	65.389	5.926	16.115	2.506	0.022
760	66.068	5.966	16.789	2.623	0.021
761	67.679	6.133	17.818	2.787	0.021
762	64.519	5.758	15.829	2.435	0.022
763	63.599	5.784	15.484	2.431	0.022
764	69.674	6.216	17.424	2.645	0.022
765	68.675	6.232	17.965	2.888	0.021
766	65.535	5.91	16.33	2.542	0.021
767	66.506	6.035	16.894	2.602	0.021
768	69.346	6.135	18.175	2.741	0.022
769	64.228	5.646	15.42	2.34	0.02
770	62.826	5.739	15.536	2.488	0.021
771	66.753	5.967	16.66	2.544	0.022
772	69.498	6.168	18.741	2.791	0.022
773	69.145	6.259	17.647	2.749	0.022
774	67.165	6.108	17.577	2.807	0.021
775	64.648	5.813	16.755	2.585	0.02
776	66.396	6.028	16.021	2.55	0.022
777	66.697	5.946	16.698	2.545	0.022
778	65.305	5.814	16.196	2.493	0.021
779	62.045	5.58	14.691	2.264	0.022
780	67.292	6.074	16.384	2.587	0.022
781	71.975	6.434	19.955	3.039	0.021
782	69.674	6.336	17.887	2.777	0.022
783	68.949	6.336	17.623	2.862	0.022
784	64.554	5.77	16.375	2.512	0.02
785	69.581	6.384	18.129	2.828	0.023
786	64.04	5.76	15.548	2.425	0.022
787	63.932	5.749	14.63	2.3	0.022
788	65.891	5.906	16.563	2.588	0.021
789	66.9	5.999	17.237	2.718	0.02
790	61.383	5.458	14.378	2.199	0.021
791	61.106	5.545	14.35	2.281	0.021
792	73.58	6.639	19.18	3.026	0.023
793	65.434	5.905	16.246	2.545	0.023
794	70.565	6.248	17.773	2.697	0.021
795	67.656	6.071	17.109	2.677	0.021
796	67.905	6.031	17.344	2.624	0.021
797	62.253	5.552	14.703	2.265	0.021
798	63.551	5.777	16.269	2.545	0.021
799	71.402	6.454	19.482	3.088	0.021
800	72.091	6.613	19.257	3.043	0.023
801	69.86	6.307	18.698	2.935	0.022
802	69.416	6.196	17.997	2.781	0.022
803	69.758	6.329	18.299	2.857	0.022
804	65.82	5.982	16.633	2.625	0.021
805	66.069	5.997	16.394	2.656	0.021
806	69.192	6.244	17.871	2.783	0.022
807	66.381	6.051	17.229	2.671	0.022
808	64.274	5.773	15.423	2.428	0.022
809	64.432	5.749	15.773	2.439	0.021
810	65.125	5.765	16.387	2.451	0.021
811	62.252	5.617	14.916	2.368	0.02
812	64.996	5.799	17.048	2.66	0.02
813	66.213	6.006	16.428	2.618	0.022
814	60.449	5.482	14.231	2.247	0.021
815	70.075	6.269	17.828	2.762	0.022
816	62.888	5.673	15.303	2.391	0.022
817	64.258	5.839	16.144	2.601	0.021
818	67.68	5.986	17.155	2.579	0.021
819	68.948	6.192	17.654	2.739	0.022
820	67.085	6.034	16.519	2.545	0.022
821	64.271	5.727	15.468	2.381	0.021
822	65.976	5.902	16.138	2.447	0.022
823	71.022	6.426	19.388	3.055	0.022
824	67.535	6.124	16.158	2.566	0.022
825	69.2	6.17	17.361	2.647	0.021
826	67.272	6.106	17.02	2.631	0.022
827	67.569	6.157	17.012	2.705	0.022
828	70.886	6.311	17.969	2.755	0.022
829	64.509	5.853	15.882	2.514	0.022
830	69.473	6.195	18.158	2.816	0.022
831	61.352	5.538	14.199	2.226	0.022
832	65.755	5.954	16.078	2.56	0.021
833	65.826	5.953	16.368	2.581	0.022
834	61.019	5.584	14.592	2.329	0.022
835	65.425	5.9	16.189	2.496	0.022
836	69.356	6.25	17.634	2.746	0.022
837	62.983	5.73	15.328	2.412	0.021
838	68.845	6.152	17.148	2.644	0.021
839	70.41	6.376	18.27	2.892	0.023
840	64.702	5.91	15.903	2.56	0.021
841	66.224	5.858	16.783	2.538	0.021
842	66.688	6.02	17.309	2.729	0.02
843	66.607	5.998	16.2	2.53	0.022
844	66.484	5.903	16.679	2.543	0.021
845	66.092	6.043	16.336	2.564	0.022
846	74.232	6.691	20.993	3.243	0.022
847	65.251	5.949	17.041	2.675	0.021
848	66.915	6.056	17.093	2.676	0.021
849	66.703	5.96	16.144	2.53	0.022
850	60.609	5.485	14.478	2.252	0.021
851	63.795	5.708	15.557	2.428	0.021
852	63.932	5.747	15.354	2.427	0.022
853	68.188	6.095	18.104	2.785	0.021
854	59.827	5.358	13.587	2.11	0.021
855	66.736	5.989	17.548	2.676	0.021
856	70.225	6.212	18.29	2.759	0.022
857	67.591	6.146	17.626	2.805	0.022
858	68.439	6.259	16.99	2.739	0.022
859	63.513	5.714	15.855	2.475	0.021
860	71.011	6.364	17.993	2.783	0.022
861	65.877	5.928	16.855	2.624	0.02
862	66.503	6.071	17.148	2.706	0.021
863	58.962	5.218	13.326	2.047	0.021
864	71.294	6.399	19.143	3.024	0.022
865	68.597	6.185	17.591	2.734	0.022
866	65.717	5.919	16.932	2.614	0.021
867	63.473	5.683	15.522	2.394	0.021
868	63.307	5.743	15.098	2.367	0.022
869	69.883	6.28	19.479	3.015	0.021
870	66.843	6.015	16.843	2.605	0.022
871	64.202	5.856	15.929	2.576	0.021
872	62.216	5.531	15.041	2.326	0.02
873	73.794	6.542	20.248	3.051	0.022
874	62.723	5.661	14.96	2.289	0.022
875	70.687	6.318	17.943	2.784	0.023
876	66.0	5.956	17.084	2.664	0.021
877	64.937	5.795	16.037	2.478	0.021
878	69.415	6.171	18.168	2.79	0.021
879	66.487	5.989	16.089	2.516	0.023
880	65.216	5.88	16.5	2.6	0.021
881	71.199	6.331	18.267	2.801	0.021
882	71.819	6.393	19.567	2.956	0.021
883	69.068	6.255	18.611	2.877	0.021
884	63.263	5.633	15.3	2.354	0.021
885	66.743	6.032	16.62	2.6	0.021
886	69.889	6.331	17.879	2.833	0.023
887	68.022	6.115	17.268	2.675	0.022
888	68.243	6.174	16.901	2.689	0.021
889	64.381	5.752	15.819	2.435	0.022
890	69.385	6.32	19.032	2.996	0.021
891	65.346	5.903	15.892	2.481	0.021
892	61.979	5.626	15.187	2.356	0.021
893	70.048	6.149	18.744	2.793	0.021
894	63.437	5.637	15.458	2.385	0.02
895	64.774	5.757	15.273	2.32	0.021
896	70.244	6.348	18.002	2.816	0.023
897	72.002	6.502	19.443	3.037	0.022
898	66.868	6.121	16.672	2.663	0.023
899	68.481	6.076	16.669	2.544	0.022
900	66.944	5.966	16.587	2.537	0.021
901	66.406	6.05	17.006	2.673	0.021
902	64.825	5.817	15.709	2.484	0.021
903	63.727	5.776	15.52	2.442	0.022
904	68.953	6.26	17.736	2.821	0.022
905	71.302	6.581	18.831	3.137	0.022
906	65.853	6.009	15.826	2.571	0.021
907	69.382	6.325	18.305	2.887	0.022
908	63.807	5.69	15.148	2.301	0.022
909	68.603	6.095	17.605	2.673	0.022
910	63.118	5.691	14.836	2.341	0.021
911	69.233	6.207	17.6	2.723	0.022
912	66.39	5.917	17.131	2.635	0.022
913	67.987	5.981	17.278	2.575	0.021
914	71.126	6.505	19.729	3.157	0.022
915	64.202	5.707	15.517	2.329	0.022
916	61.893	5.515	14.501	2.213	0.022
917	66.536	5.913	16.848	2.575	0.021
918	69.989	6.309	18.309	2.85	0.022
919	68.503	6.193	17.274	2.734	0.022
920	68.565	6.056	17.706	2.681	0.02
921	66.817	5.965	16.624	2.577	0.022
922	64.134	5.792	15.96	2.477	0.021
923	64.388	5.768	15.8	2.435	0.022
924	68.836	6.089	17.847	2.694	0.021
925	61.313	5.47	14.834	2.264	0.022
926	65.611	5.942	15.97	2.519	0.021
927	67.175	6.082	17.225	2.668	0.022
928	65.126	5.728	15.928	2.403	0.021
929	71.466	6.359	19.612	2.967	0.021
930	62.742	5.632	14.769	2.271	0.021
931	68.94	6.131	17.201	2.656	0.022
932	61.544	5.552	14.606	2.323	0.02
933	65.43	5.898	16.401	2.579	0.021
934	67.27	6.041	16.377	2.546	0.022
935	68.665	6.25	18.207	2.841	0.022
936	68.631	6.31	17.731	2.842	0.022
937	68.237	5.992	18.079	2.674	0.02
938	63.962	5.679	16.279	2.456	0.021
939	67.811	6.047	17.995	2.703	0.021
940	67.585	6.134	17.431	2.769	0.021
941	68.981	6.192	17.694	2.728	0.022
942	69.283	6.124	17.877	2.699	0.021
943	67.857	6.102	17.715	2.756	0.022
944	68.462	6.18	18.002	2.773	0.021
945	63.571	5.73	15.666	2.465	0.02
946	67.724	6.098	17.542	2.781	0.021
947	70.074	6.319	18.435	2.863	0.022
948	66.948	6.031	16.261	2.547	0.022
949	68.728	6.135	17.531	2.664	0.021
950	62.237	5.509	14.898	2.269	0.021
951	66.482	6.114	17.278	2.759	0.022
952	70.829	6.339	18.806	2.872	0.022
953	66.603	6.017	16.622	2.671	0.022
954	63.84	5.687	15.401	2.371	0.021
955	68.359	6.14	17.452	2.664	0.021
956	66.327	6.038	16.466	2.602	0.022
957	67.768	6.142	17.486	2.714	0.022
958	65.996	5.995	16.419	2.576	0.022
959	64.71	5.929	16.735	2.659	0.021
960	69.172	6.247	18.704	2.899	0.02
961	62.834	5.598	15.489	2.394	0.02
962	68.195	6.141	17.824	2.778	0.021
963	62.529	5.53	15.157	2.287	0.021
964	68.55	6.133	17.734	2.723	0.021
965	66.429	5.931	16.537	2.545	0.022
966	68.549	6.249	17.793	2.832	0.023
967	68.761	6.121	18.461	2.797	0.021
968	67.16	6.01	17.131	2.628	0.021
969	68.669	6.25	17.313	2.748	0.022
970	71.79	6.491	19.227	2.998	0.023
971	67.599	6.099	17.581	2.77	0.021
972	71.576	6.42	18.984	2.936	0.021
973	67.596	6.05	17.183	2.637	0.021
974	67.932	6.017	17.567	2.633	0.022
975	67.95	6.049	17.018	2.628	0.022
976	66.382	5.903	16.914	2.559	0.02
977	65.175	5.818	15.49	2.399	0.022
978	65.354	5.995	15.986	2.641	0.022
979	67.098	5.943	16.866	2.549	0.021
980	70.582	6.363	18.722	2.923	0.022
981	69.765	6.252	17.453	2.679	0.022
982	65.166	5.781	16.034	2.448	0.021
983	67.985	6.18	17.634	2.816	0.021
984	64.685	5.91	16.942	2.703	0.021
985	62.135	5.502	14.455	2.202	0.021
986	72.364	6.607	19.394	3.025	0.023
987	62.256	5.647	14.614	2.312	0.022
988	64.423	5.824	15.639	2.445	0.022
989	70.684	6.383	18.858	2.949	0.021
990	68.436	6.198	17.751	2.807	0.022
991	65.92	5.962	16.298	2.563	0.023
992	67.701	6.096	17.632	2.742	0.021
993	65.067	5.878	16.727	2.64	0.02
994	66.36	5.905	15.963	2.42	0.022
995	67.816	6.153	17.057	2.703	0.023
996	64.399	5.798	15.437	2.385	0.022
997	61.522	5.573	14.354	2.262	0.021
998	70.78	6.289	18.166	2.8	0.022
999	71.08	6.308	18.845	2.847	0.022
1000	72.24	6.536	18.563	2.907	0.023
