MutationType	ID83A	ID83B	ID83C	ID83D	ID83E	ID83F	ID83G	ID83H	ID83I	ID83J	ID83K	ID83L	ID83M	ID83N
1:Del:C:0	1.98E-09	3.34E-09	1.44E-09	3.05E-09	3.74E-09	3.60E-09	1.48E-09	2.50E-09	1.39E-09	1.59E-09	2.35E-09	2.14E-09	2.34E-09	1.05E-09
1:Del:C:1	1.03E-03	1.48E-03	1.09E-03	7.86E-04	1.74E-03	1.47E-03	8.99E-04	2.68E-03	1.06E-03	1.21E-03	1.35E-03	1.21E-03	1.08E-03	9.89E-04
1:Del:C:2	3.60E-04	5.76E-04	3.69E-04	3.84E-04	6.78E-04	6.91E-04	3.21E-04	6.44E-04	3.14E-04	3.55E-04	5.03E-04	4.19E-04	4.48E-04	3.41E-04
1:Del:C:3	1.85E-04	2.96E-04	1.73E-04	1.68E-04	3.15E-04	3.83E-04	1.58E-04	4.21E-04	2.02E-04	1.62E-04	2.49E-04	2.22E-04	2.28E-04	1.77E-04
1:Del:C:4	1.18E-04	2.32E-04	1.35E-04	1.42E-04	2.61E-04	2.04E-04	9.53E-05	2.26E-04	1.11E-04	1.20E-04	1.53E-04	1.51E-04	1.24E-04	1.01E-04
1:Del:C:5	2.13E-04	2.85E-04	1.45E-04	2.29E-04	3.47E-04	3.58E-04	1.33E-04	2.19E-04	1.38E-04	1.35E-04	1.76E-04	1.83E-04	2.13E-04	1.51E-04
1:Del:T:0	1.98E-09	3.34E-09	1.44E-09	3.05E-09	3.74E-09	3.60E-09	1.48E-09	2.50E-09	1.39E-09	1.59E-09	2.35E-09	2.14E-09	2.34E-09	1.05E-09
1:Del:T:1	7.87E-04	1.11E-03	7.41E-04	7.74E-04	1.30E-03	1.51E-03	6.64E-04	2.20E-03	6.36E-04	6.82E-04	1.17E-03	9.92E-04	6.90E-04	7.38E-04
1:Del:T:2	3.85E-04	7.65E-04	4.75E-04	4.91E-04	8.36E-04	8.83E-04	4.10E-04	9.14E-04	4.90E-04	4.62E-04	6.33E-04	5.11E-04	5.47E-04	4.68E-04
1:Del:T:3	3.66E-04	5.99E-04	3.56E-04	4.32E-04	6.91E-04	7.03E-04	2.79E-04	8.31E-04	4.50E-04	3.96E-04	5.51E-04	5.18E-04	4.08E-04	3.96E-04
1:Del:T:4	3.41E-04	6.07E-04	3.39E-04	4.76E-04	7.02E-04	7.36E-04	3.10E-04	7.49E-04	3.62E-04	3.81E-04	5.45E-04	4.27E-04	5.26E-04	3.15E-04
1:Del:T:5	2.62E-03	4.73E-03	2.19E-03	4.09E-03	5.44E-03	3.09E-03	1.79E-03	3.46E-03	1.94E-03	2.46E-03	3.08E-03	3.29E-03	3.85E-03	1.55E-03
1:Ins:C:0	3.67E-04	4.45E-04	3.09E-04	3.37E-04	4.49E-04	5.21E-04	2.13E-04	4.79E-04	2.50E-04	1.93E-04	3.14E-04	2.95E-04	2.73E-04	1.85E-04
1:Ins:C:1	1.46E-04	2.12E-04	1.30E-04	1.35E-04	2.04E-04	2.32E-04	1.17E-04	2.74E-04	1.01E-04	1.31E-04	2.01E-04	1.55E-04	1.52E-04	1.37E-04
1:Ins:C:2	1.33E-04	2.22E-04	1.13E-04	1.45E-04	2.29E-04	2.80E-04	1.61E-04	1.79E-04	1.43E-04	1.44E-04	2.27E-04	1.79E-04	1.78E-04	1.18E-04
1:Ins:C:3	1.24E-04	1.98E-04	1.07E-04	1.21E-04	1.60E-04	2.24E-04	1.04E-04	1.54E-04	1.17E-04	9.11E-05	1.48E-04	1.26E-04	1.20E-04	1.16E-04
1:Ins:C:4	1.28E-04	1.94E-04	9.77E-05	1.23E-04	1.97E-04	2.23E-04	9.63E-05	1.86E-04	8.26E-05	1.04E-04	1.42E-04	1.11E-04	1.23E-04	9.81E-05
1:Ins:C:5	5.77E-04	9.94E-04	5.55E-04	6.72E-04	1.08E-03	9.69E-04	5.23E-04	7.98E-04	5.13E-04	5.80E-04	7.81E-04	7.15E-04	6.16E-04	4.57E-04
1:Ins:T:0	3.99E-04	5.56E-04	3.62E-04	3.17E-04	5.04E-04	6.82E-04	2.99E-04	5.50E-04	3.75E-04	2.99E-04	4.79E-04	4.73E-04	4.61E-04	3.11E-04
1:Ins:T:1	5.03E-04	6.61E-04	4.59E-04	5.04E-04	6.55E-04	7.54E-04	4.47E-04	8.89E-04	4.73E-04	5.05E-04	6.69E-04	6.08E-04	5.59E-04	5.04E-04
1:Ins:T:2	3.56E-04	4.65E-04	2.38E-04	3.93E-04	3.79E-04	5.03E-04	2.58E-04	4.14E-04	2.65E-04	2.51E-04	3.51E-04	2.95E-04	3.09E-04	2.18E-04
1:Ins:T:3	2.92E-04	4.35E-04	2.40E-04	2.63E-04	4.29E-04	5.19E-04	2.29E-04	4.98E-04	2.04E-04	3.07E-04	3.70E-04	2.71E-04	3.01E-04	2.41E-04
1:Ins:T:4	2.40E-04	3.71E-04	2.33E-04	2.91E-04	4.10E-04	4.40E-04	2.11E-04	4.45E-04	2.14E-04	2.20E-04	3.48E-04	2.70E-04	2.90E-04	2.48E-04
1:Ins:T:5	5.65E-03	4.00E-03	5.14E-03	3.34E-03	4.35E-03	3.98E-03	4.88E-03	3.41E-03	5.30E-03	5.01E-03	6.01E-03	5.03E-03	4.31E-03	5.33E-03
2:Del:R:0	2.51E-03	4.19E-03	1.58E-03	4.50E-03	3.25E-03	6.06E-03	1.84E-03	2.81E-03	1.92E-03	1.75E-03	3.49E-03	3.17E-03	3.81E-03	1.59E-03
2:Del:R:1	6.40E-05	1.54E-04	7.77E-05	1.02E-04	1.38E-04	2.06E-04	7.20E-05	1.80E-04	7.99E-05	8.59E-05	1.21E-04	9.44E-05	1.18E-04	8.55E-05
2:Del:R:2	5.33E-05	5.59E-05	3.80E-05	3.29E-05	9.05E-05	6.90E-05	2.65E-05	1.20E-04	4.00E-05	3.30E-05	6.71E-05	4.18E-05	3.58E-05	4.46E-05
2:Del:R:3	1.21E-05	2.69E-05	9.01E-06	2.69E-05	2.51E-05	3.92E-05	9.21E-06	2.01E-05	1.66E-05	8.55E-06	2.53E-05	1.65E-05	1.73E-05	1.22E-05
2:Del:R:4	7.97E-06	1.32E-05	4.76E-06	7.39E-06	1.42E-05	1.88E-05	6.80E-06	1.29E-05	8.97E-06	6.22E-06	1.29E-05	1.15E-05	7.20E-06	6.53E-06
2:Del:R:5	1.60E-04	1.38E-04	6.84E-05	9.97E-05	1.74E-04	1.42E-04	4.78E-05	8.06E-05	5.41E-05	1.15E-04	1.00E-04	9.45E-05	1.16E-04	5.80E-05
3:Del:R:0	4.26E-04	6.62E-04	3.80E-04	5.76E-04	8.28E-04	7.32E-04	3.80E-04	5.07E-04	4.16E-04	4.11E-04	5.53E-04	4.35E-04	4.02E-04	3.22E-04
3:Del:R:1	8.72E-05	1.45E-04	1.20E-04	1.08E-04	1.90E-04	1.32E-04	8.19E-05	1.20E-04	7.30E-05	7.45E-05	1.09E-04	9.33E-05	9.36E-05	6.98E-05
3:Del:R:2	2.26E-05	4.11E-05	2.03E-05	3.41E-05	5.01E-05	4.63E-05	2.70E-05	4.51E-05	2.46E-05	2.28E-05	3.05E-05	3.12E-05	2.50E-05	2.60E-05
3:Del:R:3	1.98E-09	3.34E-09	1.44E-09	3.05E-09	3.74E-09	3.60E-09	1.48E-09	2.50E-09	1.39E-09	1.59E-09	2.35E-09	2.14E-09	2.34E-09	1.05E-09
3:Del:R:4	6.42E-06	1.71E-05	6.59E-06	9.28E-06	1.51E-05	1.64E-05	8.08E-06	1.56E-05	6.01E-06	7.50E-06	9.40E-06	1.56E-05	9.22E-06	5.94E-06
3:Del:R:5	1.98E-09	3.34E-09	1.44E-09	3.05E-09	3.74E-09	3.60E-09	1.48E-09	2.50E-09	1.39E-09	1.59E-09	2.35E-09	2.14E-09	2.34E-09	1.05E-09
4:Del:R:0	2.89E-04	4.99E-04	2.48E-04	3.94E-04	4.53E-04	6.26E-04	2.79E-04	4.36E-04	2.78E-04	3.25E-04	3.94E-04	2.85E-04	3.91E-04	2.65E-04
4:Del:R:1	2.24E-05	5.03E-05	3.12E-05	3.36E-05	5.33E-05	5.19E-05	3.17E-05	5.02E-05	2.67E-05	2.50E-05	3.29E-05	3.11E-05	2.94E-05	2.95E-05
4:Del:R:2	1.11E-05	1.51E-05	1.51E-05	1.17E-05	2.32E-05	1.98E-05	1.10E-05	1.42E-05	1.02E-05	1.28E-05	1.38E-05	1.67E-05	1.10E-05	1.55E-05
4:Del:R:3	1.98E-09	3.34E-09	1.44E-09	3.05E-09	3.74E-09	3.60E-09	1.48E-09	2.50E-09	1.39E-09	1.59E-09	2.35E-09	2.14E-09	2.34E-09	1.05E-09
4:Del:R:4	1.98E-09	3.34E-09	1.44E-09	3.05E-09	3.74E-09	3.60E-09	1.48E-09	2.50E-09	1.39E-09	1.59E-09	2.35E-09	2.14E-09	2.34E-09	1.05E-09
4:Del:R:5	1.98E-09	3.34E-09	1.44E-09	3.05E-09	3.74E-09	3.60E-09	1.48E-09	2.50E-09	1.39E-09	1.59E-09	2.35E-09	2.14E-09	2.34E-09	1.05E-09
5:Del:R:0	7.15E-04	1.02E-03	6.20E-04	6.00E-04	1.23E-03	1.14E-03	6.03E-04	1.06E-03	6.21E-04	6.65E-04	8.45E-04	6.51E-04	8.20E-04	4.85E-04
5:Del:R:1	3.09E-06	9.91E-06	6.20E-06	4.92E-06	9.40E-06	1.63E-05	5.68E-06	2.56E-05	6.04E-06	6.83E-06	1.36E-05	6.59E-06	6.51E-06	7.66E-06
5:Del:R:2	1.98E-09	3.34E-09	1.44E-09	3.05E-09	3.74E-09	3.60E-09	1.48E-09	2.50E-09	1.39E-09	1.59E-09	2.35E-09	2.14E-09	2.34E-09	1.05E-09
5:Del:R:3	1.98E-09	3.34E-09	1.44E-09	3.05E-09	3.74E-09	3.60E-09	1.48E-09	2.50E-09	1.39E-09	1.59E-09	2.35E-09	2.14E-09	2.34E-09	1.05E-09
5:Del:R:4	1.98E-09	3.34E-09	1.44E-09	3.05E-09	3.74E-09	3.60E-09	1.48E-09	2.50E-09	1.39E-09	1.59E-09	2.35E-09	2.14E-09	2.34E-09	1.05E-09
5:Del:R:5	1.98E-09	3.34E-09	1.44E-09	3.05E-09	3.74E-09	3.60E-09	1.48E-09	2.50E-09	1.39E-09	1.59E-09	2.35E-09	2.14E-09	2.34E-09	1.05E-09
2:Ins:R:0	2.82E-04	5.29E-04	2.91E-04	4.36E-04	5.87E-04	5.72E-04	2.46E-04	4.41E-04	2.36E-04	2.54E-04	4.07E-04	3.22E-04	3.74E-04	2.57E-04
2:Ins:R:1	1.41E-04	2.80E-04	1.49E-04	2.04E-04	3.00E-04	3.54E-04	1.59E-04	2.83E-04	1.33E-04	1.80E-04	2.40E-04	1.86E-04	1.93E-04	1.60E-04
2:Ins:R:2	1.50E-04	1.55E-04	1.35E-04	1.48E-04	1.68E-04	2.35E-04	1.06E-04	1.82E-04	9.45E-05	9.48E-05	1.53E-04	1.29E-04	1.71E-04	1.44E-04
2:Ins:R:3	4.62E-05	7.40E-05	3.92E-05	4.46E-05	7.66E-05	9.35E-05	4.36E-05	1.12E-04	4.47E-05	4.20E-05	7.44E-05	5.58E-05	4.95E-05	5.31E-05
2:Ins:R:4	6.63E-05	1.27E-04	7.26E-05	9.79E-05	1.49E-04	1.85E-04	8.36E-05	1.16E-04	6.98E-05	5.24E-05	1.19E-04	7.59E-05	1.07E-04	6.98E-05
2:Ins:R:5	1.37E-03	2.09E-03	1.09E-03	1.48E-03	2.17E-03	2.11E-03	9.67E-04	1.79E-03	9.27E-04	1.06E-03	1.53E-03	1.50E-03	1.48E-03	1.19E-03
3:Ins:R:0	1.29E-04	2.03E-04	1.21E-04	1.37E-04	1.80E-04	1.86E-04	1.11E-04	1.26E-04	7.74E-05	1.09E-04	1.28E-04	1.26E-04	1.26E-04	9.31E-05
3:Ins:R:1	1.66E-04	2.26E-04	1.39E-04	1.32E-04	2.50E-04	2.42E-04	1.17E-04	1.99E-04	1.36E-04	1.15E-04	1.75E-04	1.55E-04	1.71E-04	1.38E-04
3:Ins:R:2	2.89E-05	4.76E-05	2.90E-05	2.62E-05	6.32E-05	4.37E-05	2.93E-05	5.91E-05	2.88E-05	2.27E-05	2.79E-05	3.28E-05	2.64E-05	2.83E-05
3:Ins:R:3	1.98E-09	3.34E-09	1.44E-09	3.05E-09	3.74E-09	3.60E-09	1.48E-09	2.50E-09	1.39E-09	1.59E-09	2.35E-09	2.14E-09	2.34E-09	1.05E-09
3:Ins:R:4	5.18E-06	8.14E-06	7.27E-06	4.38E-06	1.74E-05	2.64E-06	4.97E-06	9.13E-06	4.05E-06	7.24E-06	6.30E-06	8.50E-06	5.78E-06	4.62E-06
3:Ins:R:5	4.60E-05	7.25E-05	4.79E-05	3.09E-05	8.64E-05	6.76E-05	3.81E-05	7.33E-05	4.24E-05	4.76E-05	5.29E-05	5.43E-05	4.65E-05	3.68E-05
4:Ins:R:0	8.21E-05	1.85E-04	8.94E-05	1.04E-04	1.51E-04	2.31E-04	7.65E-05	1.94E-04	8.89E-05	9.02E-05	1.52E-04	1.32E-04	1.10E-04	9.41E-05
4:Ins:R:1	1.84E-04	3.08E-04	1.69E-04	1.88E-04	2.86E-04	3.24E-04	1.61E-04	3.20E-04	1.74E-04	2.05E-04	2.62E-04	2.37E-04	2.05E-04	2.39E-04
4:Ins:R:2	1.68E-05	3.19E-05	1.81E-05	1.70E-05	2.83E-05	3.41E-05	1.47E-05	2.33E-05	2.32E-05	1.34E-05	2.62E-05	1.94E-05	1.39E-05	2.07E-05
4:Ins:R:3	1.98E-09	3.34E-09	1.44E-09	3.05E-09	3.74E-09	3.60E-09	1.48E-09	2.50E-09	1.39E-09	1.59E-09	2.35E-09	2.14E-09	2.34E-09	1.05E-09
4:Ins:R:4	1.29E-05	4.19E-05	1.44E-05	2.88E-05	5.39E-05	3.57E-05	1.66E-05	2.92E-05	1.34E-05	1.44E-05	2.75E-05	1.87E-05	1.93E-05	8.63E-06
4:Ins:R:5	2.78E-05	5.51E-05	2.75E-05	3.09E-05	5.04E-05	7.88E-05	2.71E-05	7.53E-05	2.70E-05	3.66E-05	5.59E-05	3.31E-05	3.76E-05	3.07E-05
5:Ins:R:0	1.74E-04	2.73E-04	1.72E-04	1.70E-04	3.23E-04	3.46E-04	1.46E-04	3.72E-04	1.46E-04	1.55E-04	2.74E-04	2.30E-04	1.86E-04	1.43E-04
5:Ins:R:1	2.68E-04	5.54E-04	2.87E-04	3.16E-04	6.61E-04	5.99E-04	1.94E-04	6.34E-04	2.69E-04	2.66E-04	4.24E-04	2.99E-04	2.90E-04	1.99E-04
5:Ins:R:2	1.30E-05	2.94E-05	1.36E-05	1.98E-05	3.31E-05	2.56E-05	6.58E-06	1.70E-05	1.31E-05	1.41E-05	1.56E-05	1.47E-05	1.16E-05	8.49E-06
5:Ins:R:3	5.06E-06	1.38E-05	7.44E-06	1.08E-05	2.14E-05	1.17E-05	8.42E-06	9.38E-06	6.27E-06	7.11E-06	7.91E-06	1.22E-05	9.93E-06	6.00E-06
5:Ins:R:4	7.36E-06	1.20E-05	8.29E-06	8.54E-06	1.73E-05	2.19E-05	5.57E-06	4.37E-05	7.25E-06	8.17E-06	1.25E-05	1.46E-05	4.31E-06	1.00E-05
5:Ins:R:5	1.23E-05	1.52E-05	8.82E-06	6.38E-06	1.54E-05	1.51E-05	5.19E-06	1.32E-05	7.16E-06	6.79E-06	1.03E-05	1.09E-05	7.83E-06	5.54E-06
2:Del:M:1	3.35E-04	4.75E-04	3.26E-04	4.50E-04	6.39E-04	6.69E-04	3.09E-04	5.77E-04	2.54E-04	2.91E-04	3.92E-04	3.21E-04	4.25E-04	2.73E-04
3:Del:M:1	4.75E-04	8.05E-04	5.13E-04	7.35E-04	7.78E-04	9.80E-04	4.81E-04	5.52E-04	4.56E-04	4.87E-04	7.53E-04	5.61E-04	5.42E-04	4.00E-04
3:Del:M:2	2.58E-04	3.86E-04	2.20E-04	4.21E-04	4.69E-04	4.25E-04	2.16E-04	2.79E-04	1.88E-04	2.74E-04	3.26E-04	2.28E-04	2.70E-04	2.33E-04
4:Del:M:1	2.30E-04	3.50E-04	1.81E-04	2.02E-04	4.72E-04	2.97E-04	1.86E-04	1.94E-04	1.75E-04	1.97E-04	2.24E-04	3.17E-04	2.00E-04	1.30E-04
4:Del:M:2	2.16E-04	3.07E-04	1.53E-04	2.53E-04	4.04E-04	2.31E-04	1.38E-04	2.17E-04	1.41E-04	1.68E-04	2.07E-04	2.18E-04	1.95E-04	1.56E-04
4:Del:M:3	5.42E-05	8.10E-05	5.39E-05	5.44E-05	1.06E-04	9.69E-05	5.46E-05	9.51E-05	4.84E-05	5.84E-05	6.95E-05	4.92E-05	6.06E-05	4.23E-05
5:Del:M:1	4.20E-04	6.69E-04	4.28E-04	4.25E-04	7.79E-04	7.56E-04	3.86E-04	6.51E-04	3.81E-04	3.92E-04	5.17E-04	3.86E-04	4.39E-04	3.72E-04
5:Del:M:2	2.01E-04	3.47E-04	2.07E-04	2.42E-04	3.65E-04	3.72E-04	1.80E-04	3.13E-04	1.89E-04	1.94E-04	2.76E-04	2.29E-04	2.37E-04	1.84E-04
5:Del:M:3	1.00E-04	1.54E-04	9.66E-05	9.68E-05	1.63E-04	1.67E-04	9.43E-05	1.07E-04	7.81E-05	9.41E-05	1.31E-04	1.12E-04	9.39E-05	8.44E-05
5:Del:M:4	4.12E-05	4.63E-05	2.87E-05	3.05E-05	4.68E-05	5.57E-05	2.94E-05	3.88E-05	2.13E-05	2.97E-05	4.19E-05	2.80E-05	2.85E-05	2.50E-05
5:Del:M:5	4.02E-05	4.82E-05	2.78E-05	2.94E-05	6.30E-05	4.21E-05	3.27E-05	3.55E-05	3.40E-05	2.91E-05	3.46E-05	3.52E-05	3.10E-05	2.53E-05
