Iteration	L1	L1 %	L2	L2 %	KL Divergence
1	39.611	140.128	14.342	91.345	1.891
2	39.951	138.67	14.226	90.791	1.855
3	38.915	132.222	13.987	86.478	1.808
4	39.794	137.602	14.123	90.77	1.774
5	40.471	139.413	14.532	90.403	1.838
6	39.226	138.637	14.194	89.306	1.865
7	38.547	139.661	14.089	90.402	1.895
8	39.63	138.912	14.206	91.747	1.793
9	38.708	135.195	13.927	88.225	1.802
10	38.721	131.989	14.083	86.599	1.758
11	38.72	137.624	13.824	89.52	1.926
12	38.753	133.837	13.916	85.112	1.793
13	39.004	138.831	14.014	89.752	1.899
14	40.155	141.418	14.458	91.503	1.891
15	39.84	140.228	14.431	90.803	1.849
16	38.588	134.126	13.53	86.085	1.747
17	39.475	136.477	14.12	89.892	1.878
18	38.762	137.12	14.247	89.589	1.843
19	39.761	140.755	13.991	89.303	1.921
20	38.682	135.186	14.072	86.917	1.828
21	39.97	136.316	14.48	89.732	1.772
22	40.925	142.578	14.624	92.791	1.965
23	39.254	138.195	14.207	89.242	1.859
24	39.33	138.022	13.971	87.841	1.785
25	38.239	132.308	13.582	85.158	1.628
26	39.534	140.417	13.832	90.437	1.917
27	38.837	137.758	13.839	90.818	1.838
28	38.368	136.032	14.054	87.341	1.818
29	38.4	134.95	13.824	88.476	1.804
30	38.358	138.037	13.962	90.321	1.927
31	40.799	142.429	14.643	91.594	1.953
32	39.462	140.235	14.249	91.138	1.93
33	39.542	136.789	13.63	88.946	1.81
34	39.173	136.981	14.042	89.852	1.846
35	39.506	138.138	13.95	89.893	1.839
36	39.916	138.261	14.283	89.692	1.894
37	38.567	133.556	13.412	86.946	1.785
38	38.513	135.494	13.736	87.324	1.823
39	39.068	141.734	14.317	91.131	1.952
40	38.129	136.172	13.907	86.647	1.86
41	38.854	136.239	13.667	88.717	1.815
42	38.891	136.601	14.056	90.334	1.829
43	39.343	137.991	14.172	89.867	1.88
44	38.564	134.598	13.756	87.184	1.78
45	38.958	137.975	13.892	89.456	1.857
46	38.738	142.059	13.777	92.286	1.944
47	39.544	138.577	14.15	92.338	1.858
48	39.846	134.827	14.532	87.269	1.81
49	39.546	136.751	14.24	88.965	1.848
50	39.134	136.333	14.161	89.582	1.809
51	38.022	135.808	13.535	89.22	1.829
52	39.008	136.879	14.295	88.182	1.87
53	38.731	137.079	13.721	87.778	1.826
54	39.58	135.659	14.069	87.834	1.805
55	39.034	136.902	14.136	89.582	1.785
56	39.497	141.856	14.33	93.017	1.924
57	38.978	141.0	13.915	89.86	1.923
58	38.61	139.28	13.823	91.088	1.864
59	39.216	135.978	14.55	89.948	1.818
60	38.785	136.208	13.788	88.044	1.816
61	38.986	138.462	14.047	89.682	1.858
62	39.002	136.047	14.206	89.931	1.783
63	38.688	138.812	13.694	88.709	1.9
64	37.889	135.123	13.954	87.314	1.798
65	38.946	138.354	14.22	88.719	1.908
66	39.793	138.164	14.052	89.35	1.885
67	39.062	136.265	13.774	87.802	1.817
68	38.726	134.985	14.0	86.885	1.825
69	39.273	136.219	14.127	88.059	1.847
70	39.507	136.173	14.415	88.502	1.779
71	39.01	138.026	14.264	91.493	1.872
72	39.598	139.968	14.152	91.841	1.936
73	37.895	133.894	13.242	85.342	1.769
74	38.988	134.095	13.486	85.619	1.723
75	38.381	133.392	13.897	86.66	1.798
76	39.333	138.461	14.106	89.27	1.82
77	39.063	137.986	14.356	90.446	1.895
78	38.819	140.47	14.039	89.758	1.892
79	38.416	135.917	14.289	88.501	1.828
80	39.652	141.616	13.927	90.768	1.918
81	39.172	136.869	13.681	87.475	1.782
82	38.606	139.791	13.663	89.553	1.875
83	39.383	138.931	13.92	90.414	1.888
84	38.793	138.495	14.222	90.566	1.91
85	38.941	137.217	13.998	89.637	1.813
86	40.01	138.948	14.4	89.608	1.904
87	38.3	137.16	13.852	88.14	1.844
88	38.035	133.139	13.819	87.196	1.738
89	39.673	140.423	14.335	92.132	1.923
90	38.912	136.431	13.836	89.45	1.834
91	39.164	138.34	13.829	89.955	1.858
92	39.885	140.519	14.366	91.449	1.945
93	38.986	139.051	14.573	90.842	1.87
94	39.004	138.18	14.317	88.985	1.872
95	38.698	134.083	14.28	86.849	1.791
96	39.077	138.752	14.317	91.114	1.931
97	38.552	137.644	14.178	90.271	1.856
98	38.492	136.686	13.635	87.305	1.854
99	38.772	138.311	13.784	90.775	1.831
100	39.483	138.595	14.328	87.959	1.849
101	38.301	135.759	14.191	87.32	1.804
102	38.373	136.034	13.83	87.596	1.779
103	38.812	135.828	13.813	87.501	1.786
104	38.466	138.411	13.798	89.529	1.854
105	39.145	140.831	13.689	92.574	1.903
106	38.838	139.391	14.08	90.975	1.866
107	38.196	131.53	13.637	84.288	1.721
108	39.58	142.133	14.158	91.381	1.955
109	39.784	136.992	14.118	88.76	1.805
110	39.399	137.245	14.217	91.101	1.859
111	38.266	134.02	13.631	85.878	1.682
112	39.525	139.563	14.067	89.419	1.923
113	37.776	136.723	13.462	88.856	1.861
114	39.66	138.183	14.38	89.206	1.871
115	39.676	136.266	13.973	89.145	1.799
116	39.235	139.227	13.94	89.706	1.847
117	39.869	139.297	14.177	90.46	1.87
118	39.347	141.282	13.918	89.58	1.908
119	39.166	138.882	14.485	89.932	1.95
120	38.496	136.795	13.771	88.288	1.784
121	38.972	137.584	13.691	88.529	1.814
122	39.17	139.916	13.752	90.26	1.886
123	39.296	135.419	14.291	88.289	1.807
124	39.318	136.874	14.14	89.089	1.893
125	39.297	139.307	14.109	90.627	1.841
126	39.245	137.121	13.648	87.745	1.839
127	39.351	138.558	14.225	90.158	1.853
128	39.192	140.281	13.94	90.427	1.885
129	40.268	140.877	14.173	89.657	1.95
130	39.641	140.283	14.119	89.998	1.924
131	39.017	133.093	14.137	85.18	1.696
132	40.068	140.715	14.73	91.235	1.911
133	39.541	140.744	13.856	91.107	1.937
134	39.242	139.976	13.881	92.388	1.914
135	38.423	135.908	14.04	87.859	1.771
136	38.415	135.486	13.36	86.122	1.787
137	38.87	134.67	13.653	87.447	1.815
138	39.452	135.982	14.15	89.532	1.801
139	38.749	136.577	13.793	87.652	1.794
140	39.43	135.939	14.14	87.831	1.829
141	38.071	134.65	13.261	85.707	1.777
142	39.232	137.659	14.221	90.094	1.832
143	38.3	132.447	13.602	85.454	1.727
144	39.095	138.442	14.333	90.67	1.84
145	38.291	134.72	13.665	88.19	1.857
146	39.875	139.826	13.98	91.316	1.867
147	38.939	136.042	13.772	88.282	1.785
148	40.157	137.516	13.918	87.642	1.844
149	39.209	136.803	14.124	89.107	1.835
150	39.009	137.428	14.258	90.228	1.884
151	38.656	136.941	13.688	88.085	1.849
152	39.124	136.327	14.352	90.402	1.847
153	38.996	139.685	13.959	88.28	1.932
154	39.501	141.623	13.844	89.661	1.937
155	39.348	134.735	14.564	86.643	1.774
156	38.595	135.704	13.989	87.9	1.857
157	38.688	135.42	14.028	88.841	1.747
158	39.207	139.198	14.118	89.758	1.82
159	37.794	134.845	13.123	87.473	1.838
160	39.185	141.974	13.986	91.519	1.896
161	39.341	136.765	13.686	86.571	1.85
162	39.122	137.207	13.91	88.188	1.821
163	40.454	140.192	14.354	90.278	1.978
164	38.866	135.301	13.779	89.075	1.8
165	40.374	138.624	14.325	89.437	1.846
166	38.032	135.461	13.513	85.766	1.822
167	39.146	139.802	13.917	90.586	1.845
168	40.07	139.766	14.229	89.979	1.928
169	39.808	137.884	14.308	89.034	1.802
170	40.486	140.641	14.53	92.594	1.894
171	39.587	137.532	14.692	89.537	1.89
172	38.506	136.32	13.808	88.545	1.853
173	39.336	135.077	14.189	86.229	1.789
174	38.848	135.57	14.236	90.577	1.811
175	38.492	134.524	14.022	87.503	1.833
176	37.754	131.388	13.657	86.105	1.714
177	38.666	136.181	14.142	87.44	1.83
178	39.264	136.646	13.955	89.099	1.787
179	39.474	139.946	14.02	89.519	1.852
180	38.94	137.715	13.721	88.384	1.884
181	38.958	135.372	13.864	88.882	1.788
182	40.25	145.138	14.571	95.932	1.966
183	38.21	133.277	13.734	85.696	1.731
184	38.575	137.633	13.434	88.227	1.862
185	38.238	133.664	13.243	86.257	1.765
186	39.073	137.304	14.072	87.784	1.806
187	39.307	136.594	14.217	89.586	1.882
188	38.136	135.546	13.901	88.747	1.813
189	39.078	135.41	13.664	87.143	1.733
190	39.364	138.979	13.844	90.917	1.946
191	37.838	135.735	13.314	87.494	1.806
192	39.855	137.457	14.353	87.815	1.837
193	39.306	137.019	13.926	88.488	1.879
194	40.458	140.472	15.122	93.28	1.923
195	39.256	134.912	13.745	86.529	1.75
196	39.096	139.478	14.208	91.401	1.94
197	39.259	137.336	13.755	87.636	1.8
198	38.017	133.622	13.433	86.785	1.825
199	39.021	142.559	14.325	92.513	1.923
200	38.863	133.921	14.016	86.184	1.775
201	38.557	135.936	13.743	87.482	1.801
202	38.518	136.49	13.673	87.353	1.817
203	38.527	135.233	13.378	86.269	1.828
204	38.792	134.452	14.424	88.622	1.758
205	38.748	136.417	14.239	89.098	1.861
206	39.069	137.523	14.027	90.43	1.82
207	39.282	139.926	13.515	88.385	1.892
208	39.579	136.083	13.959	88.274	1.788
209	40.438	137.626	14.396	90.609	1.793
210	39.618	138.576	14.28	90.591	1.888
211	39.534	139.207	14.413	90.377	1.898
212	37.822	133.721	13.545	86.51	1.757
213	39.35	137.698	14.186	89.611	1.887
214	40.341	140.757	14.605	92.859	1.936
215	39.286	136.973	13.997	88.709	1.804
216	38.064	134.055	13.927	88.385	1.797
217	39.268	136.372	14.381	90.114	1.875
218	38.605	134.979	14.447	89.304	1.827
219	38.322	138.989	13.751	90.865	1.851
220	38.917	137.314	14.128	89.072	1.772
221	39.73	138.631	14.178	88.472	1.844
222	38.834	138.259	13.868	89.954	1.858
223	39.199	136.298	14.215	87.487	1.844
224	39.713	137.347	14.276	87.566	1.814
225	38.587	136.058	13.896	89.12	1.834
226	40.101	140.651	14.365	92.045	1.922
227	38.921	134.211	13.953	88.144	1.747
228	39.028	138.088	14.269	89.684	1.928
229	39.035	134.263	14.751	88.171	1.797
230	38.38	137.628	13.745	89.578	1.811
231	39.691	139.783	14.01	91.381	1.945
232	37.327	131.458	13.027	84.032	1.773
233	38.625	136.498	13.483	87.608	1.809
234	39.546	137.779	14.248	89.515	1.922
235	38.377	137.645	13.983	90.334	1.827
236	37.88	137.391	13.46	87.549	1.826
237	39.346	136.976	14.199	87.378	1.825
238	38.607	139.4	13.809	88.186	1.89
239	39.907	141.041	14.15	90.623	1.897
240	38.091	134.472	13.542	85.348	1.806
241	38.679	137.09	13.698	86.458	1.852
242	38.75	135.773	14.195	88.124	1.771
243	38.862	135.287	14.132	88.53	1.811
244	38.854	135.263	13.201	86.992	1.765
245	38.501	135.342	14.027	87.836	1.761
246	38.75	136.75	13.308	86.065	1.778
247	39.011	140.034	14.354	94.407	1.89
248	39.231	137.397	13.886	89.425	1.868
249	39.314	137.692	13.543	87.163	1.786
250	39.911	140.507	14.653	91.04	1.864
251	40.726	143.282	14.493	94.463	1.931
252	39.228	138.782	13.757	89.703	1.851
253	38.596	136.25	13.566	87.687	1.841
254	38.872	136.035	13.77	88.678	1.815
255	39.299	138.909	13.893	89.495	1.858
256	40.036	139.207	14.325	90.011	1.839
257	40.385	138.803	14.346	90.651	1.906
258	38.871	137.099	13.579	87.943	1.87
259	38.595	137.697	13.903	88.186	1.875
260	39.047	137.485	14.147	89.19	1.834
261	40.012	143.691	14.321	93.3	1.953
262	38.582	141.473	13.558	89.975	1.949
263	38.988	138.529	14.274	91.564	1.832
264	38.388	134.347	13.725	87.09	1.766
265	38.807	139.236	13.348	89.049	1.846
266	37.956	133.692	13.075	86.204	1.732
267	40.195	137.19	14.494	88.951	1.859
268	38.674	132.159	14.168	86.858	1.763
269	39.276	136.483	13.974	88.726	1.838
270	39.03	136.789	13.776	89.293	1.774
271	38.981	140.31	14.078	91.785	1.89
272	39.197	136.841	13.717	87.888	1.772
273	38.442	134.445	14.217	89.235	1.81
274	37.791	135.175	13.882	86.926	1.846
275	39.34	138.233	13.87	89.213	1.862
276	38.648	138.021	14.189	88.564	1.859
277	38.915	137.851	13.736	88.004	1.797
278	39.495	139.875	14.302	91.419	1.838
279	39.179	134.51	14.474	88.605	1.76
280	38.4	137.163	13.617	88.422	1.903
281	38.322	136.373	13.667	86.961	1.824
282	38.362	136.135	14.061	89.129	1.822
283	40.084	141.232	14.428	90.99	1.904
284	39.539	136.821	14.07	90.137	1.843
285	38.704	139.801	13.954	90.152	1.901
286	39.141	137.844	13.879	90.971	1.825
287	39.367	139.252	14.399	91.788	1.878
288	39.076	139.216	13.448	89.351	1.896
289	39.391	141.201	13.915	92.616	1.901
290	39.345	137.502	14.589	90.698	1.828
291	38.823	138.652	14.035	88.851	1.918
292	38.587	135.291	13.338	86.505	1.838
293	38.0	136.358	13.722	88.385	1.857
294	39.223	139.072	13.922	90.035	1.888
295	39.274	142.108	13.962	92.972	1.96
296	39.123	139.951	14.054	91.597	1.902
297	38.503	135.402	13.48	88.471	1.835
298	38.401	134.922	13.978	87.721	1.825
299	38.998	138.742	14.121	90.041	1.851
300	38.832	138.163	13.825	89.17	1.883
301	39.374	138.18	14.082	88.967	1.903
302	39.069	133.865	14.295	87.297	1.731
303	37.641	131.447	13.629	85.848	1.779
304	38.907	139.879	14.08	90.693	1.874
305	38.577	138.226	13.527	89.292	1.813
306	38.372	134.08	13.601	85.073	1.762
307	38.986	140.34	13.896	90.054	1.915
308	39.061	136.65	13.961	88.446	1.867
309	39.712	138.107	14.936	92.05	1.792
310	38.785	138.509	13.951	90.591	1.855
311	39.505	140.033	14.072	89.214	1.912
312	39.587	139.53	14.247	89.566	1.951
313	39.598	137.967	14.182	90.799	1.834
314	38.172	133.399	13.417	86.289	1.808
315	38.888	137.535	13.816	88.393	1.862
316	39.031	134.166	14.108	87.185	1.719
317	39.283	137.842	14.349	90.049	1.875
318	39.049	136.248	13.933	87.483	1.838
319	38.574	136.031	14.054	89.561	1.869
320	39.591	138.124	14.169	90.933	1.814
321	39.125	137.6	13.881	88.717	1.866
322	38.118	134.516	13.102	85.372	1.796
323	39.413	137.328	13.811	89.973	1.827
324	39.699	142.014	14.022	92.457	1.912
325	39.487	137.441	14.467	90.356	1.833
326	38.894	134.651	13.891	87.081	1.775
327	38.559	136.434	13.839	88.822	1.871
328	38.836	138.285	14.06	90.038	1.849
329	39.065	135.769	14.554	89.041	1.813
330	39.285	141.381	13.951	89.636	1.918
331	38.485	134.211	14.246	87.938	1.792
332	38.586	135.595	13.398	87.643	1.82
333	39.368	140.915	14.041	91.033	1.912
334	39.086	136.275	13.837	86.95	1.843
335	39.524	137.529	14.297	89.059	1.828
336	39.63	137.796	13.848	89.217	1.821
337	38.724	135.946	14.014	87.594	1.79
338	38.862	138.503	13.804	88.699	1.889
339	39.06	139.803	14.196	90.153	1.89
340	39.301	138.699	13.623	90.278	1.79
341	38.865	137.317	13.861	89.905	1.834
342	39.37	138.143	14.504	89.696	1.94
343	40.835	141.155	14.377	89.27	1.921
344	38.97	134.878	13.81	87.376	1.803
345	38.965	136.673	14.171	89.089	1.837
346	38.288	136.182	13.845	88.442	1.872
347	39.043	136.76	13.976	88.802	1.803
348	38.844	138.356	14.058	89.235	1.779
349	39.877	139.178	14.403	90.886	1.916
350	39.055	142.514	14.168	91.96	2.015
351	39.424	137.226	13.982	89.778	1.787
352	38.932	137.977	14.482	90.999	1.905
353	40.632	141.878	14.348	92.804	1.93
354	38.833	133.027	14.141	86.542	1.756
355	39.909	139.368	14.305	91.171	1.935
356	39.037	139.518	13.816	89.115	1.861
357	38.937	138.259	13.747	89.515	1.866
358	38.702	137.414	13.646	89.254	1.866
359	38.713	136.098	13.714	87.287	1.746
360	39.404	136.919	13.931	87.933	1.815
361	38.612	135.973	13.929	89.056	1.793
362	38.313	138.43	13.957	90.062	1.92
363	38.403	134.535	13.754	87.455	1.764
364	38.642	138.463	13.775	89.018	1.855
365	38.977	135.378	14.1	88.984	1.729
366	39.62	142.933	14.283	92.107	2.03
367	38.419	137.324	13.631	89.078	1.862
368	41.306	142.546	14.771	93.59	1.879
369	39.95	138.683	14.31	88.021	1.882
370	39.005	134.706	13.895	89.313	1.855
371	38.607	137.856	13.601	88.511	1.886
372	38.928	138.786	13.809	90.309	1.843
373	39.535	136.583	14.224	89.52	1.825
374	38.91	136.381	14.211	89.428	1.879
375	39.364	139.3	13.872	89.124	1.929
376	38.623	140.256	13.623	89.367	1.981
377	39.953	140.166	14.328	91.452	1.895
378	39.625	136.143	13.626	87.373	1.87
379	39.039	134.804	13.396	85.176	1.731
380	39.157	137.027	13.875	88.753	1.855
381	39.286	136.377	14.087	88.142	1.83
382	39.32	138.899	14.211	90.33	1.925
383	39.067	136.432	13.864	86.824	1.785
384	39.725	138.528	13.787	87.961	1.874
385	39.061	138.343	14.042	90.302	1.863
386	39.339	136.059	14.116	89.662	1.793
387	38.597	137.931	13.857	89.93	1.822
388	38.327	136.422	13.088	85.541	1.802
389	38.6	136.004	13.776	88.849	1.844
390	40.379	137.579	14.448	89.414	1.836
391	38.22	134.048	13.814	87.08	1.787
392	39.141	139.675	13.688	90.613	1.878
393	38.93	137.783	13.292	88.121	1.838
394	38.744	139.329	14.038	91.425	1.882
395	39.731	138.84	14.245	89.251	1.926
396	38.922	136.209	14.166	89.143	1.845
397	40.015	138.45	14.225	88.959	1.786
398	39.161	137.511	13.577	90.313	1.839
399	38.879	137.833	14.094	89.962	1.769
400	38.907	136.859	13.74	87.183	1.827
401	38.551	133.62	13.428	86.281	1.727
402	39.044	135.967	14.302	88.268	1.821
403	38.479	139.044	13.787	88.403	1.946
404	39.277	136.134	14.111	88.103	1.819
405	38.994	136.49	14.267	89.779	1.815
406	38.809	134.313	13.963	87.405	1.789
407	38.953	137.003	14.054	89.111	1.844
408	38.627	138.435	14.033	90.62	1.911
409	38.828	135.972	14.123	90.367	1.811
410	38.056	134.366	13.731	86.042	1.828
411	38.963	138.933	13.887	90.732	1.888
412	39.034	137.811	13.7	88.701	1.841
413	38.955	138.027	13.953	89.056	1.873
414	38.52	134.118	13.892	87.173	1.753
415	39.122	134.042	13.891	86.414	1.786
416	40.047	139.401	14.549	91.911	1.896
417	39.539	138.738	14.476	89.809	1.821
418	39.05	139.214	14.364	90.744	1.89
419	40.087	138.853	14.669	91.517	1.83
420	38.693	137.216	13.629	90.38	1.841
421	38.753	139.361	14.184	89.387	1.888
422	38.702	137.26	13.849	88.755	1.879
423	38.618	136.904	13.381	86.979	1.835
424	38.93	135.836	13.31	85.738	1.799
425	39.57	138.023	14.705	90.257	1.799
426	39.624	136.868	14.185	90.154	1.857
427	39.649	139.813	13.936	90.799	1.929
428	37.674	132.491	13.128	84.19	1.774
429	38.26	132.93	14.113	87.556	1.722
430	39.288	140.358	14.065	93.199	1.898
431	37.826	136.15	14.063	87.645	1.79
432	39.17	136.259	13.264	86.24	1.849
433	38.907	137.109	13.71	87.635	1.83
434	38.976	137.348	14.152	90.172	1.781
435	39.137	137.793	13.632	87.56	1.839
436	38.591	137.095	13.751	88.751	1.847
437	38.292	136.503	13.7	87.602	1.805
438	40.155	140.539	14.46	92.244	1.92
439	40.427	139.998	14.651	92.785	1.958
440	38.855	134.049	13.845	87.837	1.796
441	39.617	138.491	13.97	89.833	1.827
442	37.442	132.603	13.648	85.35	1.783
443	39.877	139.268	13.893	89.095	1.864
444	39.129	137.31	13.821	88.381	1.801
445	38.838	139.539	13.776	89.624	1.844
446	38.713	134.167	13.94	85.53	1.73
447	38.644	134.262	13.96	87.784	1.786
448	38.117	132.347	13.616	84.79	1.68
449	38.951	135.243	14.008	89.234	1.755
450	39.112	136.064	13.846	87.577	1.776
451	39.791	139.189	14.185	89.829	1.899
452	39.316	139.099	14.33	91.323	1.892
453	39.263	134.84	14.091	86.854	1.777
454	40.604	138.518	14.697	89.094	1.868
455	38.4	135.205	13.89	86.513	1.814
456	39.666	138.277	14.556	89.23	1.932
457	39.031	137.593	13.894	87.543	1.814
458	38.865	137.351	14.523	91.915	1.828
459	38.417	136.085	13.838	87.845	1.854
460	38.058	134.47	13.775	87.304	1.807
461	40.201	147.174	14.717	96.031	2.041
462	38.668	136.469	13.465	87.928	1.803
463	39.764	139.396	13.994	90.396	1.915
464	38.944	135.604	13.886	88.363	1.847
465	38.578	135.978	13.741	87.291	1.808
466	39.254	140.105	13.802	89.267	1.887
467	39.609	138.773	14.019	89.968	1.857
468	40.043	141.481	14.499	91.653	1.909
469	38.864	139.76	13.963	90.862	1.952
470	39.627	141.924	13.691	92.071	1.905
471	38.575	135.659	13.915	87.846	1.849
472	39.58	139.65	14.223	90.1	1.951
473	38.849	139.568	14.276	90.976	1.878
474	40.254	137.736	14.046	88.349	1.859
475	38.747	138.32	13.862	90.084	1.851
476	39.005	137.736	14.252	90.9	1.89
477	38.315	133.57	13.857	85.619	1.755
478	39.401	138.062	14.378	90.388	1.877
479	39.35	135.966	14.607	88.123	1.771
480	40.233	137.519	14.748	91.004	1.792
481	39.034	137.902	14.161	88.68	1.85
482	38.081	137.205	13.685	87.354	1.831
483	39.145	139.637	13.993	90.584	1.871
484	38.588	136.049	13.794	88.054	1.763
485	38.666	139.744	14.075	90.669	1.917
486	39.963	140.036	14.492	92.264	1.933
487	39.683	136.658	14.428	90.219	1.79
488	38.127	136.979	13.731	86.481	1.897
489	38.847	140.7	13.894	90.664	1.954
490	39.606	137.035	13.99	87.697	1.836
491	39.851	138.49	14.118	89.553	1.872
492	39.341	134.165	13.892	86.481	1.75
493	38.946	136.007	13.99	88.313	1.782
494	38.591	136.088	13.665	87.703	1.846
495	39.383	140.014	14.544	92.9	1.868
496	39.001	134.235	13.883	88.532	1.797
497	38.014	136.246	13.683	86.962	1.87
498	39.882	138.123	14.52	90.292	1.89
499	39.635	139.901	14.424	90.311	1.942
500	38.617	136.193	14.086	87.766	1.855
501	39.089	136.068	13.955	87.697	1.796
502	38.003	134.766	13.339	87.22	1.808
503	39.281	136.522	14.558	90.066	1.82
504	39.377	135.497	13.941	88.8	1.753
505	39.524	138.832	13.971	88.784	1.898
506	38.85	137.305	13.368	88.221	1.806
507	39.11	134.184	14.03	88.493	1.76
508	38.694	136.07	14.167	88.818	1.86
509	39.258	140.049	13.939	91.624	1.885
510	38.894	135.333	13.502	86.278	1.769
511	39.188	140.212	14.043	90.079	1.954
512	38.815	135.319	13.572	86.557	1.822
513	38.567	134.906	13.89	87.608	1.843
514	38.753	138.608	13.836	89.986	1.831
515	38.74	135.668	13.938	89.039	1.835
516	38.575	137.369	14.398	89.945	1.87
517	38.593	136.983	13.837	89.117	1.817
518	38.73	139.508	13.915	89.181	1.89
519	38.177	136.813	13.482	88.629	1.886
520	39.054	135.977	13.62	88.86	1.755
521	39.724	139.885	14.459	91.22	1.868
522	39.87	137.656	14.774	90.543	1.83
523	38.837	135.189	14.098	89.267	1.826
524	39.109	136.735	14.078	89.667	1.897
525	38.951	137.712	14.078	89.747	1.887
526	39.034	138.108	14.045	88.236	1.815
527	39.103	137.03	14.415	88.88	1.781
528	38.755	135.175	13.847	86.926	1.771
529	38.213	137.767	14.156	90.161	1.874
530	38.799	136.819	14.303	90.082	1.843
531	39.333	134.727	13.874	86.199	1.83
532	39.478	137.451	14.52	90.743	1.862
533	39.888	141.896	14.318	92.208	1.983
534	39.259	137.898	13.887	89.164	1.829
535	38.856	138.236	13.776	88.228	1.764
536	39.242	138.741	13.991	90.886	1.811
537	38.76	135.404	13.816	88.062	1.76
538	39.1	136.99	13.676	88.523	1.829
539	38.172	136.15	13.421	86.414	1.81
540	39.162	138.119	14.092	89.371	1.876
541	39.147	139.714	13.978	89.712	1.85
542	38.294	137.513	13.429	87.932	1.837
543	39.329	134.667	14.909	89.778	1.798
544	38.768	140.204	13.93	90.025	1.921
545	38.742	138.724	13.931	89.136	1.94
546	39.278	136.467	14.154	90.191	1.816
547	38.157	134.109	13.771	87.544	1.77
548	39.677	139.307	14.452	91.063	1.866
549	38.328	137.055	13.605	89.908	1.804
550	39.408	142.41	14.114	92.582	1.96
551	39.894	138.916	14.104	88.131	1.81
552	39.045	138.25	13.854	89.641	1.825
553	38.527	138.833	13.879	89.757	1.926
554	39.927	138.602	14.121	90.046	1.853
555	39.733	138.871	14.299	90.47	1.856
556	39.774	137.871	14.184	90.726	1.836
557	38.453	139.626	13.707	89.812	1.84
558	39.152	137.459	13.684	88.691	1.829
559	39.476	141.463	14.412	92.129	1.867
560	38.666	135.421	14.125	88.99	1.873
561	39.146	137.476	14.232	92.052	1.92
562	38.316	138.463	14.114	89.829	1.906
563	37.977	134.454	13.47	86.801	1.782
564	38.731	134.698	14.109	88.836	1.742
565	39.153	134.913	13.689	88.222	1.811
566	38.777	135.035	13.884	86.59	1.791
567	38.811	134.794	13.689	86.678	1.786
568	38.709	135.729	14.104	88.227	1.864
569	38.475	135.937	14.11	89.14	1.794
570	39.991	139.199	14.473	89.31	1.897
571	38.813	136.892	13.943	89.004	1.861
572	38.861	135.622	13.934	87.588	1.776
573	39.6	139.28	14.416	90.814	1.858
574	39.295	140.632	13.53	91.48	1.919
575	39.23	140.765	14.666	92.403	1.96
576	39.643	139.749	14.181	90.764	1.875
577	39.061	139.319	13.892	90.882	1.848
578	39.196	136.338	14.262	89.366	1.866
579	39.161	134.847	14.037	87.157	1.827
580	38.962	140.066	13.939	90.554	1.929
581	38.559	134.373	13.801	86.597	1.774
582	39.17	138.181	13.552	88.493	1.871
583	39.551	136.022	14.22	89.589	1.784
584	38.956	139.059	14.263	91.376	1.854
585	37.201	134.993	13.304	88.07	1.831
586	37.362	134.316	13.46	87.535	1.854
587	39.752	141.332	14.1	92.034	1.966
588	38.836	135.713	13.758	88.373	1.84
589	39.163	138.028	13.764	89.489	1.801
590	39.146	141.348	14.346	91.137	1.927
591	39.491	136.654	14.164	89.244	1.835
592	39.014	134.693	13.986	88.257	1.76
593	39.471	140.122	14.243	88.982	1.899
594	38.745	136.344	13.425	88.196	1.832
595	38.475	135.047	13.949	89.885	1.907
596	40.005	137.773	14.341	89.779	1.832
597	39.937	140.643	14.244	92.756	1.883
598	38.331	134.164	13.435	86.068	1.801
599	38.401	136.363	14.093	88.449	1.839
600	39.247	137.164	14.26	88.031	1.796
601	38.708	136.966	14.205	89.089	1.869
602	39.282	139.474	14.08	89.309	1.861
603	38.343	133.789	13.687	85.97	1.761
604	39.81	140.418	14.321	90.881	1.92
605	38.355	136.865	13.61	88.516	1.862
606	38.974	140.939	14.077	91.111	1.908
607	39.069	140.787	13.489	90.789	1.882
608	39.149	133.752	14.008	87.097	1.793
609	38.377	139.165	13.268	89.427	1.953
610	39.221	135.254	13.916	88.454	1.798
611	39.718	140.676	13.765	89.791	1.867
612	39.423	137.627	14.227	90.369	1.863
613	39.154	136.615	13.762	87.902	1.812
614	39.286	138.633	14.003	89.204	1.886
615	39.603	139.64	14.239	89.916	1.89
616	38.519	134.475	13.969	86.49	1.779
617	39.401	140.908	13.862	89.986	1.919
618	38.316	132.979	13.759	85.093	1.784
619	37.116	133.383	13.679	86.2	1.768
620	39.686	139.283	13.976	90.27	1.882
621	38.875	138.616	14.6	90.611	1.933
622	38.999	137.332	14.346	87.787	1.859
623	38.83	136.842	13.301	86.828	1.835
624	39.409	138.008	14.153	87.938	1.831
625	38.87	136.886	13.991	88.993	1.817
626	38.598	134.22	13.566	86.761	1.783
627	39.274	140.264	13.796	90.281	1.928
628	38.485	132.346	14.004	86.004	1.794
629	38.933	136.956	13.935	90.278	1.878
630	38.479	137.298	13.707	87.19	1.823
631	39.51	136.885	14.074	87.58	1.868
632	38.641	135.252	13.816	87.744	1.761
633	39.59	137.433	14.165	90.618	1.785
634	39.053	138.612	13.753	89.037	1.895
635	39.176	138.541	13.654	89.597	1.836
636	39.085	138.676	13.867	89.593	1.815
637	39.556	139.663	14.305	90.56	1.915
638	39.008	141.317	14.279	92.41	1.978
639	38.571	136.888	14.054	88.46	1.89
640	38.947	136.109	14.317	89.321	1.807
641	39.02	138.029	14.076	90.558	1.915
642	38.442	137.653	13.303	87.553	1.841
643	40.544	141.627	14.409	93.086	1.957
644	37.851	131.771	14.045	87.405	1.723
645	39.045	138.379	13.761	89.548	1.873
646	38.026	134.859	14.165	89.045	1.868
647	40.317	138.135	14.071	89.652	1.839
648	39.098	136.751	14.225	88.52	1.799
649	38.385	136.581	13.394	87.168	1.792
650	39.156	135.554	14.03	86.661	1.838
651	38.987	139.395	13.864	90.34	1.931
652	38.53	135.693	14.086	88.672	1.843
653	38.829	135.354	14.107	87.645	1.715
654	38.643	136.182	14.412	90.569	1.87
655	39.205	137.928	14.374	89.089	1.848
656	38.874	136.499	13.609	88.072	1.849
657	39.016	140.209	13.993	90.718	1.918
658	39.232	138.479	13.84	88.486	1.814
659	38.98	139.108	13.667	91.916	1.867
660	38.859	136.589	13.947	88.544	1.868
661	38.261	136.177	13.337	87.444	1.876
662	38.969	135.359	13.843	85.897	1.862
663	38.369	137.337	13.861	89.029	1.816
664	38.314	134.082	13.534	85.888	1.793
665	37.902	137.657	13.576	88.1	1.807
666	38.279	136.418	13.849	88.526	1.791
667	39.097	136.272	13.848	88.183	1.846
668	39.698	138.447	14.306	89.935	1.867
669	39.083	137.592	14.061	90.094	1.878
670	38.83	137.378	13.75	89.563	1.823
671	38.511	135.131	13.64	88.234	1.802
672	39.141	139.753	14.058	90.079	1.921
673	39.203	138.504	14.081	89.836	1.882
674	39.349	139.101	14.211	91.149	1.897
675	39.861	139.063	14.065	90.528	1.913
676	38.82	134.87	13.712	84.917	1.757
677	38.683	139.219	13.797	90.734	1.897
678	38.345	136.214	13.871	89.979	1.891
679	39.587	138.173	14.472	91.122	1.808
680	39.322	140.343	13.657	90.829	1.879
681	38.867	134.507	13.891	87.72	1.818
682	38.852	134.69	13.741	86.452	1.811
683	38.535	135.782	13.509	89.039	1.82
684	39.354	138.88	14.43	89.896	1.909
685	39.053	137.317	13.638	87.873	1.819
686	38.722	139.551	14.02	90.662	1.851
687	40.353	144.035	14.596	93.136	1.952
688	39.139	136.268	14.077	89.285	1.779
689	39.867	141.796	14.369	91.991	1.896
690	39.011	136.055	13.843	87.939	1.784
691	39.56	136.455	14.426	89.881	1.783
692	39.164	139.232	13.683	89.751	1.864
693	39.468	137.697	13.98	89.164	1.787
694	39.215	138.696	14.056	89.522	1.828
695	39.042	136.504	14.256	89.201	1.814
696	38.283	136.035	13.912	87.641	1.866
697	38.905	135.312	14.492	88.822	1.817
698	37.623	137.869	13.66	88.835	1.865
699	38.309	135.708	13.616	88.447	1.803
700	39.419	138.536	14.126	90.469	1.871
701	39.115	139.227	14.684	91.287	1.873
702	39.244	139.419	13.801	89.715	1.926
703	39.594	140.153	14.368	90.629	1.869
704	40.19	142.229	14.336	93.22	1.884
705	38.58	136.565	13.583	88.204	1.791
706	39.712	140.864	14.1	90.114	1.893
707	39.086	139.447	13.952	89.711	1.972
708	39.224	136.075	13.671	87.745	1.782
709	39.386	137.716	14.439	90.448	1.791
710	39.939	141.254	13.946	93.143	1.861
711	38.631	133.845	13.719	86.084	1.794
712	38.996	136.402	14.155	88.527	1.819
713	39.509	140.619	13.858	90.311	1.982
714	38.534	136.864	14.097	89.028	1.779
715	39.595	137.917	14.648	90.103	1.877
716	39.02	136.007	14.543	90.259	1.817
717	38.993	137.241	13.622	88.437	1.813
718	38.091	133.946	13.441	86.404	1.774
719	38.711	139.126	13.848	90.734	1.902
720	38.599	136.908	14.129	89.746	1.8
721	38.249	133.467	13.745	85.075	1.726
722	39.695	137.485	14.748	90.461	1.891
723	39.335	137.559	14.288	90.779	1.821
724	39.162	140.458	13.685	89.097	1.886
725	39.061	137.248	13.941	89.593	1.853
726	38.17	132.556	13.519	85.336	1.845
727	38.365	130.11	13.77	82.697	1.742
728	39.426	141.495	14.063	92.376	1.897
729	38.775	136.951	13.853	87.424	1.864
730	38.788	136.787	14.033	88.497	1.92
731	40.093	139.433	14.601	91.05	1.877
732	40.025	143.013	14.191	91.095	1.949
733	39.252	136.674	14.396	88.478	1.839
734	38.766	138.399	13.683	90.218	1.819
735	39.737	139.119	14.352	92.899	1.856
736	39.126	138.306	14.107	90.045	1.855
737	38.541	133.399	13.689	87.111	1.786
738	37.868	136.832	14.015	89.22	1.829
739	40.034	137.753	14.515	88.958	1.843
740	38.811	135.134	13.785	86.515	1.835
741	38.974	140.074	14.469	92.105	1.951
742	38.969	139.855	13.679	91.572	1.889
743	39.584	140.812	14.281	92.564	1.915
744	38.683	138.681	13.797	90.135	1.918
745	38.03	132.504	13.667	86.145	1.786
746	40.105	140.771	14.304	89.13	1.96
747	39.375	139.753	14.381	91.778	1.897
748	39.589	138.287	14.309	88.679	1.851
749	39.755	139.727	13.966	89.022	1.879
750	40.257	137.707	13.859	87.529	1.77
751	38.842	134.337	13.94	85.671	1.809
752	39.657	139.655	14.123	90.245	1.874
753	39.047	140.278	13.984	90.245	1.906
754	38.897	138.749	14.076	90.366	1.804
755	39.392	137.957	13.905	88.146	1.888
756	39.431	142.094	14.202	92.322	1.93
757	39.809	138.856	14.559	88.797	1.887
758	38.781	136.711	14.081	88.877	1.774
759	40.141	139.24	14.181	90.954	1.882
760	39.32	136.145	13.952	89.282	1.79
761	38.781	137.252	13.713	87.229	1.888
762	38.331	134.342	14.026	88.705	1.805
763	39.232	138.481	14.19	90.007	1.853
764	38.773	138.113	13.772	89.859	1.837
765	38.776	134.736	14.075	87.721	1.804
766	39.291	134.839	14.159	86.945	1.84
767	38.941	139.151	14.08	90.885	1.907
768	39.617	138.118	13.982	88.052	1.818
769	38.88	138.312	13.842	90.653	1.912
770	39.497	137.569	14.199	89.057	1.826
771	39.081	140.14	13.4	91.294	1.825
772	39.758	137.249	14.379	88.88	1.818
773	38.836	136.352	14.464	90.935	1.826
774	39.444	140.674	13.855	92.398	1.873
775	39.654	139.651	14.369	90.333	1.904
776	38.146	133.395	13.761	84.84	1.828
777	38.964	136.151	14.205	88.023	1.805
778	39.209	141.522	14.211	93.254	1.871
779	39.405	138.499	14.077	90.035	1.907
780	38.608	140.289	13.779	90.874	1.951
781	38.944	135.387	14.279	88.825	1.814
782	39.87	141.016	14.546	89.922	1.87
783	38.574	136.236	13.92	88.502	1.833
784	37.91	136.397	13.253	87.66	1.854
785	40.153	137.458	14.393	87.498	1.836
786	39.46	138.547	14.524	89.989	1.913
787	39.317	139.735	13.982	91.145	1.886
788	37.604	133.833	13.198	84.947	1.801
789	38.484	133.286	13.661	86.204	1.738
790	39.192	137.086	14.132	86.547	1.81
791	40.813	136.966	14.434	89.549	1.84
792	38.162	134.011	13.757	86.11	1.773
793	39.627	140.34	14.195	90.428	1.898
794	38.718	139.396	13.741	90.167	1.933
795	38.082	136.105	13.815	90.007	1.824
796	40.203	139.25	14.13	90.069	1.879
797	39.723	139.91	14.043	90.51	1.904
798	39.231	140.591	14.047	90.316	1.85
799	39.948	140.268	13.918	89.486	1.843
800	37.886	133.856	13.617	86.023	1.773
801	39.626	137.654	14.341	88.094	1.896
802	39.243	136.377	13.668	88.804	1.764
803	38.643	135.252	13.88	88.127	1.759
804	39.944	139.721	14.512	92.342	1.862
805	39.555	138.951	14.691	90.482	1.881
806	38.746	137.661	13.811	87.781	1.872
807	37.774	133.613	13.589	87.976	1.781
808	38.779	134.704	13.595	85.78	1.771
809	38.823	135.015	13.46	86.563	1.739
810	39.918	139.768	14.219	88.67	1.94
811	38.882	142.77	13.542	92.084	1.983
812	39.822	136.823	14.021	88.024	1.85
813	39.46	140.477	13.956	90.289	1.893
814	39.498	137.122	14.065	89.555	1.767
815	38.541	135.281	13.718	87.336	1.835
816	38.878	137.428	13.738	87.848	1.806
817	39.218	138.225	14.098	88.974	1.813
818	39.071	133.801	14.313	88.152	1.811
819	39.442	139.499	13.681	87.652	1.889
820	39.464	141.026	14.363	91.966	1.932
821	38.317	136.223	13.868	89.267	1.866
822	39.394	139.622	13.663	88.616	1.905
823	37.615	134.923	13.203	85.404	1.776
824	39.178	136.259	14.355	90.195	1.866
825	39.433	139.348	14.093	90.691	1.927
826	39.055	138.026	14.481	88.607	1.889
827	39.089	137.021	13.825	88.579	1.807
828	38.479	136.773	14.326	89.209	1.872
829	39.254	137.467	13.648	88.647	1.76
830	38.888	139.507	13.522	90.032	1.838
831	39.59	139.146	14.245	91.276	1.88
832	38.881	136.844	14.153	88.29	1.794
833	39.034	135.161	14.632	89.401	1.79
834	38.949	135.871	14.283	90.492	1.782
835	38.559	135.502	13.843	87.046	1.85
836	39.158	135.815	14.037	87.176	1.741
837	39.638	140.234	14.075	89.936	1.855
838	39.247	137.32	14.177	87.907	1.822
839	38.353	139.134	13.599	91.181	1.824
840	38.824	136.372	14.118	89.823	1.768
841	39.298	137.726	14.133	89.689	1.844
842	39.073	138.593	13.988	88.626	1.927
843	38.594	137.658	13.74	87.421	1.821
844	38.985	136.567	14.097	87.951	1.813
845	39.161	136.513	14.11	89.123	1.757
846	38.179	138.438	13.44	90.452	1.873
847	38.38	132.79	13.608	84.163	1.743
848	37.876	133.008	13.223	85.435	1.676
849	39.918	137.909	14.034	89.187	1.832
850	38.562	137.974	13.596	89.876	1.879
851	38.628	136.754	13.526	86.638	1.818
852	38.312	137.338	13.624	89.313	1.815
853	38.542	135.622	13.564	87.528	1.852
854	39.376	136.692	13.825	87.544	1.848
855	39.2	141.125	14.132	91.136	1.911
856	38.516	134.118	13.663	87.149	1.776
857	39.146	139.921	14.517	91.249	1.914
858	38.999	134.32	13.859	87.15	1.799
859	39.139	140.707	14.009	91.618	1.91
860	38.914	135.993	13.907	88.34	1.788
861	37.749	131.778	13.546	85.533	1.749
862	38.215	134.696	13.739	86.709	1.841
863	38.474	132.681	13.655	85.62	1.696
864	39.525	138.532	14.04	90.481	1.89
865	39.354	137.974	14.415	88.762	1.929
866	37.959	134.854	13.642	85.926	1.812
867	39.188	137.564	13.673	88.946	1.808
868	39.979	141.216	14.343	92.034	1.888
869	38.54	134.129	13.936	88.622	1.782
870	38.213	137.81	13.945	91.267	1.821
871	39.564	138.236	14.311	90.218	1.911
872	38.955	134.66	13.934	86.184	1.755
873	38.956	135.593	14.022	89.373	1.824
874	39.176	140.073	13.842	91.772	1.896
875	37.393	133.803	13.129	87.336	1.762
876	38.711	138.482	13.802	89.712	1.843
877	39.428	138.404	14.284	90.341	1.814
878	38.847	135.744	14.109	87.862	1.846
879	38.931	142.09	13.716	92.329	1.965
880	39.306	137.643	14.04	89.999	1.835
881	39.361	136.642	14.461	87.943	1.847
882	39.563	139.554	14.367	89.513	1.924
883	38.425	136.286	13.642	86.377	1.795
884	39.596	137.613	13.866	88.007	1.841
885	39.822	137.8	14.015	88.629	1.834
886	38.958	139.34	13.922	90.135	1.863
887	39.511	138.256	14.496	92.076	1.907
888	38.734	133.796	14.146	88.477	1.773
889	39.661	140.051	14.013	90.552	1.912
890	38.456	136.676	13.638	89.106	1.827
891	40.021	140.091	14.848	91.74	1.991
892	39.251	139.498	13.756	90.011	1.889
893	38.4	138.229	13.67	88.819	1.815
894	37.897	134.116	13.455	87.299	1.798
895	39.72	141.571	14.403	92.763	1.952
896	39.485	136.668	14.169	89.611	1.832
897	38.449	136.786	14.19	88.451	1.816
898	39.521	136.342	14.228	88.373	1.824
899	38.303	136.961	13.463	88.25	1.853
900	39.626	135.647	14.568	87.474	1.81
901	39.496	142.058	14.436	92.991	1.913
902	39.388	139.612	13.776	89.483	1.863
903	39.082	135.209	14.164	87.707	1.763
904	39.721	138.594	14.602	91.33	1.872
905	39.571	142.656	13.809	92.516	1.913
906	38.568	137.636	13.664	88.251	1.889
907	39.015	136.139	13.816	88.073	1.827
908	39.314	139.905	14.359	92.101	1.889
909	38.735	137.264	13.265	87.612	1.776
910	38.591	136.719	13.76	87.711	1.855
911	39.058	134.278	13.726	86.009	1.782
912	38.512	137.902	13.818	90.285	1.819
913	38.286	133.483	13.84	85.379	1.763
914	38.817	139.016	13.834	89.179	1.863
915	38.948	132.305	14.478	86.736	1.746
916	39.801	140.166	14.724	93.336	1.897
917	38.919	140.632	13.954	90.873	1.921
918	39.567	136.369	14.036	88.767	1.736
919	38.907	139.231	13.545	88.749	1.9
920	38.67	134.972	13.835	87.403	1.845
921	38.876	136.71	13.567	87.266	1.841
922	39.878	138.933	14.164	90.369	1.864
923	39.765	138.49	14.482	90.703	1.849
924	39.504	140.049	14.065	90.443	1.878
925	38.01	132.065	13.702	86.608	1.772
926	38.506	135.769	13.971	87.441	1.807
927	39.071	139.539	14.352	91.311	1.96
928	38.488	140.691	13.95	90.157	1.886
929	39.361	136.588	14.283	90.289	1.821
930	38.699	134.727	13.62	86.881	1.81
931	39.747	140.612	14.126	92.165	1.928
932	38.065	137.72	13.78	89.583	1.834
933	38.169	135.063	13.633	86.35	1.756
934	39.27	137.388	13.539	87.664	1.912
935	39.103	134.444	13.941	86.325	1.789
936	39.464	140.864	14.296	90.322	1.927
937	38.937	134.672	13.984	86.677	1.78
938	38.8	135.467	13.644	86.913	1.767
939	39.434	134.746	13.766	86.338	1.759
940	38.753	140.642	13.663	89.414	1.904
941	39.28	138.681	14.028	89.625	1.918
942	38.881	135.778	14.139	88.546	1.76
943	38.774	138.98	13.978	90.411	1.852
944	39.45	140.259	13.88	89.862	1.943
945	38.505	140.752	14.569	93.294	1.921
946	38.895	136.717	14.123	87.47	1.809
947	39.735	138.515	14.323	90.777	1.837
948	38.926	136.548	13.755	86.671	1.746
949	39.425	139.675	14.254	89.628	1.825
950	38.319	136.419	13.39	89.294	1.831
951	38.76	136.046	13.628	86.365	1.819
952	38.081	135.22	13.481	88.178	1.792
953	38.328	134.943	13.832	87.472	1.781
954	38.732	134.812	14.413	87.588	1.744
955	38.573	138.959	14.103	89.629	1.873
956	38.89	139.464	13.425	90.484	1.854
957	39.446	134.149	13.816	86.385	1.782
958	39.687	136.556	13.767	88.215	1.817
959	39.637	137.512	13.804	88.608	1.844
960	39.108	138.469	14.123	89.186	1.858
961	38.569	136.126	14.109	88.989	1.841
962	40.01	140.208	14.199	91.185	1.92
963	38.652	133.023	13.984	85.608	1.778
964	39.941	139.599	14.758	91.956	1.866
965	39.136	135.237	14.134	89.548	1.771
966	38.559	136.705	13.937	89.163	1.83
967	39.31	137.913	14.23	89.175	1.81
968	38.671	134.673	14.078	87.304	1.842
969	38.667	137.008	13.746	86.819	1.847
970	38.876	133.932	13.99	86.833	1.746
971	38.53	136.434	13.604	86.81	1.869
972	40.439	142.419	14.313	91.33	1.946
973	39.062	138.434	13.753	88.849	1.85
974	39.345	139.136	14.089	91.844	1.948
975	38.542	137.031	13.86	88.877	1.771
976	39.288	136.365	13.787	88.732	1.805
977	38.958	137.469	14.342	87.398	1.817
978	38.443	137.627	13.608	87.254	1.803
979	38.795	138.353	14.026	89.679	1.882
980	38.558	136.81	14.103	88.661	1.842
981	39.55	136.918	13.437	88.463	1.867
982	38.391	132.563	14.027	85.818	1.791
983	38.805	134.868	14.052	89.115	1.819
984	38.726	136.658	13.758	87.787	1.799
985	38.374	135.012	13.722	87.241	1.756
986	40.025	142.175	14.004	92.734	1.889
987	38.192	136.024	13.827	88.418	1.868
988	39.18	140.07	13.966	90.164	1.927
989	38.406	134.832	13.598	86.867	1.785
990	39.392	135.888	14.256	88.54	1.813
991	39.536	142.407	14.664	92.151	1.947
992	37.854	132.148	13.935	85.76	1.738
993	38.818	139.294	14.135	90.602	1.895
994	39.018	136.818	14.429	90.891	1.814
995	38.338	137.202	13.41	87.823	1.848
996	39.925	138.956	14.505	90.941	1.874
997	38.807	138.342	14.004	91.617	1.883
998	38.479	132.504	13.894	86.053	1.724
999	40.355	140.01	14.463	90.554	1.844
1000	39.093	137.836	13.888	89.099	1.897
