Iteration	L1	L1 %	L2	L2 %	KL Divergence
1	13.024	89.772	3.505	54.105	0.884
2	14.173	91.322	4.371	57.993	0.907
3	13.602	90.372	3.959	56.01	0.917
4	14.361	93.398	4.11	57.662	0.883
5	13.449	84.802	3.997	53.229	0.848
6	13.292	91.036	3.747	56.821	0.912
7	14.877	94.846	4.255	57.645	0.938
8	12.908	90.05	3.676	57.356	0.934
9	12.81	84.722	3.648	53.906	0.819
10	12.994	88.029	3.699	54.631	0.894
11	14.698	97.564	4.362	61.005	0.953
12	13.787	91.435	3.805	56.493	0.917
13	13.267	94.148	3.751	57.398	0.967
14	13.944	91.407	3.925	56.774	0.896
15	13.199	85.845	3.617	53.906	0.85
16	13.682	90.561	3.753	55.53	0.928
17	13.486	88.611	3.767	54.451	0.867
18	13.854	91.557	3.759	56.106	0.928
19	13.032	78.949	3.498	49.347	0.755
20	13.78	91.761	4.024	56.658	0.868
21	14.767	92.675	4.353	56.374	0.908
22	12.943	87.918	3.76	54.263	0.883
23	12.961	94.443	3.74	58.232	0.966
24	13.385	88.138	3.714	53.487	0.874
25	14.146	94.419	4.048	59.187	0.941
26	13.72	93.856	3.797	56.529	0.991
27	12.538	83.482	3.53	53.118	0.812
28	13.497	84.994	3.736	52.322	0.818
29	14.093	92.695	3.928	56.939	0.888
30	14.408	91.653	4.029	56.225	0.878
31	14.305	94.916	3.902	56.85	1.002
32	13.72	90.576	4.024	57.509	0.878
33	14.131	90.411	4.056	56.334	0.89
34	12.795	88.862	3.671	56.438	0.889
35	13.978	91.672	3.804	56.74	0.943
36	13.213	86.794	3.596	53.5	0.874
37	12.533	85.969	3.774	55.329	0.854
38	13.441	89.571	3.811	55.5	0.922
39	13.764	89.53	3.932	56.379	0.928
40	13.308	88.441	3.83	54.224	0.872
41	13.914	85.306	3.76	52.917	0.818
42	13.312	88.607	3.997	56.808	0.879
43	13.773	89.518	3.939	55.54	0.855
44	15.008	93.534	4.483	58.607	0.905
45	13.954	93.769	4.053	58.161	0.973
46	12.583	88.397	3.629	54.12	0.865
47	12.695	86.322	3.47	53.233	0.898
48	13.302	91.383	3.798	56.49	0.945
49	14.223	91.761	4.257	57.626	0.943
50	13.083	88.606	3.614	54.138	0.935
51	13.503	91.774	3.672	55.527	0.919
52	13.815	95.461	4.217	60.019	0.986
53	13.336	88.211	3.774	54.321	0.896
54	13.665	88.725	3.837	54.892	0.877
55	12.158	76.038	3.471	47.278	0.727
56	13.531	91.655	3.746	56.696	0.897
57	14.927	93.79	4.162	57.557	0.917
58	13.382	90.998	3.665	55.549	0.925
59	14.056	82.214	4.146	49.976	0.787
60	13.447	90.431	3.927	56.812	0.932
61	14.332	89.698	4.069	54.426	0.866
62	14.981	94.28	4.362	57.595	0.927
63	14.229	87.97	3.798	56.368	0.851
64	13.512	92.183	3.819	57.281	0.911
65	13.582	91.088	3.68	54.786	0.903
66	13.834	87.179	3.843	54.197	0.853
67	13.067	92.634	3.788	58.79	0.942
68	13.102	84.904	3.667	52.693	0.821
69	13.083	85.435	3.752	52.556	0.82
70	13.871	89.601	3.761	55.943	0.865
71	13.57	86.082	3.808	52.878	0.863
72	13.217	84.937	3.732	53.053	0.82
73	13.167	87.573	3.707	53.787	0.86
74	13.33	90.173	3.708	57.102	0.934
75	14.019	90.648	3.943	56.304	0.92
76	14.019	89.593	3.956	56.899	0.869
77	13.829	88.292	3.941	54.8	0.862
78	13.367	85.4	3.829	53.64	0.821
79	13.096	85.455	3.703	53.446	0.861
80	14.109	91.918	4.322	57.196	0.871
81	12.919	89.324	3.582	54.121	0.898
82	13.581	90.213	3.897	55.66	0.912
83	13.509	91.67	3.827	55.301	0.931
84	13.629	91.202	3.826	56.183	0.94
85	13.922	90.464	3.924	56.701	0.873
86	13.827	89.75	3.937	54.983	0.916
87	13.392	93.761	3.723	57.478	0.95
88	12.833	87.441	3.689	55.15	0.887
89	14.4	90.596	4.192	55.116	0.882
90	11.996	84.953	3.513	54.053	0.823
91	13.9	90.842	3.8	57.782	0.905
92	14.578	93.858	4.121	57.154	0.897
93	13.134	86.317	3.548	53.911	0.845
94	13.059	89.664	3.531	54.562	0.873
95	13.62	86.536	3.796	52.037	0.824
96	13.744	87.628	4.016	53.774	0.851
97	13.701	85.618	3.76	52.79	0.799
98	13.288	88.97	3.741	56.591	0.921
99	15.049	92.121	4.273	56.299	0.875
100	14.109	94.793	3.912	57.886	0.963
101	12.359	87.939	3.569	53.084	0.919
102	13.791	89.389	3.815	55.619	0.897
103	13.952	88.237	3.911	54.454	0.842
104	15.201	89.87	4.235	55.761	0.885
105	13.279	87.185	3.985	55.527	0.853
106	13.911	90.039	4.005	56.008	0.867
107	13.087	84.126	3.632	51.308	0.794
108	13.092	92.602	3.755	58.427	0.941
109	12.886	90.098	3.711	56.662	0.931
110	14.398	90.744	4.02	55.61	0.894
111	14.301	94.897	3.993	59.018	0.967
112	14.366	90.551	3.986	55.233	0.928
113	13.161	88.167	3.793	55.487	0.881
114	12.783	87.739	3.681	53.479	0.874
115	13.704	89.721	3.857	55.599	0.909
116	12.742	86.256	3.473	53.753	0.859
117	12.551	82.68	3.681	51.483	0.833
118	13.178	90.904	3.601	56.445	0.919
119	12.907	90.394	3.666	55.39	0.926
120	13.561	89.571	3.782	55.337	0.884
121	13.589	86.448	3.742	53.204	0.821
122	13.45	89.263	3.72	54.674	0.906
123	12.525	84.19	3.606	53.119	0.824
124	13.738	89.553	3.828	54.272	0.895
125	13.486	83.8	3.799	53.872	0.828
126	14.232	90.026	4.101	57.256	0.879
127	13.86	89.758	3.802	55.835	0.916
128	14.149	89.828	4.134	56.884	0.884
129	13.935	87.205	3.816	53.54	0.849
130	14.579	92.996	4.287	58.108	0.917
131	13.271	90.836	3.833	56.472	0.932
132	13.676	80.702	3.682	50.438	0.744
133	14.664	90.27	4.424	55.429	0.863
134	13.427	90.136	3.776	55.249	0.869
135	13.467	87.144	3.689	52.762	0.848
136	13.636	86.783	4.013	53.406	0.83
137	13.415	86.01	3.869	53.537	0.838
138	13.517	90.604	3.634	55.318	0.901
139	13.631	86.434	3.62	53.152	0.872
140	13.869	91.032	3.708	55.845	0.895
141	13.271	87.385	3.736	54.278	0.854
142	13.701	89.051	3.776	54.433	0.889
143	12.531	92.707	3.565	55.859	0.938
144	14.073	92.129	4.053	57.053	0.897
145	13.92	92.446	3.971	57.394	0.917
146	14.163	92.633	3.989	57.602	0.929
147	13.798	90.863	3.801	56.765	0.869
148	14.145	90.669	3.884	54.934	0.88
149	14.182	90.643	4.034	56.948	0.871
150	12.983	92.117	3.626	56.5	0.961
151	13.16	92.817	3.607	56.902	0.95
152	14.124	93.083	4.264	58.077	0.889
153	13.935	94.295	3.962	58.451	0.942
154	13.764	90.042	3.86	55.732	0.874
155	14.207	95.773	3.922	59.137	0.975
156	12.686	83.235	3.581	52.434	0.839
157	14.214	89.624	4.187	55.492	0.891
158	13.718	91.186	3.733	55.462	0.925
159	13.584	89.043	3.796	54.572	0.892
160	14.173	87.84	4.082	54.069	0.83
161	13.529	90.445	3.685	56.245	0.918
162	13.379	91.559	3.771	56.068	0.926
163	13.829	88.896	4.01	55.069	0.872
164	12.678	89.858	3.645	56.681	0.962
165	14.226	97.704	4.016	59.043	0.982
166	13.732	86.699	3.82	53.145	0.886
167	12.573	84.236	3.703	54.319	0.829
168	13.869	91.795	3.95	57.665	0.908
169	13.221	83.788	3.74	51.225	0.839
170	14.134	94.501	3.92	59.018	0.955
171	14.496	91.817	4.326	57.931	0.911
172	13.767	90.445	3.994	56.013	0.896
173	14.28	92.914	4.007	57.312	0.903
174	14.069	90.732	3.96	56.933	0.885
175	14.411	90.287	3.943	56.338	0.887
176	13.546	87.875	3.702	54.394	0.868
177	14.193	90.557	3.949	55.554	0.875
178	13.058	85.948	3.751	53.809	0.87
179	13.635	93.843	3.868	57.711	0.962
180	14.253	87.073	3.963	54.334	0.862
181	13.767	89.82	3.91	56.543	0.873
182	14.24	86.943	4.198	52.588	0.866
183	13.984	89.966	3.88	55.826	0.911
184	13.434	91.121	3.797	55.638	0.907
185	13.805	92.022	3.985	57.589	0.923
186	13.541	93.428	3.817	59.206	0.953
187	12.551	86.44	3.694	55.602	0.918
188	13.669	95.387	3.825	57.991	0.998
189	13.372	91.344	3.857	56.354	0.968
190	13.476	86.788	3.786	53.957	0.849
191	13.972	90.734	3.989	56.031	0.865
192	13.86	90.762	3.968	55.812	0.936
193	13.11	83.67	3.709	51.697	0.855
194	13.831	89.247	4.008	54.967	0.915
195	13.978	88.396	3.791	54.68	0.865
196	14.426	91.163	4.002	54.578	0.902
197	13.063	87.2	3.605	54.127	0.862
198	13.417	93.086	3.94	56.38	0.953
199	13.077	84.242	3.546	53.223	0.849
200	13.18	88.762	3.722	54.831	0.875
201	13.47	92.282	3.836	56.907	0.929
202	14.445	92.452	4.207	57.076	0.957
203	13.753	95.512	3.879	58.483	0.958
204	13.978	92.156	3.802	56.315	0.912
205	14.136	91.027	4.209	57.205	0.898
206	13.748	80.736	3.696	50.452	0.749
207	13.195	84.128	3.681	52.984	0.867
208	12.952	86.866	3.79	54.783	0.836
209	13.971	86.906	3.863	53.608	0.852
210	13.561	92.737	3.712	58.084	0.927
211	13.972	86.92	4.007	54.693	0.846
212	13.502	90.682	3.72	55.473	0.879
213	13.202	85.847	3.644	54.829	0.857
214	14.62	95.876	4.207	59.429	0.989
215	14.174	92.497	4.023	58.421	0.884
216	13.665	88.976	3.71	54.909	0.87
217	14.073	92.802	3.965	57.151	0.941
218	13.601	90.38	3.902	56.945	0.928
219	13.067	87.965	3.551	53.523	0.884
220	14.133	89.301	3.96	56.454	0.895
221	13.241	88.968	3.653	54.888	0.911
222	14.09	82.098	3.936	52.223	0.778
223	13.095	89.152	3.679	55.873	0.891
224	12.806	85.825	3.697	52.507	0.822
225	13.324	91.16	3.865	56.71	0.92
226	12.936	87.759	3.619	54.753	0.859
227	14.232	91.277	4.004	55.698	0.877
228	13.13	84.504	3.759	54.574	0.83
229	13.989	89.765	3.876	53.967	0.901
230	13.417	86.966	3.86	53.128	0.92
231	12.645	90.086	3.499	55.452	0.953
232	13.248	95.154	3.638	57.74	0.98
233	15.579	97.104	4.385	58.845	0.947
234	13.237	89.401	3.851	55.095	0.884
235	14.269	87.882	4.091	54.023	0.865
236	15.712	94.249	4.67	58.12	0.922
237	13.136	90.739	3.525	54.386	0.97
238	13.933	88.973	4.039	55.56	0.905
239	14.148	91.463	3.916	57.055	0.885
240	14.106	89.634	3.825	56.298	0.882
241	12.802	87.899	3.593	53.175	0.909
242	13.218	89.895	3.877	56.049	0.884
243	14.285	90.196	3.981	56.181	0.899
244	13.112	92.782	3.783	58.325	0.942
245	13.663	86.226	3.728	53.652	0.847
246	14.753	92.504	4.303	56.905	0.893
247	14.194	93.301	4.2	56.657	0.913
248	13.996	90.919	3.856	55.758	0.87
249	13.425	89.336	3.695	55.028	0.887
250	12.516	88.777	3.531	55.288	0.938
251	12.758	83.268	3.64	53.265	0.797
252	12.721	83.686	3.53	51.598	0.851
253	14.26	90.85	4.255	56.652	0.896
254	13.121	88.174	3.687	55.749	0.902
255	14.25	88.092	3.983	55.928	0.863
256	13.38	93.72	3.728	58.219	0.947
257	14.512	90.503	3.941	56.17	0.925
258	13.6	85.822	3.652	52.902	0.873
259	13.894	89.341	3.755	54.911	0.891
260	13.628	92.419	3.935	58.182	0.92
261	13.818	86.126	3.982	54.774	0.859
262	13.781	91.478	3.922	55.227	0.935
263	13.171	88.334	3.578	55.447	0.89
264	13.598	95.44	4.006	58.383	1.002
265	12.264	92.07	3.449	56.86	0.99
266	13.852	88.19	3.871	54.746	0.858
267	14.287	83.819	3.946	50.348	0.775
268	13.919	88.54	4.077	54.58	0.888
269	14.896	92.4	4.718	58.911	0.902
270	13.643	88.025	3.787	55.179	0.839
271	13.611	86.283	3.807	54.265	0.876
272	13.259	89.475	3.631	55.118	0.89
273	13.731	90.098	3.956	55.656	0.936
274	14.01	92.74	4.085	59.817	0.93
275	14.068	95.433	3.762	57.739	1.001
276	13.182	86.15	3.593	53.785	0.857
277	13.362	88.82	3.691	55.191	0.891
278	13.641	95.727	3.887	58.562	0.994
279	13.748	83.615	4.013	53.054	0.846
280	13.026	86.308	3.512	52.843	0.888
281	14.073	90.575	3.918	56.247	0.89
282	12.588	88.152	3.576	53.326	0.88
283	14.165	92.095	3.879	56.884	0.901
284	13.171	88.22	3.628	54.324	0.933
285	13.213	84.506	3.793	52.679	0.831
286	13.336	85.625	3.643	53.445	0.829
287	13.577	87.301	3.921	52.185	0.868
288	13.305	85.576	3.786	53.479	0.827
289	13.167	86.156	3.709	51.191	0.861
290	15.243	94.02	4.2	58.251	0.918
291	13.813	88.902	4.041	56.145	0.872
292	13.473	87.222	3.868	54.195	0.876
293	14.328	90.006	3.854	56.681	0.873
294	14.668	95.269	4.166	58.23	0.909
295	14.002	89.463	3.824	55.056	0.862
296	13.087	86.753	3.688	53.611	0.866
297	13.675	91.667	3.841	56.448	0.96
298	13.786	85.945	3.807	52.302	0.837
299	14.576	96.072	4.21	57.479	0.97
300	14.334	88.162	4.133	52.738	0.879
301	12.926	87.306	3.651	53.983	0.868
302	13.242	86.735	3.679	54.342	0.86
303	14.299	87.519	4.147	55.755	0.824
304	13.187	94.132	3.657	58.469	0.981
305	13.622	92.521	3.837	58.283	0.906
306	13.155	85.262	3.695	54.925	0.878
307	13.679	89.197	3.872	54.52	0.874
308	13.214	87.025	3.541	53.984	0.854
309	13.372	88.564	3.785	55.361	0.821
310	14.613	89.405	4.178	55.015	0.865
311	14.325	91.222	4.0	56.956	0.917
312	13.667	93.204	3.71	56.971	0.928
313	14.164	91.853	4.066	55.057	0.922
314	13.189	87.384	3.616	54.649	0.872
315	14.765	96.552	4.277	59.297	0.971
316	15.137	93.513	4.056	56.821	0.899
317	13.434	92.2	3.974	57.6	0.906
318	12.806	86.982	3.545	54.947	0.917
319	14.922	91.105	4.204	55.395	0.915
320	13.455	87.602	3.704	53.81	0.857
321	14.317	93.602	3.955	57.252	0.915
322	14.388	92.02	4.06	56.706	0.885
323	13.411	86.885	3.827	54.73	0.847
324	14.21	95.168	3.838	58.463	0.954
325	13.839	91.629	3.925	57.839	0.954
326	15.253	92.12	4.436	56.979	0.899
327	13.013	85.531	3.562	53.975	0.857
328	13.859	87.152	3.964	54.535	0.855
329	14.319	90.195	4.416	57.07	0.872
330	14.342	92.098	4.152	56.767	0.913
331	13.03	89.465	3.642	56.782	0.895
332	13.28	92.596	3.829	56.72	0.959
333	13.168	88.025	3.731	54.761	0.895
334	12.477	90.528	3.523	54.53	0.979
335	13.914	83.818	4.008	51.381	0.783
336	13.334	88.355	3.703	54.184	0.892
337	13.465	93.991	3.932	59.117	0.968
338	13.551	88.392	3.733	55.041	0.867
339	13.482	88.434	3.69	54.103	0.882
340	14.476	91.77	4.152	57.161	0.905
341	14.221	96.196	4.004	61.698	0.964
342	12.559	83.798	3.678	54.843	0.845
343	14.097	92.856	4.053	58.141	0.957
344	13.656	93.761	4.104	56.603	0.93
345	14.635	92.516	4.089	58.28	0.945
346	12.755	82.742	3.644	52.622	0.836
347	14.221	87.329	4.061	55.31	0.863
348	13.677	89.456	3.865	55.895	0.914
349	13.911	91.481	4.123	57.573	0.92
350	13.988	91.162	4.052	57.906	0.908
351	14.155	92.805	3.914	57.053	0.925
352	14.77	94.399	4.077	58.469	0.931
353	13.636	90.251	3.824	55.511	0.923
354	13.587	91.09	3.802	57.321	0.916
355	13.911	88.807	3.922	55.432	0.87
356	13.263	90.844	3.653	56.377	0.924
357	13.542	88.906	4.007	55.588	0.862
358	12.519	89.0	3.479	55.734	0.889
359	13.122	89.963	3.769	56.163	0.938
360	13.779	86.376	3.959	54.049	0.864
361	13.386	86.63	3.716	54.981	0.864
362	14.168	90.801	3.933	57.684	0.901
363	14.735	93.466	4.204	57.781	0.93
364	12.907	84.231	3.54	52.789	0.815
365	12.255	79.357	3.48	50.789	0.758
366	12.908	90.817	3.532	55.126	0.908
367	13.614	85.02	3.806	51.765	0.802
368	13.125	94.819	3.755	58.792	0.991
369	13.309	88.38	3.892	56.052	0.895
370	13.091	91.052	3.681	56.711	0.915
371	12.371	87.184	3.511	55.203	0.904
372	13.319	85.758	3.771	53.663	0.866
373	13.031	86.5	3.712	54.038	0.827
374	13.653	88.732	3.731	55.084	0.861
375	13.754	92.175	4.055	56.808	0.914
376	13.486	93.525	3.926	55.662	0.911
377	13.981	87.581	3.825	54.049	0.888
378	12.577	87.99	3.484	55.057	0.86
379	13.486	88.711	3.767	54.154	0.868
380	14.141	90.906	4.111	52.692	0.905
381	13.263	86.517	3.793	52.052	0.858
382	12.813	84.975	3.505	53.083	0.836
383	13.637	83.749	3.917	50.902	0.824
384	14.678	89.292	4.265	53.872	0.864
385	13.534	89.691	3.729	54.477	0.877
386	14.472	91.996	4.279	56.936	0.927
387	13.865	89.323	3.89	55.323	0.895
388	12.745	89.68	3.757	54.597	0.928
389	12.131	83.242	3.5	51.051	0.833
390	12.817	87.001	3.669	53.419	0.853
391	13.37	87.493	3.808	51.965	0.886
392	13.353	93.692	3.91	58.027	0.953
393	12.997	85.321	3.614	54.035	0.838
394	13.991	91.722	4.041	55.989	0.939
395	13.783	89.156	3.838	54.669	0.918
396	13.63	87.743	3.851	55.233	0.854
397	14.007	88.289	4.034	54.691	0.863
398	14.771	90.376	4.134	55.67	0.884
399	13.238	91.283	3.633	56.373	0.913
400	13.85	89.579	3.927	55.163	0.917
401	14.498	92.101	4.115	58.023	0.926
402	12.088	85.918	3.409	54.897	0.904
403	14.721	94.849	4.29	59.79	0.912
404	13.921	92.515	4.078	56.823	0.928
405	14.751	93.599	4.076	57.416	0.925
406	12.79	77.37	3.597	48.033	0.736
407	13.766	88.206	3.979	54.621	0.882
408	14.119	89.017	3.963	55.702	0.848
409	13.778	90.041	3.98	56.515	0.871
410	13.354	85.913	3.719	54.299	0.884
411	12.82	86.557	3.677	54.172	0.86
412	14.751	96.683	4.187	57.622	0.965
413	13.507	85.844	3.843	54.338	0.859
414	13.823	84.583	4.04	52.977	0.813
415	13.721	93.721	3.853	59.664	0.963
416	13.175	86.58	3.747	54.761	0.872
417	12.541	85.288	3.741	54.951	0.885
418	12.683	88.992	3.669	56.238	0.905
419	12.52	82.79	3.587	52.629	0.827
420	12.551	84.499	3.436	52.134	0.843
421	13.564	88.901	3.776	55.246	0.872
422	13.931	91.885	3.895	55.632	0.917
423	12.043	83.182	3.349	51.396	0.863
424	13.197	85.761	3.721	53.759	0.826
425	13.024	90.848	3.698	56.335	0.918
426	13.717	83.749	3.876	53.527	0.843
427	12.578	88.248	3.583	54.799	0.863
428	13.084	85.526	3.759	52.799	0.826
429	14.29	89.077	4.043	55.526	0.882
430	13.555	91.957	3.646	57.646	0.913
431	13.6	91.301	3.772	56.805	0.893
432	13.439	90.184	3.7	55.346	0.889
433	13.683	89.084	3.963	55.735	0.882
434	13.469	91.126	3.785	56.599	0.92
435	13.941	86.681	3.862	52.883	0.874
436	14.29	86.909	3.837	53.427	0.86
437	13.26	86.948	3.671	53.879	0.858
438	14.005	89.08	4.203	56.685	0.876
439	13.876	91.972	3.918	55.675	0.947
440	13.518	92.415	3.84	56.594	0.938
441	12.789	89.05	3.699	55.129	0.868
442	12.907	88.979	3.544	54.986	0.93
443	14.422	88.656	4.063	55.531	0.828
444	13.6	93.54	3.817	57.87	0.979
445	12.157	84.489	3.47	52.188	0.858
446	14.329	93.938	4.028	58.548	0.965
447	13.614	86.59	3.879	54.653	0.874
448	13.556	91.108	3.778	57.084	0.936
449	13.759	90.429	3.873	57.052	0.904
450	13.887	91.231	3.982	56.058	0.938
451	13.162	89.143	3.606	56.282	0.923
452	14.09	87.836	4.245	53.856	0.86
453	14.166	84.483	3.874	51.784	0.818
454	14.127	86.903	3.779	54.195	0.846
455	13.594	92.147	3.743	56.199	0.938
456	12.525	87.137	3.507	53.634	0.903
457	14.2	91.716	4.256	55.891	0.89
458	12.542	89.168	3.777	53.941	0.895
459	12.177	88.344	3.415	54.839	0.905
460	13.689	89.571	3.779	54.58	0.889
461	13.831	90.358	3.823	55.355	0.862
462	11.79	84.021	3.422	51.562	0.866
463	13.597	91.465	3.832	56.502	0.968
464	13.883	88.356	3.829	54.891	0.855
465	13.417	89.211	3.754	55.602	0.902
466	14.046	83.586	4.062	52.312	0.758
467	13.738	89.34	3.914	55.484	0.918
468	13.456	87.97	3.833	56.174	0.848
469	12.756	86.06	3.586	53.813	0.868
470	13.587	88.205	3.952	54.879	0.872
471	14.398	94.528	3.865	56.888	0.933
472	14.026	90.661	3.948	56.519	0.929
473	14.423	82.894	4.151	51.694	0.763
474	12.427	85.205	3.534	52.707	0.872
475	12.742	86.785	3.673	53.316	0.886
476	14.148	95.696	4.11	59.373	0.967
477	14.74	92.551	4.41	56.567	0.874
478	15.018	90.458	4.416	57.449	0.839
479	14.017	93.867	4.073	57.765	0.937
480	12.944	85.106	3.687	51.787	0.859
481	14.892	95.97	4.238	59.924	0.982
482	13.783	89.384	3.929	56.694	0.859
483	13.265	86.101	3.688	53.947	0.87
484	13.125	87.02	3.723	53.57	0.894
485	14.137	91.692	4.086	56.217	0.94
486	14.603	93.441	4.102	55.799	0.953
487	13.924	94.721	4.034	59.741	0.987
488	13.067	83.894	3.462	51.371	0.866
489	13.469	91.855	3.739	55.991	0.932
490	14.069	90.16	4.284	56.665	0.903
491	13.134	88.41	3.728	55.743	0.895
492	14.228	91.069	4.063	57.852	0.88
493	14.328	93.55	3.916	57.017	0.918
494	14.123	91.227	3.899	57.804	0.892
495	14.334	90.777	4.034	56.138	0.903
496	12.939	88.761	3.68	56.048	0.903
497	12.725	87.678	3.566	53.239	0.877
498	13.679	86.847	3.792	53.136	0.873
499	13.07	85.788	3.62	53.768	0.89
500	13.475	93.901	3.841	58.164	0.921
501	13.542	89.9	4.059	56.149	0.879
502	13.46	88.53	3.713	55.145	0.882
503	14.276	93.666	3.89	58.044	0.93
504	13.406	90.302	3.828	57.886	0.941
505	13.872	94.203	3.813	56.703	0.928
506	12.407	81.257	3.387	49.817	0.805
507	15.105	99.126	4.184	60.296	0.997
508	13.377	90.786	3.584	55.701	0.899
509	14.939	86.937	4.535	53.865	0.817
510	12.864	85.316	3.587	54.37	0.874
511	13.682	86.2	3.877	53.844	0.868
512	13.366	92.609	4.049	57.054	0.965
513	14.194	91.955	4.045	57.665	0.889
514	13.422	88.736	3.855	54.252	0.907
515	14.448	86.992	4.015	54.566	0.839
516	13.079	86.5	3.705	53.127	0.873
517	13.169	89.795	3.751	54.224	0.903
518	12.743	81.789	3.411	51.813	0.801
519	13.297	96.19	3.826	58.801	0.996
520	13.475	82.366	3.664	51.291	0.804
521	13.864	90.297	3.745	55.156	0.906
522	13.948	93.415	3.871	58.675	0.95
523	13.475	91.415	3.964	57.595	0.885
524	13.584	89.488	3.875	54.253	0.895
525	13.762	97.109	3.886	59.464	1.016
526	15.187	91.62	4.172	55.388	0.891
527	12.613	89.125	3.598	55.777	0.903
528	13.723	90.136	3.788	56.15	0.889
529	13.917	88.886	4.2	55.556	0.863
530	12.794	87.119	3.686	55.345	0.875
531	13.345	86.291	3.683	52.693	0.853
532	13.363	93.643	3.995	58.818	0.921
533	13.436	87.811	3.828	54.027	0.873
534	12.999	83.833	3.595	52.232	0.85
535	13.969	92.588	4.021	58.15	0.902
536	13.881	90.147	3.927	56.815	0.891
537	14.052	87.591	3.717	54.635	0.836
538	13.831	96.086	3.937	59.762	0.96
539	13.599	90.847	3.818	55.379	0.911
540	13.898	88.306	3.855	53.252	0.893
541	14.284	93.143	4.114	57.36	0.957
542	14.394	88.813	4.042	54.22	0.882
543	13.61	91.651	3.703	56.116	0.958
544	14.99	94.083	4.24	57.7	0.905
545	13.3	88.21	3.796	56.555	0.946
546	12.861	86.466	3.578	53.671	0.848
547	13.676	86.493	3.666	53.42	0.842
548	13.58	87.989	3.715	53.771	0.893
549	13.226	86.733	3.793	55.618	0.868
550	13.72	92.488	3.941	56.003	0.925
551	13.383	87.786	3.843	53.274	0.909
552	12.52	84.588	3.526	52.22	0.862
553	13.446	87.146	3.84	53.84	0.837
554	14.972	92.518	4.294	56.066	0.933
555	13.18	90.247	3.763	55.852	0.902
556	13.349	93.735	3.77	58.088	0.958
557	13.675	87.743	3.757	54.783	0.854
558	11.88	88.445	3.404	55.639	0.894
559	13.89	93.229	3.746	56.222	0.981
560	12.962	87.985	3.87	55.791	0.888
561	13.021	86.589	3.598	52.238	0.867
562	13.645	86.474	3.907	54.686	0.849
563	13.845	92.345	3.839	55.289	0.931
564	13.209	83.545	3.707	53.158	0.801
565	14.086	88.348	3.933	55.104	0.853
566	12.835	89.451	3.808	56.589	0.904
567	13.246	86.446	3.556	53.725	0.847
568	13.404	86.369	3.695	53.068	0.856
569	14.521	90.984	3.957	55.596	0.9
570	14.066	90.372	3.879	55.985	0.911
571	13.827	91.913	3.807	56.337	0.953
572	12.479	91.269	3.752	57.552	0.936
573	14.286	94.255	3.976	57.337	0.924
574	13.617	91.272	3.933	58.545	0.931
575	13.23	88.449	3.645	53.486	0.864
576	13.133	91.365	3.598	56.02	0.932
577	14.121	93.777	3.953	56.858	0.953
578	13.454	90.074	3.712	54.375	0.908
579	13.567	94.484	4.193	60.277	0.972
580	13.526	89.867	3.708	54.495	0.929
581	13.837	93.513	4.018	56.749	0.951
582	14.069	93.489	3.748	58.381	0.908
583	14.368	95.859	3.943	58.296	0.956
584	14.738	94.406	4.423	58.81	0.916
585	12.34	85.238	3.498	53.451	0.881
586	12.867	92.52	3.642	56.24	0.991
587	13.27	86.848	3.601	54.031	0.832
588	13.896	88.072	3.852	55.718	0.874
589	12.903	90.58	3.746	55.543	0.935
590	12.901	86.338	3.752	56.086	0.894
591	13.314	87.068	3.675	53.45	0.875
592	13.366	95.686	3.78	58.642	0.988
593	13.958	89.184	4.004	55.245	0.893
594	13.505	88.574	3.924	56.77	0.876
595	14.51	92.615	4.125	58.369	0.949
596	14.356	88.022	4.058	55.616	0.871
597	13.22	89.804	3.94	56.841	0.938
598	13.135	87.189	3.637	53.067	0.88
599	13.198	85.919	3.577	53.229	0.861
600	14.234	87.486	4.063	55.419	0.852
601	13.477	83.745	3.674	51.325	0.817
602	13.914	95.239	3.859	57.933	0.965
603	15.511	97.068	4.553	58.684	0.96
604	12.847	86.754	3.606	53.333	0.874
605	14.628	85.264	4.211	53.385	0.82
606	15.063	90.374	4.342	54.383	0.877
607	14.449	90.318	4.202	55.432	0.874
608	14.151	87.855	3.988	55.601	0.888
609	13.17	85.87	3.901	55.323	0.809
610	14.262	91.502	3.884	55.148	0.907
611	13.342	91.456	3.754	56.856	0.908
612	14.218	93.187	4.042	57.058	0.935
613	13.364	87.443	3.698	53.096	0.844
614	14.241	87.23	3.846	52.23	0.824
615	12.233	87.744	3.447	53.626	0.87
616	14.471	85.3	3.964	54.857	0.823
617	13.224	88.54	3.838	55.295	0.89
618	12.914	87.454	3.7	54.823	0.871
619	13.954	94.037	3.709	57.948	0.951
620	12.383	88.684	3.422	54.166	0.914
621	14.275	92.947	4.183	58.294	0.928
622	14.281	94.722	3.82	59.08	0.962
623	13.698	88.492	3.8	55.256	0.867
624	13.191	87.888	3.704	53.8	0.901
625	13.968	87.564	4.051	53.83	0.823
626	14.566	90.908	4.006	55.26	0.891
627	12.474	88.215	3.554	54.357	0.923
628	13.429	92.592	4.042	58.743	0.934
629	13.858	90.356	3.974	54.897	0.866
630	14.813	97.836	4.341	60.872	1.016
631	12.978	88.161	3.677	55.017	0.907
632	14.331	89.892	3.942	55.35	0.881
633	14.84	92.983	4.273	57.501	0.946
634	13.921	91.309	4.16	56.644	0.875
635	13.374	86.188	3.684	54.242	0.829
636	12.875	84.784	3.507	52.498	0.892
637	13.378	91.934	3.544	56.662	0.918
638	14.689	94.461	4.044	57.873	0.925
639	13.752	91.033	3.842	55.499	0.912
640	13.192	87.976	3.682	56.058	0.882
641	13.841	90.196	3.823	56.136	0.883
642	12.706	89.755	3.632	55.975	0.884
643	12.912	89.356	3.626	54.313	0.926
644	13.537	95.216	3.751	59.478	0.954
645	13.293	89.485	3.695	55.723	0.919
646	13.267	85.684	3.621	52.547	0.848
647	13.254	91.943	3.901	56.713	0.944
648	14.298	92.82	4.039	56.123	0.894
649	13.755	86.51	3.911	53.767	0.798
650	14.991	91.288	4.358	56.075	0.875
651	13.365	87.141	3.757	53.567	0.862
652	14.879	88.149	4.288	55.098	0.847
653	13.036	86.461	3.623	52.795	0.822
654	14.028	87.484	4.065	54.178	0.835
655	14.156	94.488	3.97	57.473	0.97
656	12.929	89.293	3.676	54.976	0.92
657	14.077	89.331	3.944	57.983	0.878
658	13.973	90.507	4.168	56.232	0.93
659	13.499	88.188	3.862	54.634	0.875
660	13.603	91.462	3.892	57.411	0.893
661	12.816	77.812	3.857	48.988	0.76
662	14.47	90.244	3.888	55.071	0.882
663	13.649	91.862	3.895	56.228	0.932
664	13.588	95.491	3.923	59.083	0.991
665	13.559	87.284	3.898	55.175	0.836
666	13.881	88.317	3.903	53.617	0.878
667	12.802	89.54	3.647	55.261	0.946
668	13.277	85.807	3.631	53.604	0.852
669	13.53	90.059	3.834	56.414	0.892
670	13.184	85.864	3.677	52.653	0.86
671	12.922	86.883	3.784	55.906	0.896
672	13.598	90.559	3.927	55.335	0.888
673	13.49	89.356	3.783	56.067	0.907
674	14.954	93.021	4.287	56.653	0.936
675	13.967	85.055	3.942	52.25	0.846
676	13.035	91.521	3.556	56.241	0.914
677	14.705	92.999	4.236	57.251	0.929
678	14.408	89.128	4.17	54.992	0.854
679	14.457	89.301	4.107	54.926	0.87
680	14.421	88.35	4.331	55.57	0.862
681	13.848	94.446	3.993	58.752	0.957
682	14.189	92.726	3.943	58.829	0.943
683	12.952	86.314	3.564	53.464	0.883
684	13.262	85.219	3.709	53.65	0.87
685	14.042	84.987	3.948	53.612	0.795
686	13.705	87.154	3.683	53.783	0.88
687	13.031	89.403	3.626	54.844	0.913
688	15.323	90.742	4.685	57.941	0.863
689	13.16	92.88	3.772	57.921	0.974
690	13.589	88.269	3.712	54.567	0.877
691	13.267	81.485	3.661	51.518	0.798
692	13.653	86.316	3.674	53.56	0.839
693	12.221	84.273	3.482	51.822	0.853
694	13.042	89.964	3.533	55.116	0.919
695	13.095	88.995	3.676	54.246	0.915
696	13.412	87.32	3.789	53.844	0.865
697	13.402	92.509	3.847	58.33	0.937
698	13.611	90.416	3.719	55.889	0.909
699	12.919	87.862	3.662	56.536	0.858
700	13.0	91.86	3.688	56.38	0.942
701	13.856	88.771	3.916	55.54	0.896
702	13.148	88.388	3.668	54.695	0.911
703	13.521	90.335	3.768	54.911	0.899
704	13.708	91.377	3.828	56.964	0.946
705	13.993	96.072	4.036	59.198	0.984
706	13.161	90.892	3.784	58.447	0.922
707	14.065	91.306	3.846	55.199	0.933
708	14.481	92.016	4.037	57.527	0.919
709	13.324	87.057	3.768	53.023	0.864
710	13.459	88.644	3.814	55.106	0.929
711	14.573	94.026	4.161	58.336	0.913
712	13.399	86.96	3.58	53.124	0.854
713	13.122	85.313	3.63	53.16	0.852
714	12.943	85.587	3.61	53.854	0.853
715	12.755	89.855	3.583	57.262	0.922
716	12.769	81.926	3.63	49.88	0.798
717	14.038	90.342	4.217	55.477	0.924
718	13.567	90.142	3.946	55.163	0.939
719	13.037	89.913	3.557	56.385	0.875
720	14.774	94.741	4.412	58.099	0.967
721	14.736	88.572	4.496	54.67	0.859
722	15.39	94.413	4.5	57.433	0.919
723	13.508	89.509	3.895	55.815	0.901
724	12.841	83.222	3.586	51.546	0.823
725	13.262	88.577	3.753	54.994	0.908
726	13.211	86.593	3.597	54.838	0.865
727	13.752	85.537	3.772	53.318	0.832
728	13.402	92.041	3.77	57.509	1.01
729	14.147	86.656	4.124	54.995	0.839
730	13.021	86.101	3.727	53.562	0.871
731	14.166	91.258	4.001	55.415	0.912
732	13.244	88.316	3.699	56.222	0.908
733	13.791	93.098	3.941	56.764	0.933
734	13.686	90.916	4.016	56.187	0.891
735	14.505	90.228	4.235	55.413	0.889
736	14.894	91.281	4.048	55.043	0.886
737	13.833	94.122	3.901	58.458	0.986
738	13.386	89.455	3.613	55.325	0.916
739	14.733	90.991	4.349	57.106	0.872
740	13.767	91.277	3.841	57.17	0.953
741	12.461	85.646	3.561	51.595	0.807
742	13.997	92.41	3.8	57.603	0.933
743	13.839	85.874	3.703	51.951	0.837
744	13.796	89.855	4.137	56.371	0.896
745	13.472	84.629	3.551	53.676	0.858
746	13.589	86.864	3.916	53.192	0.846
747	13.483	87.724	3.885	54.416	0.869
748	13.251	82.576	3.536	51.707	0.814
749	14.076	90.248	4.109	56.056	0.883
750	12.583	83.138	3.587	52.716	0.84
751	13.901	87.675	3.725	54.643	0.877
752	13.924	90.08	4.073	56.447	0.854
753	13.693	87.762	3.96	54.74	0.934
754	13.682	94.547	3.869	58.562	0.961
755	13.757	89.344	3.881	55.39	0.844
756	13.523	89.727	3.875	56.22	0.883
757	14.1	89.668	4.086	55.637	0.9
758	13.75	86.401	4.003	52.861	0.828
759	13.034	89.127	3.569	54.05	0.888
760	13.421	93.108	3.742	57.515	0.962
761	14.016	89.706	3.928	55.961	0.905
762	14.051	86.907	4.102	56.111	0.817
763	13.594	94.993	3.737	57.742	0.977
764	13.376	84.308	3.646	52.746	0.814
765	12.965	87.978	3.572	54.398	0.879
766	13.724	89.862	4.353	56.404	0.883
767	13.261	91.287	3.734	57.283	0.915
768	15.114	97.975	4.346	59.973	0.944
769	13.955	88.534	3.887	54.035	0.897
770	12.66	87.795	3.634	53.967	0.892
771	12.821	82.935	3.678	50.509	0.855
772	13.854	88.096	3.89	53.775	0.88
773	13.271	89.694	3.771	56.198	0.867
774	13.143	82.706	3.665	52.25	0.823
775	13.873	90.584	3.927	55.507	0.885
776	14.461	91.389	3.983	58.781	0.867
777	14.635	92.148	4.026	56.658	0.933
778	13.428	87.749	3.633	55.005	0.868
779	13.997	83.913	3.969	52.027	0.807
780	12.662	83.58	3.406	51.349	0.847
781	13.898	91.827	3.963	55.06	0.924
782	14.509	93.561	4.039	57.65	0.897
783	14.626	91.995	3.861	56.589	0.881
784	12.387	80.274	3.587	50.277	0.777
785	14.953	90.041	4.375	55.801	0.878
786	13.603	91.896	4.203	58.418	0.905
787	15.946	96.735	4.531	58.653	0.988
788	13.03	87.46	3.635	54.198	0.898
789	13.917	93.746	3.99	59.027	0.942
790	13.813	91.935	3.825	57.58	0.945
791	13.593	90.521	3.848	56.759	0.931
792	13.66	88.116	3.694	54.247	0.863
793	13.824	92.029	3.912	56.846	0.932
794	14.414	90.193	4.172	56.594	0.87
795	13.125	87.028	3.693	54.987	0.923
796	13.674	91.276	3.757	56.99	0.93
797	13.697	88.836	3.906	54.062	0.904
798	12.967	89.184	3.683	55.079	0.878
799	14.839	94.124	4.248	57.47	0.939
800	14.493	90.227	3.943	56.406	0.916
801	13.144	83.837	3.727	52.136	0.842
802	12.677	82.722	3.636	51.773	0.836
803	14.518	89.993	4.016	55.747	0.879
804	13.321	83.796	3.609	52.078	0.833
805	14.149	95.31	4.328	59.273	0.979
806	14.013	92.115	3.932	56.185	0.908
807	14.03	85.325	3.913	53.746	0.836
808	14.413	91.045	3.936	54.983	0.875
809	12.726	83.855	3.505	50.605	0.827
810	14.294	92.737	3.865	57.695	0.935
811	13.84	88.874	3.842	54.855	0.906
812	12.725	87.229	3.575	55.288	0.86
813	14.106	94.357	3.895	57.698	0.953
814	13.97	88.227	4.036	56.187	0.933
815	13.41	88.11	3.759	54.617	0.854
816	13.048	84.082	3.601	52.458	0.827
817	14.261	88.854	3.834	54.514	0.852
818	13.5	88.351	3.694	53.872	0.889
819	13.38	83.393	3.619	52.367	0.795
820	12.955	90.09	3.651	56.056	0.934
821	14.014	92.976	3.963	56.491	0.939
822	13.083	88.759	3.772	55.439	0.905
823	13.701	89.405	3.904	55.837	0.876
824	13.579	89.111	3.8	55.486	0.867
825	12.407	85.41	3.399	51.544	0.837
826	13.624	84.293	3.903	53.173	0.832
827	14.235	95.34	3.764	58.298	0.931
828	13.298	87.876	3.693	54.298	0.863
829	13.357	88.194	3.672	55.064	0.855
830	14.258	96.624	4.046	59.228	1.017
831	12.961	84.3	3.586	52.149	0.814
832	13.521	88.333	3.901	55.148	0.859
833	14.888	90.963	4.267	55.643	0.899
834	12.646	85.12	3.738	53.812	0.867
835	14.032	85.119	3.749	52.839	0.805
836	12.752	88.821	3.585	54.993	0.903
837	12.996	90.642	3.595	54.715	0.931
838	13.825	94.272	3.867	58.233	0.922
839	13.541	92.226	4.039	57.071	0.876
840	13.558	86.956	3.789	53.348	0.89
841	13.673	95.685	3.891	58.003	0.96
842	13.041	85.787	3.577	53.607	0.864
843	13.587	90.896	3.813	55.173	0.926
844	12.776	87.654	3.538	55.675	0.892
845	13.505	90.384	3.68	55.506	0.924
846	13.562	88.625	4.062	55.708	0.881
847	13.108	87.219	3.752	54.835	0.862
848	14.914	91.492	4.181	55.193	0.875
849	13.501	87.531	3.853	55.633	0.825
850	13.972	92.333	4.069	57.868	0.898
851	13.193	85.553	3.621	53.3	0.844
852	14.224	90.548	4.057	55.293	0.86
853	13.481	89.621	3.719	54.935	0.903
854	13.133	83.862	3.869	54.343	0.846
855	12.801	92.637	3.647	56.657	0.986
856	14.298	89.917	3.941	55.159	0.877
857	13.579	89.175	3.731	55.462	0.887
858	13.284	82.966	3.699	51.53	0.825
859	14.492	90.497	4.157	55.591	0.901
860	13.965	93.524	3.975	58.798	0.907
861	13.967	91.678	3.936	56.263	0.925
862	12.506	88.615	3.661	55.354	0.898
863	12.415	85.951	3.538	54.45	0.913
864	14.155	92.877	3.999	56.592	0.902
865	13.922	86.662	4.032	54.217	0.816
866	13.152	89.087	3.912	54.615	0.869
867	13.358	94.081	3.844	57.878	0.972
868	14.598	91.723	3.979	55.407	0.953
869	12.695	84.131	3.714	53.403	0.865
870	13.394	87.9	3.927	55.883	0.861
871	12.75	86.59	3.708	54.584	0.883
872	13.578	83.668	3.706	50.875	0.833
873	14.288	89.586	3.916	55.118	0.888
874	12.951	89.667	3.566	55.372	0.952
875	13.55	90.892	3.729	55.544	0.877
876	13.38	89.357	3.86	54.347	0.891
877	14.563	94.658	4.048	58.189	0.993
878	13.362	90.492	3.64	55.141	0.898
879	12.734	84.662	3.602	52.7	0.848
880	12.472	87.444	3.668	55.122	0.886
881	13.251	89.095	3.657	54.437	0.924
882	13.733	90.672	3.973	56.602	0.934
883	13.727	88.372	3.723	55.189	0.864
884	13.998	95.805	3.855	58.798	0.969
885	13.325	88.658	3.641	55.386	0.884
886	14.21	92.015	3.912	56.774	0.921
887	12.461	85.458	3.614	54.476	0.867
888	13.472	88.391	3.868	55.23	0.89
889	13.218	90.399	3.661	56.281	0.893
890	13.946	90.433	3.839	56.31	0.917
891	14.036	88.334	3.94	54.736	0.869
892	14.767	90.157	4.095	55.074	0.888
893	14.079	91.02	3.92	56.549	0.917
894	14.141	87.436	3.891	53.599	0.832
895	13.483	87.594	3.843	54.447	0.864
896	12.958	87.505	3.591	54.322	0.871
897	13.485	91.545	3.811	56.071	0.915
898	11.454	86.583	3.307	53.612	0.902
899	12.801	85.905	3.646	54.917	0.882
900	13.252	87.532	3.852	53.995	0.892
901	13.144	90.751	3.68	54.957	0.908
902	12.964	87.3	3.793	53.191	0.887
903	14.053	91.059	3.966	56.561	0.892
904	14.894	97.846	4.098	58.453	0.987
905	12.513	88.392	3.489	54.834	0.901
906	12.802	84.12	3.531	52.646	0.84
907	13.485	88.109	3.707	55.834	0.872
908	13.601	93.304	3.87	56.178	0.963
909	13.449	90.031	3.647	55.449	0.88
910	14.497	93.598	4.028	57.91	0.918
911	13.476	92.65	3.706	57.008	0.951
912	13.67	87.975	3.733	54.813	0.896
913	14.463	86.361	4.018	52.992	0.831
914	14.427	90.876	4.258	57.579	0.891
915	14.288	92.71	3.907	56.674	0.915
916	13.35	90.056	3.803	55.249	0.926
917	14.933	94.264	4.253	57.503	0.942
918	14.308	87.774	3.895	54.978	0.878
919	13.13	94.084	3.852	57.582	1.012
920	15.132	94.839	4.388	58.126	0.918
921	13.001	88.21	3.576	54.619	0.882
922	14.8	98.544	4.393	60.789	0.997
923	14.564	94.281	3.948	57.853	0.951
924	12.743	86.692	3.623	54.241	0.862
925	13.562	88.609	3.757	53.427	0.896
926	13.52	89.646	3.762	54.984	0.884
927	14.582	94.115	4.203	57.712	0.932
928	14.59	95.649	4.258	58.052	0.944
929	12.673	85.7	3.472	52.657	0.862
930	13.349	86.852	3.739	54.767	0.863
931	13.538	87.09	3.771	54.108	0.863
932	12.741	85.157	3.442	53.149	0.892
933	12.985	88.281	3.69	53.584	0.893
934	12.875	82.716	3.582	53.238	0.793
935	13.69	88.348	3.864	56.348	0.868
936	14.601	92.943	4.248	58.091	0.9
937	13.121	88.201	3.565	54.242	0.904
938	13.437	89.145	3.895	55.265	0.873
939	14.729	90.626	4.371	56.381	0.898
940	13.686	88.762	3.856	54.464	0.885
941	13.054	86.855	3.704	54.81	0.846
942	13.929	85.695	3.92	54.001	0.807
943	13.424	86.297	3.692	54.647	0.859
944	14.732	90.496	4.177	55.547	0.877
945	13.19	85.964	3.652	52.824	0.915
946	13.184	91.295	3.755	54.746	0.927
947	14.947	98.588	4.154	59.667	0.985
948	13.008	86.91	3.642	55.269	0.865
949	12.826	84.259	3.736	51.74	0.833
950	13.673	90.275	3.933	56.567	0.909
951	13.816	90.413	3.796	56.164	0.887
952	14.996	92.501	4.363	58.883	0.931
953	13.127	91.092	3.717	55.711	0.914
954	12.708	88.171	3.572	54.255	0.887
955	14.923	94.082	4.32	59.084	0.924
956	14.059	94.228	3.899	58.389	0.945
957	12.849	89.793	3.76	55.904	0.916
958	13.425	88.825	3.665	53.897	0.91
959	13.535	86.872	3.881	55.426	0.884
960	12.851	89.519	3.72	56.041	0.897
961	14.017	92.372	4.035	57.65	0.935
962	13.314	87.532	3.697	54.25	0.87
963	13.424	89.226	3.661	54.561	0.918
964	14.354	91.284	3.922	56.007	0.861
965	13.461	89.053	3.809	55.673	0.885
966	12.734	88.311	3.549	53.539	0.883
967	14.093	96.501	3.894	58.281	0.972
968	14.318	89.818	3.951	55.271	0.867
969	13.764	84.796	3.767	53.769	0.842
970	13.385	84.696	3.621	53.032	0.841
971	14.075	86.833	3.885	54.075	0.832
972	13.07	91.436	3.968	59.063	0.964
973	13.808	90.285	3.75	56.082	0.919
974	13.802	89.148	3.796	55.27	0.892
975	12.439	90.442	3.608	56.347	0.931
976	13.253	87.417	3.553	52.731	0.857
977	13.462	88.651	3.94	57.583	0.871
978	13.806	94.78	3.878	58.245	0.928
979	13.717	88.212	3.713	53.349	0.893
980	13.154	86.554	3.842	54.254	0.88
981	13.074	91.239	3.652	56.362	0.934
982	13.689	89.754	4.204	54.361	0.859
983	15.098	93.508	4.174	56.741	0.938
984	14.229	92.358	3.901	56.877	0.922
985	13.835	95.565	3.878	57.597	0.958
986	12.78	87.904	3.537	54.381	0.885
987	13.228	77.876	3.559	49.391	0.719
988	14.126	89.373	4.102	56.509	0.847
989	13.014	90.346	3.633	56.864	0.866
990	13.843	87.444	3.97	56.161	0.86
991	13.885	92.291	3.976	56.894	0.947
992	13.875	88.081	3.868	54.225	0.858
993	13.642	89.508	3.891	56.054	0.95
994	13.525	93.468	3.8	57.484	0.951
995	13.189	88.648	3.756	53.797	0.916
996	13.599	84.813	3.766	53.154	0.836
997	13.849	87.086	3.682	52.679	0.88
998	12.813	84.189	3.608	52.566	0.833
999	14.505	92.907	4.147	57.312	0.91
1000	14.435	91.388	3.915	56.148	0.882
