MutationType	DBS78A	DBS78B	DBS78C	DBS78D	DBS78E	DBS78F	DBS78G	DBS78H
AC>CA	9.86E-04	4.69E-09	6.55E-05	6.17E-04	3.79E-04	3.16E-04	2.35E-05	4.65E-04
AC>CG	1.31E-04	2.83E-09	4.79E-05	2.06E-04	3.61E-04	5.51E-05	3.56E-05	6.94E-05
AC>CT	4.48E-04	5.33E-09	1.39E-04	6.45E-04	5.22E-04	3.17E-04	1.74E-05	1.09E-03
AC>GA	7.75E-04	5.05E-09	5.61E-05	9.88E-04	1.12E-03	4.00E-04	6.93E-05	5.66E-04
AC>GG	1.77E-04	2.91E-09	5.36E-05	1.92E-04	3.55E-04	5.18E-05	2.13E-08	5.56E-05
AC>GT	3.97E-04	1.41E-04	1.36E-04	5.77E-04	2.67E-04	4.96E-05	1.58E-04	3.49E-04
AC>TA	2.91E-04	1.38E-04	1.55E-04	5.30E-04	4.80E-04	1.77E-04	1.68E-04	5.22E-04
AC>TG	8.43E-08	2.13E-09	1.17E-08	1.12E-07	9.36E-08	5.92E-08	2.21E-08	7.84E-08
AC>TT	7.72E-04	5.09E-09	2.19E-04	1.39E-03	6.59E-04	4.42E-04	6.74E-06	9.46E-04
AT>CA	2.48E-04	2.72E-09	3.50E-05	2.84E-04	1.97E-04	1.11E-04	4.15E-05	2.96E-04
AT>CC	4.61E-05	2.31E-09	4.73E-05	1.10E-04	3.96E-05	2.39E-05	2.05E-08	1.55E-04
AT>CG	8.43E-08	2.13E-09	1.17E-08	1.12E-07	9.36E-08	5.92E-08	2.21E-08	7.84E-08
AT>GA	3.55E-04	4.79E-09	3.73E-05	4.95E-04	6.08E-04	6.75E-04	2.94E-05	5.81E-04
AT>GC	1.94E-04	1.25E-04	5.24E-05	2.49E-04	2.57E-04	1.02E-04	7.45E-06	3.02E-04
AT>TA	6.53E-04	5.68E-09	8.47E-05	8.30E-04	7.70E-04	7.08E-04	2.60E-04	6.82E-04
CC>AA	2.14E-03	6.03E-04	1.63E-04	3.10E-03	2.04E-03	1.74E-03	1.22E-03	1.74E-03
CC>AG	6.95E-04	2.91E-04	1.18E-04	6.79E-04	7.50E-04	4.55E-04	4.55E-04	1.06E-03
CC>AT	1.81E-03	1.92E-04	1.48E-04	1.33E-03	1.89E-03	1.05E-03	6.69E-04	2.84E-03
CC>GA	7.16E-04	4.49E-09	2.96E-05	7.84E-04	5.64E-04	3.11E-04	2.39E-04	5.76E-04
CC>GG	4.39E-04	1.40E-05	1.01E-04	4.61E-04	8.32E-04	1.48E-04	1.78E-04	2.37E-04
CC>GT	1.12E-03	4.80E-09	1.95E-04	8.93E-04	1.10E-03	5.96E-04	2.47E-04	1.21E-03
CC>TA	6.72E-04	1.46E-04	2.97E-04	1.38E-03	4.54E-03	3.02E-04	5.16E-04	1.02E-03
CC>TG	9.75E-04	1.30E-04	1.02E-04	1.20E-03	1.40E-03	7.58E-04	1.61E-05	1.26E-03
CC>TT	3.02E-03	1.41E-04	1.53E-03	3.09E-03	3.63E-03	5.09E-03	1.71E-03	2.36E-03
CG>AT	1.93E-04	1.26E-04	1.23E-08	1.25E-04	2.33E-04	2.67E-04	1.81E-08	2.13E-04
CG>GC	8.43E-08	2.13E-09	1.17E-08	1.12E-07	9.36E-08	5.92E-08	2.21E-08	7.84E-08
CG>GT	8.77E-08	1.30E-04	1.81E-08	1.17E-07	1.00E-07	5.64E-08	2.25E-08	7.96E-08
CG>TA	8.43E-08	2.13E-09	1.17E-08	1.12E-07	9.36E-08	5.92E-08	2.21E-08	7.84E-08
CG>TC	3.18E-04	1.30E-04	6.01E-05	2.74E-04	4.62E-04	1.46E-04	3.41E-05	2.32E-04
CG>TT	2.58E-05	1.86E-09	2.09E-06	4.03E-05	3.65E-05	2.13E-04	2.00E-08	2.49E-05
CT>AA	4.24E-04	2.96E-04	1.48E-05	3.94E-04	2.62E-04	2.18E-04	8.73E-04	4.69E-04
CT>AC	5.46E-06	1.15E-03	5.03E-05	7.04E-06	1.36E-04	6.77E-08	1.55E-03	8.55E-05
CT>AG	2.92E-04	4.74E-09	3.03E-05	2.46E-04	1.70E-04	1.15E-04	4.44E-04	3.82E-04
CT>GA	2.70E-04	2.75E-09	7.68E-09	1.25E-04	1.11E-04	4.44E-05	3.19E-04	8.11E-05
CT>GC	5.69E-05	2.19E-09	4.57E-05	9.60E-05	4.94E-05	1.69E-05	1.34E-04	1.61E-04
CT>GG	6.05E-04	4.11E-09	3.08E-05	5.17E-04	4.27E-04	2.74E-04	7.11E-05	5.56E-04
CT>TA	8.08E-04	4.99E-09	5.51E-09	6.67E-04	7.15E-04	9.16E-04	3.07E-04	3.07E-04
CT>TC	6.67E-04	5.25E-09	8.25E-05	7.57E-04	8.03E-04	9.10E-04	2.49E-04	1.02E-03
CT>TG	1.42E-04	3.55E-09	9.92E-05	3.57E-04	1.92E-04	4.13E-04	2.22E-04	2.63E-04
GC>AA	1.78E-03	1.37E-04	2.48E-04	4.25E-03	1.87E-03	7.05E-04	4.71E-04	9.22E-04
GC>AG	1.17E-03	2.50E-04	6.69E-05	1.40E-03	1.29E-03	4.75E-04	2.44E-04	8.39E-04
GC>AT	1.24E-03	5.03E-09	2.36E-05	1.05E-03	4.65E-04	1.78E-04	2.90E-04	4.06E-04
GC>CA	6.97E-04	1.95E-04	3.84E-05	7.07E-04	6.22E-04	5.53E-04	2.47E-04	3.84E-04
GC>CG	8.43E-08	2.13E-09	1.17E-08	1.12E-07	9.36E-08	5.92E-08	2.21E-08	7.84E-08
GC>TA	3.57E-04	1.30E-04	5.84E-09	6.52E-04	3.89E-04	3.53E-04	1.58E-04	2.65E-04
TA>AT	8.64E-04	1.25E-04	6.04E-05	6.66E-04	5.94E-04	3.36E-04	2.34E-05	5.13E-04
TA>CG	2.30E-05	2.00E-09	4.18E-06	2.87E-05	2.82E-05	2.08E-04	2.06E-08	1.56E-05
TA>CT	7.08E-04	1.32E-04	1.07E-04	9.70E-04	5.54E-04	3.30E-04	4.56E-05	5.14E-04
TA>GC	8.43E-08	2.13E-09	1.17E-08	1.12E-07	9.36E-08	5.92E-08	2.21E-08	7.84E-08
TA>GG	8.43E-08	2.13E-09	1.17E-08	1.12E-07	9.36E-08	5.92E-08	2.21E-08	7.84E-08
TA>GT	5.48E-05	2.99E-09	8.85E-05	1.72E-04	7.35E-05	2.05E-04	1.62E-08	2.06E-04
TC>AA	3.41E-03	2.79E-04	2.35E-05	1.26E-03	1.03E-03	3.44E-04	1.16E-03	1.01E-03
TC>AG	1.37E-03	5.13E-09	2.87E-05	1.22E-03	1.36E-03	3.63E-04	4.69E-04	1.02E-03
TC>AT	1.43E-03	2.55E-09	1.40E-04	1.92E-03	2.69E-03	1.25E-03	6.79E-04	1.15E-03
TC>CA	7.45E-04	4.96E-09	5.82E-05	1.04E-03	9.35E-04	7.62E-04	2.05E-04	8.33E-04
TC>CG	2.55E-04	1.20E-04	1.65E-08	1.73E-04	2.56E-04	5.06E-05	9.84E-06	1.85E-04
TC>CT	1.37E-03	1.36E-04	1.28E-04	1.25E-03	6.32E-04	7.00E-04	2.52E-04	9.30E-04
TC>GA	4.73E-04	1.33E-04	3.06E-05	4.89E-04	4.96E-04	2.40E-04	2.19E-04	4.57E-04
TC>GG	1.21E-04	3.43E-09	3.84E-05	3.98E-04	3.67E-04	4.44E-05	5.08E-05	2.11E-04
TC>GT	9.96E-04	1.41E-04	1.18E-04	7.04E-04	9.26E-04	5.23E-04	2.57E-04	6.87E-04
TG>AA	2.98E-04	1.46E-04	1.21E-04	2.81E-04	1.50E-04	3.33E-04	3.51E-04	3.19E-04
TG>AC	2.13E-04	3.94E-09	9.53E-05	3.10E-04	3.46E-04	3.95E-04	2.16E-05	1.82E-04
TG>AT	8.80E-04	3.73E-04	2.12E-04	8.72E-04	7.88E-04	1.52E-03	2.24E-04	9.33E-04
TG>CA	1.73E-04	4.34E-09	1.46E-04	3.73E-04	3.91E-04	3.79E-04	1.24E-08	4.68E-04
TG>CC	2.23E-04	1.72E-04	4.94E-05	2.80E-04	1.43E-04	2.77E-04	8.93E-06	2.84E-04
TG>CT	2.31E-03	2.04E-04	1.07E-04	1.77E-03	1.02E-03	1.75E-03	6.98E-04	1.43E-03
TG>GA	1.95E-04	3.09E-09	5.92E-05	1.88E-04	2.19E-04	3.52E-04	2.55E-05	2.69E-04
TG>GC	2.52E-05	1.81E-09	2.09E-06	6.24E-05	2.95E-05	2.03E-04	1.99E-08	2.37E-05
TG>GT	1.49E-03	8.48E-04	3.76E-05	2.02E-03	1.56E-03	7.18E-04	1.12E-03	2.00E-03
TT>AA	5.96E-04	1.44E-04	1.64E-04	7.60E-04	1.26E-03	7.67E-04	2.92E-04	3.88E-04
TT>AC	3.44E-04	4.61E-09	4.55E-05	6.63E-04	3.68E-04	2.43E-04	4.84E-05	6.13E-04
TT>AG	2.72E-04	3.64E-09	6.99E-06	2.61E-04	1.91E-04	2.92E-04	1.76E-04	3.31E-04
TT>CA	7.40E-04	5.01E-09	1.22E-04	7.29E-04	4.08E-04	3.21E-04	7.54E-05	9.00E-04
TT>CC	4.42E-04	5.47E-09	1.18E-04	6.35E-04	3.95E-04	5.09E-04	7.44E-05	8.57E-04
TT>CG	6.59E-05	2.78E-09	6.53E-05	9.66E-05	4.39E-05	3.29E-04	1.56E-08	1.35E-04
TT>GA	4.11E-04	1.20E-04	5.58E-05	5.32E-04	2.52E-04	4.44E-04	2.14E-05	2.47E-04
TT>GC	2.33E-05	2.11E-09	2.43E-08	4.16E-05	3.30E-05	2.16E-04	2.05E-08	2.52E-05
TT>GG	1.54E-04	2.10E-09	7.27E-06	1.76E-04	3.55E-04	1.14E-04	2.22E-04	1.24E-04
