MutationType	DBS78A	DBS78B	DBS78C	DBS78D	DBS78E	DBS78F	DBS78G	DBS78H
AC>CA	0.0009103538260098994	2.2214645460839845e-07	5.765721934217784e-05	0.006631499246508025	0.0076427401074584565	0.031917162190712174	0.008432057706963467	0.003798129158540933
AC>CG	0.0009975952335466898	4.1490843627155277e-07	3.6308274067370956e-05	7.223652502122137e-05	0.00017072547686220946	0.00041971738402584287	0.0010728089089254353	0.004261612699295466
AC>CT	0.002139239639287596	2.56482983962261e-07	4.2684009110151035e-05	0.0016654013685259324	0.041186849845725376	0.004328173370293651	0.008559602561709147	0.005556907837505541
AC>GA	0.0008193538325031897	2.7046238520429166e-07	0.00017401032291375302	0.004037935411712663	0.008132797101211165	0.011690078170242498	0.015456340823460818	0.023757917110198975
AC>GG	0.001066589231838058	4.1501026083755973e-07	6.885090172740084e-07	5.350978548944125e-05	0.00011643386471804878	0.00048461083176596894	0.0009785850493325681	0.004150478509504735
AC>GT	0.0033354347514513	0.004523548705680938	0.004216671133034032	0.0001185242899860518	0.005159059781680273	0.006451972754832951	0.010393330692264906	0.0024730679505865047
AC>TA	0.0047722532826099924	0.004403031960044744	0.004161953038997613	0.002972802530793716	0.009970763090572508	0.003459392190577008	0.007960008862561995	0.006085080809336397
AC>TG	1.0914078162276609e-06	4.395441320939235e-07	1.0141228997879512e-06	2.7957883623994886e-06	5.7370085950471436e-06	8.013813678309281e-06	9.015745433518253e-06	9.488627585796309e-06
AC>TT	0.00537697815035904	1.4315608372494424e-07	8.571983705624151e-06	0.010163883321669221	0.018895615765888343	0.011429270137951293	0.03730508727378938	0.008743949606507753
AT>CA	0.0004709174270434472	3.865060869219294e-07	6.76570820359104e-05	0.0007977668428084492	0.005629208717182892	0.002952837942288877	0.003670846152555029	0.0017274000318803493
AT>CC	0.0008855701897467777	4.152822712885017e-07	6.557485702624964e-07	3.5013039562003106e-05	0.0021606792124293475	0.00017773884233128625	0.0008915998695104272	0.00015904921743337255
AT>CG	1.0914078162276609e-06	4.395441320939235e-07	1.0141228997879512e-06	2.7957883623994886e-06	5.7370085950471436e-06	8.013813678309281e-06	9.015745433518253e-06	9.488627585796309e-06
AT>GA	0.0004059962088317408	3.0304463227802286e-07	5.6530526676042936e-05	0.027100201825823324	0.012617431802496125	0.004004723324539721	0.007907787770075685	0.009716596490368452
AT>GC	0.0008175937160830298	0.003948025173580183	1.3093558229946195e-05	0.00044751009364257197	0.005746695992778758	0.0015113542735361162	0.0025484623958655756	0.002845538746316712
AT>TA	0.001559544939975772	2.9114612938249207e-07	0.006970227795999192	0.027037310598135137	0.011926705344962926	0.005961743030705579	0.008393585871912088	0.012455601280519318
CC>AA	0.003981819507071842	0.07917085202749831	0.12883886424570853	0.06635802523472184	0.03294738490676943	0.05058553086636499	0.07531470066087988	0.033752715571250196
CC>AG	0.0031823633411060823	0.015773421329662817	0.01929042427974278	0.002813531571733037	0.03201933746551447	0.007545802888225881	0.008875895327061322	0.009447100046101532
CC>AT	0.0011958042415522638	0.00934544459010102	0.05089747608146054	0.05559932138029182	0.17836630218568594	0.057381477884825866	0.026610069357597483	0.0489054345032104
CC>GA	0.00024428421874742934	2.894153937742234e-07	0.006114252946885012	0.0025988716521575615	0.011552598654179085	0.01296407035178122	0.01641644837099689	0.0073519816810825485
CC>GG	0.0023899846607248394	1.7337667765252666e-05	0.00445734649618888	0.00042261577373085634	0.0020698534567871493	0.002442518836986258	0.0036969219626885714	0.013489125648711376
CC>GT	0.006429825007775505	1.2935836781822556e-07	0.00547053636906388	0.012311625936599789	0.0451366024929	0.025526094635654497	0.012101156361882755	0.023519336211190348
CC>TA	0.009458976572592632	0.004738612374264587	0.027969804093883822	0.002938353935747636	0.010263726386599432	0.005061959887888289	0.01753016883549811	0.27449128134025336
CC>TG	0.0012084411568432263	0.004075925091694505	2.7501594026249742e-05	0.022725013255257553	0.035748121639279574	0.010274354389243725	0.021721297090021307	0.03170305294787578
CC>TT	0.883580847012071	0.0043417789162801205	0.05511840210136516	0.07822402870131973	0.014641469475125865	0.020168199059934243	0.021590237612254023	0.037941126491442344
CG>AT	1.8816610636466937e-07	0.003982792270885274	3.3633042564935383e-07	0.0073302080819748205	0.0029254847415849695	0.00172597667819666	0.0009309170869419816	0.0022436389211567863
CG>GC	1.0914078162276609e-06	4.395441320939235e-07	1.0141228997879512e-06	2.7957883623994886e-06	5.7370085950471436e-06	8.013813678309281e-06	9.015745433518253e-06	9.488627585796309e-06
CG>GT	5.724493727638728e-07	0.0039062516433763	6.969060729391575e-07	2.807531124029216e-06	5.1714424701655825e-06	7.95191287581817e-06	8.85911228457934e-06	8.786831470994925e-06
CG>TA	1.0914078162276609e-06	4.395441320939235e-07	1.0141228997879512e-06	2.7957883623994886e-06	5.7370085950471436e-06	8.013813678309281e-06	9.015745433518253e-06	9.488627585796309e-06
CG>TC	0.0010485119965888683	0.00392433502728156	0.000130663655466829	0.0011071699319621549	0.0022673631045526327	0.0037919193893129217	0.0021958100923735336	0.0061989110771777725
CG>TT	2.7925787172275634e-06	4.1845523062851037e-07	7.364840021949174e-07	0.00583002476242844	7.136251745079155e-05	9.264966997409142e-05	0.00017497589321536906	0.00010134726124853263
CT>AA	7.726681918184606e-05	0.01840331866912654	0.129026947320648	0.0008818667008972551	0.006078064063701504	0.002055926617415762	0.0032884072348103384	0.001130360948636294
CT>AC	0.00018154720532536934	0.5930691284351042	0.0344412733410062	3.3125288475834297e-07	0.00022665352702481496	9.341544277665171e-06	1.0608325301428658e-05	0.0002358913241839436
CT>AG	0.00033542687423310783	3.692766407025507e-07	0.03513003402573609	0.000658797892239178	0.007381410443835913	0.0029315371746659285	0.0024266908654724632	0.001017079532542951
CT>GA	1.8141655106252747e-07	4.0585960065075205e-07	0.018879599921603648	9.906130989651857e-05	0.0004723289565938009	0.004391064359927252	0.0006229922193750261	0.0004938346190676976
CT>GC	0.0008063639703144153	4.2650393260600097e-07	0.004325399201456392	2.8674384414134707e-05	0.002149979895838027	0.0002226231037517553	0.0007879640743117863	0.0001901544082110594
CT>GG	0.00032000577025603836	3.0386934449087013e-07	0.00015935647133637876	0.0028725991980643596	0.01259930417547994	0.009651277132185613	0.007312421902319903	0.004288554937760211
CT>TA	9.031994514626757e-08	1.7053267222274114e-07	0.014405606171015354	0.046725979010866496	0.0029850029171330284	0.017537505772928248	0.009229666667241919	0.013726039363801611
CT>TC	0.0009960023521726632	1.9826945571929958e-07	0.00997733112972733	0.035540138410636725	0.02690632881593507	0.009469024643442604	0.009241565936931258	0.008556460071221746
CT>TG	0.0025800354732978797	3.3583765110165764e-07	0.009168929969447294	0.012319690244457839	0.0033259902271258737	0.0009213051479810656	0.0048719843559371905	0.0014283247609957422
GC>AA	0.007327829083142927	0.004268695376485502	0.022383959820484755	0.0173914900161823	0.011723090886347645	0.033005541071216796	0.18721287701073214	0.02523587021056265
GC>AG	0.0006726831707494059	0.013872680514167688	0.007996036420281358	0.008778690136066991	0.016261566121898136	0.025181201405215577	0.030921671157741897	0.02755560015592139
GC>AT	0.00015956264053205326	1.8760262403151654e-07	0.010661126083559415	0.0009068862726054278	0.005104565210107435	0.04017276016658508	0.024049334731005095	0.003666828583636211
GC>CA	0.00014862697946175124	0.008848150369770227	0.00533564260834995	0.014806948485523766	0.004749081945603492	0.011783101366250517	0.009860023378391662	0.008117011740017954
GC>CG	1.0914078162276609e-06	4.395441320939235e-07	1.0141228997879512e-06	2.7957883623994886e-06	5.7370085950471436e-06	8.013813678309281e-06	9.015745433518253e-06	9.488627585796309e-06
GC>TA	6.160806797025931e-08	0.004073388027060411	0.0042142580834802264	0.008497837608699979	0.002514429845025871	0.0038805308889606634	0.016412230298489303	0.004462032735249226
TA>AT	0.0008035249737282468	0.004079217191842319	4.075941700568464e-05	0.006688842223010129	0.009060489041602145	0.02278290284412128	0.010183800597219385	0.009822677432948788
TA>CG	4.897626816333437e-06	4.18392084003134e-07	7.450763553433844e-07	0.0058568378122663516	5.311949553484116e-05	8.582071361608909e-05	0.00011882426297302725	9.800074856380705e-05
TA>CT	0.002073402363941764	0.003942317318137074	0.00013754840108417965	0.006529296254429994	0.008726767486362629	0.016037073855559362	0.028185815991338212	0.008584085661333184
TA>GC	1.0914078162276609e-06	4.395441320939235e-07	1.0141228997879512e-06	2.7957883623994886e-06	5.7370085950471436e-06	8.013813678309281e-06	9.015745433518253e-06	9.488627585796309e-06
TA>GG	1.0914078162276609e-06	4.395441320939235e-07	1.0141228997879512e-06	2.7957883623994886e-06	5.7370085950471436e-06	8.013813678309281e-06	9.015745433518253e-06	9.488627585796309e-06
TA>GT	0.0023213970226708723	3.750381968741823e-07	3.479769439469918e-07	0.004176314670533204	0.0028882829208664138	0.0002624135302752382	0.0015487671579134338	0.0003327566181707279
TC>AA	6.65987030035097e-05	0.01812678310832627	0.10512904009158655	0.00210432933426631	0.01971418338948782	0.1787130552062432	0.017327155570837527	0.01066814027729739
TC>AG	0.00015759390435074664	1.4859388692269136e-07	0.027028278256486685	0.0022730786013941476	0.025939479160381786	0.042392699438595347	0.024814946834855633	0.030620385321019274
TC>AT	0.00210804665252134	2.447079510827493e-08	0.04694460706083559	0.05923741394712502	0.02394767975905552	0.02987822276462495	0.04278225155689779	0.09419238552018785
TC>CA	0.0005997781687940247	1.5737613889179106e-07	0.005500088276334621	0.032092646815325504	0.024480931834955876	0.013091625226038194	0.02429189650707393	0.013985993105310363
TC>CG	2.8717429674109127e-07	0.003825527896974984	2.254487995409401e-05	0.00014871073986246234	0.0024033160907647637	0.003127508478103215	0.0012318155414393448	0.0032009203492520404
TC>CT	0.0020910573013139724	0.0043343287989365585	0.008867176658317348	0.018014301877465604	0.02117911733187978	0.040488755525408246	0.027563486571457303	0.006852258998593129
TC>GA	0.00033116558868376636	0.0044587355839198085	0.00839004429110151	0.0022980245834479875	0.00982587640282925	0.00668063478702797	0.008384664414927764	0.006790911528798732
TC>GG	0.0005384485709904504	3.768883232226367e-07	7.718701695719016e-05	0.00012240997255412455	0.002599898744653234	0.0007137629272618292	0.007013485719593027	0.005809973282319972
TC>GT	0.003237001818978756	0.004366038244393353	0.0053618655528968094	0.01032402911577272	0.018151272179830463	0.029538033523185812	0.012884519279869671	0.01970939708348547
TG>AA	0.0034972368967789223	0.004604863503548304	0.022068631894881754	0.009567970320654534	0.005114542888232499	0.004977787485407774	0.0030989515014166573	0.0008712286143690962
TG>AC	0.0031737945078908823	3.1955280768846763e-07	4.7511980196823996e-05	0.010894032520524888	0.0015193913303433114	0.0019688651186578524	0.0044235987199899756	0.004383700742877688
TG>AT	0.007260698652386407	0.03269612257338889	0.006312089378211343	0.10624373229742083	0.024208776342351062	0.016208825121052532	0.013291840212760041	0.011832496427342232
TG>CA	0.004491432928750131	2.9346788393025715e-07	1.9179244416640563e-07	0.00922083609246483	0.008010920503704107	0.0010420013697891215	0.004564584786492271	0.006450623306228772
TG>CC	0.0007735212396067346	0.007699704339672362	9.063867703947173e-06	0.006779373301652998	0.004604906698509666	0.0027024777015300064	0.0034644223847287137	0.0008922695286327866
TG>CT	0.0011358193391470264	0.009105262606862223	0.05110925282788327	0.09685841490316262	0.03725432272456229	0.08825871024136461	0.038571355345788434	0.012685913426248337
TG>GA	0.0010065778186323713	3.625085123955727e-07	2.581243625534306e-05	0.011871989142401177	0.005110007357199075	0.0016829882257667322	0.001848832201766907	0.0022556271306011597
TG>GC	2.807717791076351e-06	4.1698737390820035e-07	7.437192459026794e-07	0.0056808131989346195	7.667503611117998e-05	8.780615696145763e-05	0.00024265948746162724	8.936569181511452e-05
TG>GT	0.0002577844884019077	0.1098914820030614	0.06847434254567768	0.017035450892974566	0.05003258248904481	0.014587827892793928	0.03334029996737891	0.025104959140174615
TT>AA	0.007030294135247954	0.004301495380690067	0.00954776596410714	0.02606854618326407	0.0037020637972902297	0.004812005417260295	0.009472814750065712	0.02830570789013825
TT>AC	0.0004895047184398737	3.421508559755059e-07	0.00020958793789245054	0.0015604533442014072	0.017358215992363132	0.003952187633606852	0.014218189417893488	0.004003866133250091
TT>AG	1.1747785783032685e-05	4.247004050412818e-07	0.005312499222950112	0.008075826852494328	0.006128735761312362	0.0032394846687017385	0.00302770890496926	0.0013278843685544457
TT>CA	0.002243261880574094	2.027228248124912e-07	0.00012085238576039792	0.006245418290547034	0.03155081019719546	0.01693097434370184	0.01215940568205287	0.002740855853610639
TT>CC	0.002108140849408021	2.54592955311593e-07	0.00017959751906170235	0.014498957279102569	0.03114671886027058	0.004100799867648561	0.012486551059352312	0.004142652733724169
TT>CG	0.0014145545463140304	3.695131370226319e-07	3.5630742785673923e-07	0.010139959422918333	0.001621523785674714	0.00035365948112363045	0.0007344846928956674	0.0001750976271318963
TT>GA	0.0008662422430541668	0.00386664548187977	4.4828316171690735e-05	0.013813096256322559	0.0028044936981126227	0.006766231767524947	0.010134238149741194	0.0021038982552490483
TT>GC	7.456646616835296e-07	4.1822732189572456e-07	7.474634924839623e-07	0.005635565594603387	8.966649681326002e-05	8.974168161321949e-05	0.00017067263033736197	0.00011961173744266896
TT>GG	7.479840539613328e-06	4.226794705254553e-07	0.008799541270353739	0.0010195740882022741	0.0008067915380234881	0.0008189990198141737	0.0013688500197943337	0.006790723700252739
