Iteration	L1	L1 %	L2	L2 %	KL Divergence
1	80.068	7.096	20.892	3.177	0.026
2	86.435	7.788	24.534	3.815	0.027
3	80.005	7.126	20.525	3.211	0.026
4	80.628	7.076	21.935	3.239	0.025
5	79.233	7.118	20.849	3.251	0.027
6	78.716	6.975	20.404	3.076	0.026
7	84.227	7.464	22.506	3.406	0.027
8	84.519	7.526	22.264	3.423	0.028
9	82.112	7.434	21.654	3.443	0.027
10	79.163	6.977	21.328	3.162	0.025
11	79.158	7.051	20.664	3.167	0.026
12	78.816	7.124	20.312	3.162	0.027
13	76.043	6.774	18.99	2.903	0.026
14	75.097	6.724	18.288	2.81	0.027
15	77.876	7.018	20.282	3.17	0.025
16	79.109	7.08	21.155	3.2	0.026
17	69.232	6.191	15.278	2.368	0.027
18	84.585	7.538	24.225	3.709	0.026
19	75.115	6.672	17.848	2.734	0.027
20	85.534	7.815	23.925	3.837	0.027
21	77.561	6.877	20.433	3.129	0.024
22	81.86	7.55	21.822	3.574	0.027
23	80.372	7.167	21.41	3.274	0.025
24	80.219	7.179	20.687	3.21	0.027
25	75.394	6.688	17.991	2.765	0.027
26	79.606	7.097	20.291	3.127	0.027
27	75.636	6.744	18.313	2.847	0.026
28	77.467	6.894	20.226	3.126	0.025
29	76.897	6.852	19.789	3.033	0.025
30	78.268	6.854	20.414	3.051	0.025
31	78.93	7.141	20.598	3.259	0.026
32	76.493	6.815	19.171	2.958	0.026
33	78.418	7.035	20.342	3.161	0.026
34	79.837	7.103	21.192	3.22	0.026
35	82.486	7.369	21.076	3.277	0.027
36	78.411	6.928	20.057	3.011	0.025
37	78.634	6.963	20.547	3.106	0.026
38	78.996	6.869	20.89	3.07	0.025
39	78.171	6.934	20.571	3.102	0.025
40	84.88	7.69	24.017	3.679	0.027
41	82.815	7.405	21.945	3.393	0.027
42	77.305	6.921	19.719	3.06	0.026
43	77.778	7.026	19.979	3.145	0.026
44	79.517	7.227	20.282	3.191	0.027
45	80.845	7.313	21.564	3.389	0.027
46	78.624	7.042	20.828	3.261	0.026
47	80.436	7.133	22.049	3.316	0.025
48	83.044	7.498	22.506	3.504	0.027
49	82.107	7.364	21.404	3.355	0.026
50	81.245	7.255	21.536	3.275	0.027
51	81.47	7.465	20.933	3.397	0.027
52	85.444	7.607	23.32	3.578	0.026
53	82.882	7.532	22.691	3.616	0.027
54	76.696	6.82	19.712	3.015	0.026
55	80.566	7.223	21.548	3.282	0.026
56	78.277	6.97	20.592	3.142	0.026
57	79.324	7.133	20.379	3.134	0.026
58	78.299	6.9	20.852	3.141	0.025
59	78.152	7.074	20.443	3.196	0.026
60	83.499	7.609	23.087	3.67	0.026
61	80.481	7.259	20.42	3.279	0.026
62	80.756	7.199	21.637	3.312	0.027
63	76.276	6.804	19.442	2.99	0.026
64	82.665	7.456	22.119	3.47	0.027
65	75.758	6.718	18.921	2.892	0.026
66	79.712	7.049	20.121	3.086	0.026
67	75.445	6.773	18.571	2.909	0.026
68	73.317	6.596	17.012	2.71	0.027
69	75.789	6.89	19.27	2.99	0.026
70	77.092	6.992	20.441	3.224	0.026
71	79.415	6.989	21.11	3.199	0.026
72	76.128	6.833	18.85	2.932	0.026
73	84.974	7.534	23.537	3.559	0.026
74	81.227	7.21	21.395	3.246	0.027
75	80.993	7.138	21.503	3.257	0.026
76	82.464	7.399	21.557	3.387	0.026
77	79.31	7.21	21.294	3.374	0.025
78	77.135	6.873	19.679	2.985	0.026
79	85.071	7.607	22.785	3.456	0.028
80	78.961	7.017	20.779	3.181	0.025
81	79.816	7.196	20.787	3.276	0.026
82	73.631	6.567	17.607	2.745	0.026
83	77.761	7.003	20.263	3.146	0.025
84	77.337	6.87	19.23	2.892	0.027
85	82.129	7.403	21.037	3.331	0.028
86	78.844	7.0	19.599	3.024	0.027
87	79.938	7.148	20.039	3.142	0.027
88	81.38	7.058	21.816	3.186	0.026
89	77.522	6.804	19.058	2.82	0.026
90	77.535	6.932	20.365	3.166	0.025
91	78.808	7.219	21.632	3.52	0.027
92	81.908	7.186	21.625	3.203	0.026
93	80.36	7.232	21.673	3.368	0.026
94	76.647	6.766	19.834	3.005	0.025
95	77.075	7.004	19.963	3.177	0.026
96	82.793	7.355	22.936	3.487	0.026
97	79.959	7.234	20.587	3.266	0.027
98	81.552	7.318	21.889	3.361	0.027
99	73.723	6.54	18.385	2.781	0.025
100	78.842	7.259	20.659	3.378	0.027
101	83.062	7.364	21.725	3.314	0.027
102	76.566	6.836	20.089	3.093	0.025
103	86.645	7.735	24.31	3.68	0.027
104	81.987	7.341	21.232	3.33	0.027
105	75.662	6.806	18.292	2.872	0.027
106	73.975	6.605	18.289	2.811	0.026
107	78.43	7.1	20.168	3.192	0.026
108	81.74	7.374	22.062	3.513	0.026
109	77.084	6.901	19.665	3.028	0.026
110	80.091	7.063	20.903	3.114	0.026
111	82.283	7.333	21.565	3.293	0.026
112	80.091	7.142	21.04	3.244	0.026
113	73.716	6.532	18.431	2.781	0.025
114	76.566	6.762	18.827	2.833	0.026
115	80.196	7.1	21.058	3.22	0.026
116	81.016	7.384	21.723	3.449	0.027
117	80.94	7.208	21.166	3.201	0.026
118	84.199	7.613	22.729	3.534	0.027
119	80.722	7.226	21.224	3.27	0.027
120	81.205	7.32	20.897	3.257	0.028
121	82.755	7.318	22.536	3.382	0.028
122	79.609	7.126	21.371	3.397	0.026
123	79.606	7.079	20.954	3.177	0.026
124	78.974	6.937	20.577	3.053	0.026
125	81.137	7.256	21.664	3.371	0.026
126	82.375	7.363	22.352	3.43	0.026
127	84.283	7.415	22.895	3.391	0.026
128	75.894	6.705	19.44	2.924	0.025
129	83.537	7.515	22.893	3.559	0.026
130	77.147	6.936	19.269	2.943	0.027
131	73.515	6.646	18.248	2.833	0.025
132	74.711	6.739	18.462	2.861	0.027
133	84.034	7.54	23.206	3.639	0.026
134	77.573	7.023	19.644	3.11	0.027
135	82.116	7.267	22.14	3.346	0.025
136	80.033	7.066	21.063	3.2	0.026
137	80.746	7.164	21.353	3.248	0.026
138	79.022	7.168	20.932	3.397	0.026
139	84.199	7.45	22.581	3.412	0.027
140	86.372	7.67	23.214	3.511	0.028
141	79.043	7.129	20.729	3.219	0.026
142	81.777	7.431	21.409	3.439	0.026
143	81.146	7.243	21.422	3.262	0.026
144	81.065	7.219	22.857	3.485	0.025
145	75.311	6.668	18.976	2.909	0.026
146	82.795	7.304	22.273	3.357	0.026
147	76.769	6.775	19.305	2.92	0.026
148	85.159	7.759	23.255	3.716	0.028
149	80.629	7.033	21.329	3.11	0.026
150	78.796	7.07	20.246	3.118	0.026
151	85.307	7.66	22.958	3.615	0.027
152	75.683	6.654	18.951	2.858	0.026
153	80.244	7.18	21.207	3.255	0.026
154	84.457	7.513	22.965	3.493	0.027
155	76.106	6.854	18.439	2.887	0.027
156	80.714	7.292	21.597	3.438	0.026
157	84.149	7.395	22.932	3.396	0.027
158	78.863	6.94	20.908	3.072	0.026
159	73.089	6.474	17.09	2.612	0.026
160	74.456	6.681	17.677	2.751	0.026
161	78.753	7.167	20.498	3.281	0.026
162	72.258	6.503	17.337	2.727	0.026
163	81.759	7.369	22.14	3.428	0.026
164	78.197	6.966	19.684	2.99	0.027
165	77.331	7.001	20.223	3.171	0.026
166	82.576	7.329	22.471	3.426	0.025
167	83.368	7.455	22.543	3.501	0.027
168	75.63	6.729	19.192	2.926	0.025
169	80.262	7.107	21.603	3.216	0.026
170	78.356	6.951	19.825	3.04	0.026
171	76.836	6.92	18.696	2.926	0.027
172	75.867	6.781	19.189	2.919	0.026
173	80.667	7.169	21.927	3.311	0.026
174	76.991	6.807	20.089	3.034	0.024
175	81.29	7.298	21.679	3.405	0.026
176	82.467	7.398	22.087	3.381	0.027
177	82.083	7.283	21.754	3.303	0.027
178	80.899	7.16	21.968	3.293	0.026
179	78.81	7.071	20.53	3.159	0.027
180	81.174	7.162	21.851	3.294	0.025
181	80.32	7.176	20.939	3.192	0.026
182	82.026	7.298	21.335	3.247	0.027
183	85.176	7.572	23.315	3.509	0.027
184	78.445	6.94	20.589	3.089	0.026
185	77.83	7.012	20.179	3.119	0.026
186	78.134	7.03	20.157	3.125	0.026
187	77.918	6.937	19.925	3.079	0.027
188	79.13	7.084	19.899	3.068	0.027
189	79.938	7.131	21.497	3.278	0.026
190	79.167	6.999	20.871	3.135	0.025
191	81.955	7.249	21.369	3.194	0.027
192	80.497	7.221	21.397	3.327	0.026
193	82.917	7.358	21.196	3.237	0.028
194	80.441	7.102	21.82	3.258	0.026
195	76.886	6.943	20.021	3.165	0.026
196	80.68	7.18	21.397	3.282	0.026
197	80.542	7.154	20.443	3.12	0.027
198	80.436	7.208	20.828	3.259	0.025
199	82.555	7.495	22.14	3.493	0.027
200	85.387	7.643	24.248	3.681	0.026
201	79.327	7.076	21.812	3.325	0.025
202	87.309	7.773	23.821	3.631	0.027
203	78.671	7.099	20.252	3.183	0.026
204	79.089	7.07	20.986	3.25	0.025
205	82.496	7.291	22.009	3.306	0.027
206	82.265	7.406	22.816	3.529	0.026
207	80.285	7.294	20.994	3.321	0.026
208	85.721	7.605	23.54	3.623	0.026
209	83.992	7.475	22.878	3.513	0.026
210	80.003	7.111	20.872	3.191	0.027
211	84.035	7.673	22.818	3.71	0.027
212	80.818	7.19	21.326	3.23	0.027
213	79.745	7.238	21.704	3.424	0.026
214	78.104	7.083	19.657	3.142	0.026
215	79.616	7.185	19.956	3.109	0.028
216	76.763	6.847	18.895	2.886	0.026
217	81.769	7.335	22.187	3.432	0.026
218	81.535	7.317	21.885	3.385	0.026
219	74.323	6.64	17.303	2.698	0.027
220	84.274	7.61	23.878	3.71	0.027
221	84.514	7.489	23.738	3.582	0.025
222	77.98	7.01	19.874	3.076	0.027
223	82.164	7.432	21.711	3.388	0.027
224	81.882	7.328	21.905	3.363	0.026
225	80.199	7.183	20.415	3.18	0.027
226	71.502	6.383	16.517	2.591	0.027
227	81.766	7.285	21.472	3.31	0.027
228	77.62	6.91	19.13	2.941	0.027
229	83.049	7.561	22.447	3.554	0.027
230	79.424	7.047	19.743	3.015	0.027
231	81.491	7.179	21.616	3.25	0.026
232	82.783	7.396	21.207	3.317	0.027
233	87.611	7.861	24.493	3.712	0.028
234	76.469	6.767	19.159	2.957	0.026
235	80.793	7.171	21.326	3.244	0.027
236	78.142	7.085	19.872	3.121	0.027
237	81.958	7.434	21.952	3.482	0.027
238	77.334	6.938	19.854	3.109	0.025
239	79.018	7.093	20.372	3.148	0.025
240	79.752	7.048	19.676	2.998	0.027
241	85.089	7.62	24.02	3.654	0.026
242	79.828	7.154	20.925	3.262	0.026
243	77.301	6.97	19.812	3.121	0.025
244	75.019	6.725	19.085	2.964	0.027
245	75.89	6.761	19.021	2.961	0.026
246	76.746	6.882	20.14	3.178	0.025
247	80.875	7.15	20.869	3.193	0.026
248	82.674	7.416	22.484	3.419	0.026
249	79.822	7.129	20.763	3.23	0.026
250	78.308	6.94	20.04	3.043	0.026
251	80.677	7.257	20.898	3.301	0.026
252	80.406	7.203	21.023	3.264	0.027
253	78.223	7.0	20.368	3.124	0.027
254	79.735	7.239	20.593	3.271	0.027
255	78.749	7.082	19.73	3.054	0.027
256	79.878	7.141	20.251	3.098	0.027
257	75.878	6.869	18.474	2.996	0.026
258	82.491	7.28	22.486	3.404	0.027
259	79.011	7.123	19.586	3.076	0.028
260	84.501	7.463	22.711	3.498	0.026
261	80.244	7.136	20.582	3.149	0.027
262	79.7	7.256	20.796	3.314	0.026
263	77.989	6.985	20.323	3.104	0.026
264	82.283	7.242	21.978	3.295	0.026
265	77.372	6.8	19.875	2.95	0.026
266	84.901	7.554	23.181	3.52	0.027
267	79.863	7.19	21.157	3.345	0.026
268	79.945	7.204	20.93	3.251	0.027
269	72.771	6.579	17.445	2.808	0.025
270	80.043	7.116	21.166	3.187	0.025
271	81.061	7.26	21.656	3.359	0.027
272	86.492	7.703	24.432	3.731	0.027
273	83.802	7.725	22.87	3.669	0.027
274	82.179	7.267	22.316	3.352	0.026
275	79.445	7.2	20.908	3.336	0.026
276	80.706	7.218	21.556	3.271	0.026
277	80.225	7.147	22.034	3.362	0.025
278	75.178	6.673	18.557	2.839	0.026
279	82.718	7.472	22.859	3.542	0.027
280	78.216	6.974	19.93	3.049	0.026
281	79.114	7.209	19.762	3.152	0.028
282	77.322	6.957	19.462	3.046	0.026
283	77.76	6.917	19.021	2.936	0.026
284	81.568	7.302	22.428	3.44	0.026
285	84.416	7.586	22.9	3.496	0.028
286	76.762	6.864	19.884	3.014	0.025
287	75.225	6.763	18.695	2.899	0.026
288	76.804	6.836	18.814	2.91	0.026
289	78.299	7.07	20.483	3.137	0.026
290	75.526	6.796	19.156	3.017	0.026
291	71.584	6.473	17.739	2.852	0.025
292	80.449	7.22	21.203	3.376	0.025
293	71.395	6.443	17.461	2.716	0.025
294	81.032	7.353	21.766	3.435	0.026
295	79.554	7.0	20.422	3.071	0.026
296	80.255	7.261	20.644	3.272	0.026
297	80.624	7.129	22.515	3.36	0.025
298	80.33	7.288	21.659	3.499	0.025
299	83.344	7.405	22.229	3.412	0.027
300	74.924	6.69	18.095	2.781	0.026
301	81.06	7.219	21.763	3.306	0.026
302	77.661	6.926	20.895	3.184	0.025
303	80.047	7.162	21.253	3.262	0.026
304	76.607	6.887	19.065	2.997	0.026
305	76.919	6.851	19.184	2.981	0.026
306	78.764	7.186	20.528	3.313	0.026
307	81.992	7.295	22.041	3.341	0.025
308	85.705	7.565	23.243	3.546	0.026
309	77.471	6.821	19.362	2.947	0.026
310	84.722	7.473	23.492	3.517	0.026
311	84.682	7.625	22.31	3.514	0.027
312	77.625	6.959	20.002	3.106	0.026
313	75.123	6.785	18.45	2.917	0.027
314	77.547	6.92	21.171	3.242	0.025
315	80.112	7.221	20.47	3.198	0.027
316	79.352	7.063	20.68	3.199	0.026
317	77.985	6.954	19.618	3.017	0.027
318	81.949	7.348	22.084	3.402	0.026
319	72.574	6.454	17.596	2.682	0.025
320	82.195	7.522	22.303	3.551	0.026
321	81.474	7.272	21.137	3.249	0.026
322	81.589	7.253	21.669	3.31	0.027
323	81.98	7.376	22.327	3.532	0.026
324	82.701	7.53	21.668	3.471	0.028
325	84.048	7.434	22.105	3.344	0.026
326	80.378	7.122	20.795	3.155	0.026
327	77.046	6.892	18.843	2.879	0.027
328	75.553	6.814	18.511	2.908	0.026
329	81.106	7.27	21.313	3.296	0.026
330	80.214	7.345	20.56	3.313	0.027
331	80.455	7.22	20.71	3.244	0.027
332	74.686	6.75	18.727	2.95	0.026
333	79.246	7.106	20.586	3.196	0.026
334	76.301	6.89	18.808	2.918	0.027
335	83.095	7.412	21.707	3.418	0.026
336	77.328	6.938	19.421	2.99	0.027
337	78.559	7.002	19.83	3.11	0.026
338	81.829	7.387	21.738	3.384	0.026
339	78.374	6.962	20.773	3.133	0.027
340	77.999	6.974	20.111	3.098	0.026
341	78.571	7.027	21.301	3.215	0.025
342	81.677	7.277	22.991	3.504	0.025
343	82.831	7.472	22.538	3.445	0.027
344	79.236	7.071	20.732	3.226	0.026
345	76.4	6.705	18.708	2.811	0.027
346	80.629	7.074	22.092	3.293	0.025
347	78.183	7.091	20.088	3.171	0.027
348	81.235	7.291	21.709	3.348	0.027
349	81.382	7.287	21.563	3.348	0.027
350	79.167	7.145	20.099	3.108	0.027
351	81.036	7.379	21.325	3.445	0.027
352	81.232	7.279	21.779	3.375	0.026
353	81.478	7.162	21.737	3.224	0.026
354	80.172	7.141	21.016	3.236	0.026
355	76.261	6.793	18.695	2.88	0.026
356	79.531	7.219	21.285	3.369	0.026
357	77.602	7.045	20.118	3.179	0.026
358	79.243	7.185	21.342	3.355	0.026
359	87.093	7.73	23.93	3.637	0.028
360	77.039	6.775	20.304	3.047	0.025
361	84.435	7.555	23.494	3.594	0.027
362	80.125	7.197	20.743	3.192	0.027
363	80.333	7.248	21.105	3.306	0.027
364	77.009	6.799	19.671	2.931	0.026
365	79.74	7.121	20.832	3.223	0.026
366	78.844	7.045	20.341	3.1	0.026
367	79.987	7.207	21.467	3.354	0.026
368	73.844	6.604	17.318	2.686	0.026
369	77.432	6.956	19.487	2.994	0.026
370	76.537	6.787	19.293	2.962	0.025
371	87.94	7.923	25.073	3.948	0.026
372	71.553	6.441	16.901	2.647	0.026
373	85.621	7.738	23.354	3.737	0.027
374	83.448	7.576	22.823	3.649	0.027
375	78.887	6.976	20.39	3.098	0.026
376	78.684	6.935	19.894	3.01	0.026
377	75.575	6.714	19.322	2.92	0.026
378	78.867	6.989	20.286	3.124	0.026
379	81.233	7.248	20.843	3.21	0.027
380	75.519	6.832	18.722	2.954	0.026
381	78.718	6.973	20.911	3.129	0.026
382	78.615	7.031	20.611	3.162	0.026
383	81.351	7.163	21.192	3.157	0.027
384	75.277	6.666	19.358	2.894	0.025
385	80.823	7.25	21.362	3.273	0.027
386	82.589	7.407	21.602	3.331	0.027
387	76.788	6.883	18.408	2.831	0.028
388	76.838	6.905	19.592	3.011	0.026
389	83.044	7.585	22.153	3.549	0.027
390	87.581	7.702	24.655	3.698	0.027
391	81.421	7.323	21.362	3.327	0.027
392	77.149	6.816	18.745	2.859	0.027
393	84.496	7.436	23.444	3.542	0.026
394	81.534	7.279	21.409	3.304	0.027
395	81.201	7.088	21.678	3.202	0.026
396	83.116	7.435	23.322	3.561	0.026
397	77.316	6.994	19.89	3.105	0.026
398	76.779	6.844	18.877	2.88	0.027
399	83.959	7.538	22.842	3.49	0.027
400	80.285	7.277	21.369	3.409	0.026
401	79.086	7.047	19.989	3.078	0.027
402	81.668	7.359	20.91	3.314	0.028
403	82.144	7.212	22.543	3.325	0.025
404	73.874	6.638	17.993	2.762	0.027
405	85.686	7.559	23.233	3.501	0.026
406	84.375	7.485	23.103	3.448	0.027
407	74.655	6.673	17.45	2.723	0.026
408	80.606	7.097	20.559	3.102	0.026
409	81.987	7.331	22.27	3.406	0.026
410	77.398	6.858	20.53	3.119	0.025
411	78.696	6.927	20.41	3.067	0.025
412	81.676	7.23	22.571	3.43	0.025
413	78.006	6.967	20.113	3.051	0.027
414	78.689	6.976	19.963	3.051	0.026
415	80.874	7.085	21.61	3.219	0.025
416	79.01	7.14	20.178	3.191	0.026
417	78.4	7.019	20.563	3.216	0.025
418	81.076	7.219	20.976	3.202	0.027
419	79.564	7.171	20.802	3.223	0.027
420	79.894	6.965	21.389	3.16	0.026
421	82.84	7.389	22.496	3.476	0.026
422	78.911	6.966	20.45	3.098	0.026
423	74.998	6.677	18.875	2.899	0.026
424	77.159	6.828	19.216	2.886	0.026
425	74.124	6.701	17.986	2.832	0.026
426	78.627	7.021	20.263	3.135	0.027
427	79.057	7.045	20.159	3.108	0.026
428	74.029	6.597	18.469	2.783	0.026
429	83.25	7.43	22.082	3.383	0.027
430	79.724	7.213	20.508	3.233	0.027
431	73.842	6.545	17.651	2.716	0.027
432	78.324	7.031	19.83	3.014	0.027
433	86.103	7.716	23.126	3.548	0.028
434	81.727	7.331	21.935	3.432	0.026
435	77.624	6.934	20.297	3.105	0.026
436	82.029	7.242	21.596	3.319	0.026
437	76.385	6.747	18.811	2.851	0.026
438	84.875	7.548	22.805	3.47	0.027
439	77.538	6.914	19.705	3.054	0.026
440	83.754	7.462	23.395	3.506	0.027
441	81.452	7.216	21.255	3.225	0.027
442	81.84	7.387	22.194	3.431	0.027
443	80.061	7.102	21.318	3.21	0.026
444	73.311	6.417	17.695	2.659	0.026
445	79.083	7.028	19.914	3.056	0.026
446	80.783	7.116	21.997	3.306	0.026
447	81.02	7.275	20.967	3.211	0.027
448	75.709	6.866	17.966	2.912	0.026
449	79.921	7.162	19.623	3.08	0.027
450	83.312	7.308	22.956	3.409	0.025
451	83.582	7.579	22.244	3.534	0.026
452	79.949	7.244	21.482	3.325	0.026
453	80.508	7.086	20.984	3.161	0.026
454	78.227	6.968	19.458	3.0	0.027
455	81.185	7.17	21.566	3.261	0.026
456	77.808	7.063	19.209	3.098	0.027
457	79.781	7.16	20.981	3.258	0.026
458	79.817	7.213	20.185	3.216	0.026
459	83.919	7.609	22.939	3.58	0.026
460	83.4	7.538	23.264	3.625	0.027
461	79.892	7.236	20.827	3.265	0.027
462	80.68	7.173	20.421	3.101	0.027
463	82.102	7.424	22.119	3.417	0.027
464	81.438	7.323	21.703	3.318	0.027
465	82.311	7.418	22.148	3.488	0.027
466	79.201	7.165	20.653	3.29	0.027
467	80.423	7.14	21.478	3.301	0.025
468	82.91	7.298	22.565	3.351	0.026
469	78.421	6.965	20.111	3.039	0.027
470	81.17	7.144	21.119	3.173	0.026
471	75.461	6.742	18.689	2.9	0.025
472	82.36	7.362	20.791	3.189	0.028
473	83.711	7.569	22.539	3.59	0.027
474	75.66	6.783	18.881	2.912	0.026
475	82.315	7.347	22.062	3.383	0.026
476	76.942	6.95	19.378	3.037	0.027
477	80.492	7.217	20.324	3.138	0.028
478	75.415	6.771	18.467	2.902	0.027
479	78.94	7.08	20.312	3.181	0.026
480	85.563	7.716	23.536	3.668	0.027
481	76.984	6.744	20.323	2.977	0.027
482	77.447	6.917	20.18	3.124	0.026
483	74.696	6.767	17.765	2.838	0.027
484	78.934	6.969	19.957	2.985	0.027
485	82.872	7.374	22.385	3.44	0.026
486	74.151	6.572	19.18	2.872	0.025
487	78.309	6.981	20.456	3.183	0.025
488	82.788	7.471	22.179	3.491	0.026
489	83.586	7.428	22.81	3.493	0.027
490	80.826	7.333	21.678	3.381	0.027
491	76.182	6.844	18.923	2.902	0.027
492	74.737	6.663	18.435	2.858	0.026
493	82.064	7.425	22.29	3.549	0.026
494	80.968	7.218	21.276	3.276	0.026
495	74.376	6.694	18.491	2.87	0.027
496	81.384	7.261	21.385	3.314	0.027
497	82.361	7.43	21.789	3.465	0.026
498	82.336	7.426	22.067	3.485	0.027
499	85.202	7.568	22.911	3.486	0.027
500	80.438	7.169	21.121	3.275	0.026
501	80.101	7.253	20.578	3.234	0.027
502	75.031	6.701	18.225	2.74	0.026
503	84.222	7.436	21.76	3.343	0.027
504	82.393	7.4	21.122	3.273	0.027
505	75.023	6.574	18.492	2.777	0.025
506	80.218	7.169	21.608	3.36	0.025
507	76.679	6.75	19.976	2.991	0.026
508	77.952	7.007	21.198	3.289	0.025
509	80.295	7.318	21.527	3.445	0.026
510	79.346	7.116	21.008	3.203	0.026
511	73.235	6.62	17.612	2.732	0.026
512	79.475	7.094	20.3	3.107	0.027
513	74.358	6.669	18.053	2.82	0.026
514	79.341	7.18	21.705	3.47	0.025
515	77.956	7.052	19.148	3.025	0.028
516	81.06	7.251	21.285	3.256	0.027
517	78.282	6.906	19.856	2.96	0.026
518	82.254	7.446	22.079	3.472	0.028
519	79.982	7.15	20.918	3.266	0.026
520	80.256	7.168	20.999	3.256	0.026
521	77.575	6.946	20.762	3.196	0.025
522	78.051	7.054	20.756	3.317	0.025
523	78.104	6.939	19.964	3.058	0.026
524	80.066	7.171	20.959	3.219	0.026
525	82.807	7.277	23.239	3.434	0.025
526	80.312	7.303	21.175	3.32	0.026
527	85.257	7.49	24.011	3.539	0.026
528	82.77	7.428	22.544	3.47	0.026
529	86.241	7.735	22.732	3.55	0.027
530	77.489	6.999	19.43	3.071	0.027
531	82.31	7.32	22.043	3.394	0.027
532	76.784	6.834	19.596	2.989	0.027
533	81.1	7.244	21.838	3.399	0.026
534	82.283	7.357	22.111	3.376	0.026
535	79.014	6.916	19.426	2.916	0.027
536	83.055	7.451	21.97	3.423	0.028
537	85.91	7.604	24.263	3.672	0.026
538	74.048	6.768	18.142	2.956	0.026
539	78.635	6.946	20.316	3.051	0.026
540	76.729	6.884	19.772	3.026	0.026
541	83.534	7.427	22.902	3.43	0.027
542	80.007	7.197	20.556	3.196	0.027
543	86.623	7.807	25.123	3.922	0.026
544	80.757	7.204	21.172	3.195	0.026
545	72.731	6.565	18.286	2.877	0.025
546	82.627	7.447	22.411	3.53	0.028
547	80.019	7.176	21.115	3.286	0.026
548	82.362	7.376	22.078	3.419	0.026
549	78.47	6.83	19.877	2.917	0.027
550	71.284	6.373	16.797	2.625	0.025
551	77.252	6.975	20.087	3.1	0.025
552	75.991	6.802	19.306	2.993	0.026
553	83.21	7.445	22.514	3.451	0.026
554	78.7	6.958	19.831	3.035	0.025
555	78.772	7.031	20.482	3.14	0.026
556	79.639	7.156	19.813	3.065	0.028
557	81.319	7.27	22.1	3.341	0.026
558	81.161	7.216	21.778	3.304	0.026
559	73.01	6.646	18.401	2.852	0.025
560	78.206	7.047	20.707	3.171	0.026
561	79.363	7.138	20.782	3.31	0.026
562	80.399	7.257	21.823	3.423	0.025
563	79.362	7.047	20.822	3.17	0.025
564	81.853	7.168	21.59	3.247	0.025
565	82.282	7.406	21.135	3.315	0.028
566	79.835	7.009	20.867	3.095	0.026
567	78.135	7.148	20.725	3.298	0.026
568	79.703	7.099	21.346	3.299	0.025
569	81.693	7.305	22.573	3.451	0.025
570	76.03	6.766	18.934	2.904	0.026
571	80.664	7.325	21.927	3.483	0.026
572	78.63	7.078	19.952	3.142	0.026
573	79.094	7.056	20.379	3.154	0.025
574	78.534	7.025	20.145	3.097	0.027
575	74.705	6.645	18.198	2.806	0.025
576	81.039	7.28	21.377	3.349	0.027
577	76.188	6.825	19.331	2.939	0.027
578	81.552	7.348	20.794	3.264	0.027
579	84.836	7.487	23.76	3.51	0.027
580	82.833	7.398	21.778	3.401	0.027
581	78.881	7.02	20.41	3.137	0.025
582	80.04	7.086	20.2	3.046	0.026
583	75.936	6.776	19.392	3.003	0.026
584	80.117	7.223	21.416	3.251	0.026
585	80.839	7.278	21.923	3.442	0.026
586	77.41	6.943	19.79	3.065	0.027
587	80.714	7.196	20.926	3.225	0.026
588	73.575	6.466	18.343	2.751	0.025
589	80.71	7.229	19.49	3.027	0.028
590	81.469	7.269	21.091	3.245	0.027
591	73.73	6.554	17.813	2.7	0.027
592	75.276	6.783	17.736	2.846	0.027
593	76.338	6.797	18.077	2.789	0.026
594	80.25	7.082	19.785	3.023	0.027
595	82.533	7.357	21.931	3.407	0.026
596	77.02	6.97	18.707	2.979	0.027
597	75.837	6.873	18.518	2.957	0.026
598	83.58	7.406	23.113	3.458	0.026
599	77.637	6.922	20.094	3.089	0.026
600	77.071	6.841	19.551	2.969	0.026
601	80.614	7.238	20.686	3.244	0.027
602	83.27	7.455	22.021	3.331	0.028
603	81.256	7.289	21.633	3.328	0.027
604	73.694	6.537	17.864	2.715	0.027
605	75.726	6.816	19.16	2.989	0.026
606	81.831	7.087	21.864	3.205	0.026
607	79.296	7.105	19.686	3.043	0.027
608	80.815	7.271	20.94	3.257	0.027
609	84.395	7.643	23.103	3.67	0.027
610	76.238	6.811	18.308	2.81	0.027
611	76.838	6.787	20.011	3.012	0.025
612	77.916	6.852	20.179	3.02	0.026
613	83.236	7.442	21.757	3.333	0.028
614	77.433	6.887	18.876	2.888	0.027
615	81.054	7.196	21.455	3.265	0.026
616	78.928	7.045	20.42	3.092	0.027
617	78.187	6.994	20.358	3.136	0.026
618	76.15	6.829	18.722	2.995	0.026
619	87.009	7.876	24.318	3.851	0.027
620	83.418	7.497	21.853	3.392	0.027
621	84.645	7.724	23.217	3.659	0.028
622	77.656	6.986	20.549	3.175	0.026
623	83.704	7.374	22.472	3.397	0.026
624	84.406	7.475	23.891	3.602	0.026
625	81.631	7.243	21.199	3.239	0.026
626	82.166	7.439	20.392	3.295	0.028
627	75.12	6.753	18.321	2.891	0.026
628	81.391	7.416	21.149	3.353	0.027
629	81.912	7.276	21.822	3.335	0.026
630	76.242	6.756	19.454	2.965	0.025
631	85.23	7.566	23.7	3.657	0.026
632	78.256	6.994	19.132	2.99	0.026
633	78.364	7.015	19.96	3.065	0.026
634	77.05	6.851	19.87	3.015	0.027
635	78.714	6.937	20.432	3.04	0.027
636	76.885	6.879	19.587	3.038	0.026
637	73.377	6.622	17.357	2.746	0.027
638	73.531	6.594	18.076	2.819	0.025
639	76.257	6.892	20.077	3.124	0.025
640	78.719	7.001	20.149	3.105	0.026
641	82.147	7.353	21.952	3.376	0.026
642	82.383	7.369	21.837	3.392	0.028
643	72.375	6.455	17.657	2.708	0.025
644	83.415	7.375	22.509	3.375	0.026
645	81.997	7.162	21.643	3.178	0.026
646	80.813	7.308	21.233	3.351	0.026
647	81.546	7.267	21.557	3.257	0.026
648	78.65	6.969	20.035	3.08	0.026
649	75.748	6.757	18.874	2.937	0.026
650	75.722	6.799	19.126	2.966	0.025
651	78.802	7.0	19.959	3.038	0.026
652	79.627	7.052	20.732	3.108	0.026
653	81.793	7.345	21.222	3.292	0.027
654	77.237	6.903	19.755	3.08	0.026
655	81.443	7.199	21.912	3.285	0.025
656	82.02	7.288	21.335	3.281	0.027
657	82.051	7.306	21.48	3.306	0.026
658	79.475	7.092	21.184	3.222	0.026
659	81.257	7.334	21.535	3.311	0.027
660	81.54	7.418	22.457	3.519	0.027
661	80.353	7.224	21.371	3.369	0.025
662	77.353	6.819	19.159	2.884	0.026
663	79.72	7.088	19.439	3.038	0.027
664	76.954	6.894	19.773	3.063	0.025
665	79.904	7.204	20.981	3.332	0.026
666	78.018	6.994	20.302	3.197	0.026
667	79.492	7.0	20.602	3.095	0.026
668	85.099	7.687	23.178	3.66	0.027
669	83.551	7.392	22.981	3.445	0.026
670	78.665	7.199	19.571	3.23	0.026
671	80.563	7.176	20.925	3.209	0.026
672	78.852	6.967	20.827	3.133	0.026
673	81.709	7.239	21.575	3.294	0.026
674	77.185	6.81	19.745	2.989	0.025
675	76.833	6.778	18.59	2.803	0.026
676	75.852	6.774	19.059	2.925	0.025
677	82.012	7.408	21.514	3.363	0.027
678	78.305	6.978	20.13	3.026	0.026
679	80.213	7.246	21.539	3.397	0.025
680	81.411	7.305	21.593	3.385	0.027
681	80.948	7.22	21.239	3.266	0.026
682	74.679	6.731	18.564	2.865	0.026
683	77.154	6.778	19.635	2.928	0.025
684	77.577	6.848	19.423	2.967	0.026
685	82.072	7.491	22.551	3.583	0.026
686	77.387	6.854	19.684	3.002	0.026
687	80.318	7.282	21.141	3.368	0.027
688	80.941	7.152	21.725	3.212	0.027
689	80.97	7.196	21.55	3.312	0.026
690	82.372	7.366	22.021	3.461	0.027
691	79.464	6.964	20.062	3.018	0.026
692	80.762	7.228	20.898	3.234	0.027
693	83.008	7.372	22.484	3.436	0.025
694	84.375	7.636	22.966	3.605	0.027
695	83.145	7.455	22.248	3.445	0.027
696	76.702	6.715	18.996	2.87	0.026
697	84.986	7.575	24.552	3.694	0.026
698	83.161	7.406	22.831	3.523	0.026
699	79.784	7.144	20.917	3.252	0.026
700	77.212	6.954	19.397	3.043	0.027
701	76.819	6.85	19.289	2.938	0.026
702	82.228	7.41	22.127	3.455	0.027
703	78.697	7.12	20.112	3.122	0.026
704	79.117	7.061	20.413	3.18	0.027
705	84.189	7.501	23.025	3.506	0.026
706	76.355	6.863	20.025	3.102	0.026
707	79.615	7.088	20.79	3.203	0.026
708	77.267	6.934	19.272	3.065	0.026
709	75.804	6.773	19.465	2.99	0.025
710	79.859	7.21	20.603	3.226	0.027
711	81.619	7.346	21.384	3.32	0.028
712	77.611	7.037	19.974	3.168	0.027
713	71.745	6.418	16.944	2.618	0.026
714	75.615	6.706	19.435	2.995	0.024
715	78.452	7.005	20.187	3.107	0.026
716	78.183	6.975	19.443	3.006	0.027
717	75.153	6.659	18.261	2.822	0.026
718	79.636	7.128	20.617	3.173	0.027
719	80.566	7.304	20.942	3.292	0.027
720	84.278	7.305	23.315	3.393	0.024
721	74.811	6.888	19.216	3.127	0.025
722	82.334	7.296	22.618	3.408	0.027
723	82.764	7.386	21.997	3.39	0.026
724	78.794	6.988	21.045	3.176	0.025
725	79.352	7.148	21.023	3.265	0.026
726	80.179	7.092	20.782	3.181	0.025
727	77.338	6.851	20.434	3.086	0.025
728	76.689	6.84	19.26	2.965	0.026
729	76.996	6.917	19.164	3.0	0.026
730	75.191	6.774	18.864	2.977	0.025
731	79.576	7.137	21.032	3.228	0.026
732	82.174	7.37	22.341	3.395	0.026
733	81.541	7.262	21.591	3.338	0.026
734	79.434	7.07	20.98	3.206	0.025
735	82.16	7.399	22.032	3.39	0.026
736	81.603	7.154	20.877	3.121	0.027
737	80.915	7.273	21.366	3.326	0.026
738	78.338	7.023	19.682	3.022	0.027
739	76.143	6.797	19.342	3.003	0.025
740	80.481	7.226	21.091	3.269	0.027
741	80.223	7.27	20.85	3.324	0.026
742	84.524	7.634	22.558	3.58	0.027
743	78.414	6.905	20.278	3.061	0.026
744	78.324	7.082	20.194	3.142	0.026
745	81.711	7.189	21.68	3.255	0.026
746	77.623	6.893	20.335	3.106	0.025
747	86.552	7.682	24.18	3.635	0.027
748	79.934	7.096	20.384	3.145	0.026
749	71.993	6.406	17.543	2.784	0.025
750	81.192	7.245	21.531	3.312	0.026
751	79.612	7.087	21.225	3.252	0.026
752	80.612	7.179	21.105	3.213	0.026
753	82.673	7.325	21.283	3.248	0.028
754	77.886	6.841	20.157	3.044	0.026
755	77.769	6.967	20.516	3.152	0.025
756	75.286	6.669	18.518	2.849	0.025
757	82.58	7.38	22.197	3.414	0.026
758	80.96	7.265	21.973	3.387	0.027
759	80.748	7.137	22.133	3.3	0.025
760	86.551	7.854	24.162	3.81	0.027
761	77.606	7.04	19.75	3.154	0.026
762	82.995	7.462	22.489	3.416	0.027
763	80.929	7.187	21.445	3.302	0.026
764	77.493	7.02	19.794	3.142	0.027
765	73.593	6.602	17.915	2.784	0.026
766	86.383	7.651	23.339	3.516	0.027
767	77.503	6.875	19.232	2.932	0.026
768	77.398	6.858	19.614	2.963	0.026
769	76.699	6.852	19.354	2.935	0.026
770	81.149	7.334	22.717	3.579	0.025
771	82.027	7.345	20.978	3.256	0.027
772	75.87	6.749	18.759	2.871	0.026
773	84.533	7.503	22.841	3.531	0.026
774	80.499	7.087	21.22	3.236	0.026
775	84.385	7.508	22.549	3.437	0.028
776	80.356	7.258	21.889	3.453	0.026
777	83.296	7.525	23.023	3.632	0.026
778	74.153	6.57	18.155	2.775	0.026
779	81.052	7.108	21.065	3.123	0.027
780	82.463	7.46	21.731	3.415	0.028
781	76.604	6.777	18.925	2.881	0.026
782	80.584	7.14	20.303	3.058	0.027
783	82.77	7.274	22.063	3.284	0.026
784	82.36	7.381	23.414	3.487	0.027
785	80.879	7.187	21.845	3.334	0.026
786	76.637	6.808	18.956	2.913	0.027
787	77.501	6.874	19.508	2.954	0.026
788	75.774	6.689	18.698	2.817	0.025
789	77.854	6.949	21.146	3.255	0.024
790	83.677	7.492	22.825	3.472	0.027
791	80.436	7.155	20.993	3.223	0.027
792	80.912	7.164	21.209	3.194	0.026
793	81.302	7.259	22.123	3.342	0.027
794	75.497	6.702	18.553	2.824	0.026
795	80.575	7.141	20.662	3.118	0.026
796	72.595	6.585	17.021	2.675	0.026
797	78.215	7.031	20.307	3.13	0.026
798	79.279	7.069	20.003	3.054	0.027
799	78.953	7.121	20.168	3.175	0.026
800	81.567	7.258	21.389	3.297	0.026
801	82.658	7.174	22.349	3.296	0.025
802	78.091	6.882	20.616	3.085	0.025
803	85.318	7.579	24.012	3.682	0.026
804	82.371	7.191	22.277	3.282	0.026
805	75.854	6.707	19.119	2.912	0.025
806	79.953	7.121	20.24	3.14	0.027
807	77.749	6.841	19.18	2.868	0.026
808	71.89	6.379	17.598	2.705	0.024
809	86.23	7.697	24.075	3.679	0.026
810	76.483	6.838	20.789	3.173	0.026
811	77.138	6.857	20.763	3.174	0.025
812	77.655	6.903	19.736	2.968	0.026
813	74.344	6.613	17.525	2.686	0.027
814	80.839	7.285	21.548	3.389	0.026
815	78.443	6.963	20.012	3.004	0.026
816	77.623	6.947	20.405	3.154	0.025
817	78.29	7.014	20.265	3.106	0.026
818	76.088	6.951	19.518	3.147	0.026
819	79.509	7.175	20.961	3.259	0.027
820	83.783	7.468	23.503	3.581	0.026
821	78.978	7.163	20.343	3.212	0.027
822	82.364	7.309	21.79	3.276	0.027
823	82.795	7.35	22.331	3.434	0.026
824	77.734	6.775	19.418	2.88	0.026
825	78.576	7.068	19.833	3.071	0.027
826	83.071	7.47	22.052	3.486	0.026
827	76.867	6.869	20.179	3.13	0.025
828	78.609	6.884	20.861	3.084	0.025
829	78.354	7.1	20.765	3.21	0.027
830	80.994	7.198	20.68	3.144	0.027
831	70.701	6.291	16.583	2.577	0.026
832	85.373	7.612	23.506	3.596	0.027
833	80.519	7.257	21.752	3.405	0.026
834	79.267	6.981	19.17	2.942	0.027
835	78.995	7.108	20.115	3.121	0.027
836	77.238	7.047	18.844	3.041	0.028
837	79.689	7.092	20.235	3.098	0.027
838	77.522	6.936	19.595	3.047	0.026
839	83.556	7.524	22.488	3.533	0.027
840	80.056	7.204	20.516	3.206	0.027
841	71.565	6.423	17.271	2.659	0.025
842	74.973	6.762	18.682	2.995	0.025
843	76.736	7.01	18.952	3.063	0.027
844	78.91	7.127	20.142	3.121	0.028
845	80.092	7.108	21.841	3.335	0.025
846	76.276	6.887	19.336	3.075	0.026
847	75.514	6.774	18.638	2.904	0.026
848	83.444	7.479	22.019	3.425	0.028
849	85.829	7.762	24.38	3.836	0.026
850	78.576	6.927	19.941	3.024	0.025
851	79.455	7.164	21.478	3.355	0.025
852	83.802	7.436	22.039	3.342	0.028
853	78.877	7.018	20.904	3.223	0.026
854	76.724	6.811	19.357	3.008	0.026
855	82.772	7.435	22.497	3.447	0.026
856	78.73	6.949	20.401	3.111	0.026
857	85.358	7.636	23.558	3.625	0.027
858	83.765	7.498	22.353	3.457	0.027
859	80.435	7.203	21.022	3.279	0.027
860	79.515	7.13	19.907	3.105	0.028
861	81.357	7.25	22.054	3.397	0.026
862	77.672	6.957	20.197	3.088	0.026
863	79.272	7.166	21.327	3.318	0.026
864	77.171	6.879	19.595	3.012	0.026
865	77.462	7.067	20.13	3.246	0.026
866	76.547	6.979	18.671	2.999	0.027
867	79.185	7.14	20.197	3.127	0.027
868	78.385	6.988	20.322	3.111	0.027
869	79.202	7.054	20.914	3.198	0.026
870	84.916	7.56	22.637	3.476	0.027
871	75.182	6.653	18.987	2.856	0.026
872	88.675	7.883	24.784	3.751	0.028
873	80.15	7.207	21.333	3.279	0.027
874	77.488	6.899	19.409	2.98	0.027
875	78.756	7.065	19.95	3.088	0.028
876	80.849	7.118	21.547	3.262	0.026
877	78.127	6.973	19.619	3.047	0.026
878	81.644	7.247	21.831	3.312	0.026
879	80.65	7.082	20.549	3.085	0.027
880	80.465	7.204	19.952	3.104	0.028
881	73.038	6.418	17.312	2.642	0.026
882	79.738	7.139	20.112	3.092	0.027
883	76.461	6.825	19.491	2.986	0.026
884	76.393	6.797	19.158	2.932	0.026
885	72.784	6.55	17.688	2.746	0.026
886	78.513	7.034	20.269	3.125	0.026
887	84.345	7.525	22.874	3.562	0.027
888	78.073	6.878	19.717	2.985	0.026
889	78.375	7.02	19.961	3.113	0.026
890	77.573	7.004	19.187	3.053	0.027
891	82.887	7.349	22.206	3.394	0.026
892	77.146	6.919	19.187	2.969	0.026
893	77.068	6.986	18.976	2.987	0.027
894	73.786	6.642	17.624	2.825	0.026
895	77.422	6.918	19.738	3.139	0.026
896	76.687	6.942	19.723	3.103	0.026
897	79.154	7.039	19.491	2.954	0.027
898	83.111	7.356	21.92	3.312	0.026
899	78.364	6.928	19.724	3.006	0.027
900	83.63	7.532	22.963	3.603	0.025
901	76.047	6.879	18.998	2.979	0.027
902	79.668	7.01	20.706	3.088	0.026
903	83.047	7.348	23.102	3.469	0.027
904	79.649	7.03	21.451	3.217	0.026
905	78.906	7.087	19.97	3.091	0.027
906	83.007	7.511	22.367	3.479	0.027
907	75.645	6.741	19.42	2.941	0.024
908	84.918	7.583	23.836	3.616	0.027
909	80.598	7.17	21.275	3.219	0.026
910	80.777	7.293	21.796	3.457	0.026
911	80.501	7.255	21.756	3.375	0.026
912	78.948	7.181	20.576	3.203	0.027
913	77.175	6.946	19.179	3.04	0.027
914	81.804	7.402	22.068	3.52	0.027
915	83.556	7.352	22.958	3.466	0.026
916	83.685	7.459	23.013	3.544	0.026
917	74.085	6.656	18.441	2.835	0.027
918	79.999	7.216	20.656	3.263	0.027
919	81.827	7.443	21.622	3.485	0.026
920	76.301	6.893	18.319	2.93	0.027
921	79.295	7.123	20.112	3.211	0.026
922	81.378	7.342	21.58	3.354	0.027
923	74.901	6.708	18.617	2.834	0.026
924	82.238	7.321	20.747	3.206	0.027
925	76.834	6.877	19.269	2.958	0.027
926	82.904	7.392	23.326	3.537	0.025
927	83.503	7.519	23.005	3.566	0.027
928	73.788	6.605	17.891	2.746	0.027
929	76.842	6.89	19.967	3.072	0.026
930	79.353	7.12	20.168	3.144	0.027
931	78.695	7.052	20.557	3.133	0.026
932	79.966	7.142	21.756	3.28	0.026
933	84.723	7.585	22.946	3.579	0.027
934	82.687	7.502	22.148	3.495	0.027
935	82.897	7.49	22.075	3.416	0.028
936	79.278	7.139	20.79	3.283	0.028
937	79.949	7.181	20.93	3.228	0.026
938	79.748	7.02	21.629	3.219	0.025
939	79.062	6.972	20.977	3.138	0.025
940	78.655	7.054	20.234	3.181	0.026
941	81.331	7.205	21.329	3.274	0.026
942	76.158	6.755	19.344	2.979	0.025
943	77.518	6.861	18.999	2.901	0.026
944	82.026	7.353	21.819	3.379	0.027
945	76.65	6.946	19.307	3.088	0.027
946	77.702	6.992	19.814	3.184	0.027
947	76.895	6.79	19.386	2.913	0.026
948	84.263	7.485	24.005	3.656	0.026
949	79.961	7.042	20.372	3.11	0.026
950	77.818	6.853	20.481	3.099	0.025
951	81.438	7.276	22.102	3.476	0.026
952	77.089	6.928	20.221	3.132	0.026
953	79.255	7.149	21.1	3.289	0.026
954	77.06	6.737	19.17	2.889	0.026
955	86.035	7.588	23.928	3.631	0.026
956	76.65	6.788	18.798	2.862	0.027
957	81.486	7.258	20.815	3.209	0.027
958	83.969	7.62	22.7	3.644	0.027
959	79.703	7.177	20.536	3.195	0.027
960	81.054	7.203	22.013	3.35	0.027
961	83.175	7.338	22.647	3.369	0.026
962	77.406	6.824	19.769	2.977	0.026
963	78.726	7.118	20.141	3.141	0.027
964	78.816	7.029	20.837	3.188	0.025
965	74.488	6.692	17.895	2.805	0.026
966	78.937	7.038	19.996	3.115	0.027
967	81.23	7.277	21.285	3.305	0.027
968	75.527	6.673	18.859	2.859	0.026
969	77.79	7.004	20.383	3.19	0.026
970	79.298	7.039	20.334	3.116	0.026
971	83.511	7.546	23.144	3.56	0.028
972	72.972	6.555	17.195	2.685	0.027
973	72.795	6.548	17.832	2.836	0.026
974	83.208	7.426	22.547	3.434	0.027
975	81.291	7.286	21.2	3.266	0.027
976	78.896	7.045	20.996	3.24	0.026
977	75.561	6.74	19.063	2.935	0.026
978	84.101	7.461	22.422	3.4	0.028
979	77.683	6.977	20.202	3.148	0.026
980	78.212	6.96	20.462	3.118	0.026
981	78.594	7.094	20.827	3.299	0.026
982	79.17	7.213	20.459	3.228	0.027
983	79.857	6.987	20.945	3.121	0.026
984	80.226	7.2	20.783	3.212	0.027
985	80.147	7.044	20.751	3.154	0.026
986	76.985	6.914	19.797	3.06	0.027
987	80.183	7.105	20.597	3.101	0.027
988	84.407	7.611	22.605	3.507	0.027
989	79.165	7.042	21.675	3.295	0.025
990	82.526	7.342	22.561	3.442	0.026
991	76.148	6.788	19.305	2.944	0.026
992	80.586	7.194	21.695	3.344	0.025
993	75.945	6.797	18.711	2.914	0.026
994	77.941	7.023	20.045	3.113	0.026
995	77.349	6.901	18.951	2.98	0.026
996	75.884	6.817	19.616	3.038	0.026
997	81.398	7.245	21.625	3.325	0.026
998	81.985	7.286	21.532	3.293	0.026
999	81.029	7.262	22.555	3.48	0.025
1000	81.998	7.257	21.746	3.356	0.025
