Iteration	L1	L1 %	L2	L2 %	KL Divergence
1	27.58	121.164	8.459	78.957	1.556
2	28.337	124.376	8.961	80.933	1.606
3	27.677	126.947	8.627	82.229	1.682
4	27.612	123.653	8.699	83.379	1.588
5	26.991	122.836	8.113	78.427	1.573
6	27.117	119.902	8.39	79.109	1.53
7	27.33	122.501	8.703	80.44	1.616
8	27.089	125.856	8.482	82.837	1.654
9	27.539	123.164	8.276	78.343	1.574
10	27.714	123.165	8.508	81.345	1.562
11	26.436	119.593	8.458	77.627	1.587
12	28.851	127.954	8.704	84.445	1.684
13	27.423	119.334	8.675	78.616	1.503
14	27.063	122.273	8.557	81.591	1.654
15	26.133	122.102	7.857	76.12	1.646
16	26.261	120.148	7.84	76.919	1.521
17	26.576	120.444	8.292	77.807	1.569
18	27.557	122.623	8.962	83.66	1.585
19	26.758	123.576	8.738	81.558	1.659
20	26.527	120.754	8.285	79.985	1.569
21	27.076	123.54	8.353	79.13	1.659
22	27.913	130.619	8.78	86.415	1.701
23	27.696	125.466	7.913	77.754	1.685
24	27.494	125.246	8.915	83.348	1.666
25	26.61	123.295	8.135	79.662	1.624
26	27.665	124.796	8.541	79.953	1.602
27	26.684	122.702	8.2	80.262	1.575
28	27.241	123.656	8.143	81.119	1.593
29	27.316	124.838	8.704	82.07	1.664
30	26.9	125.824	8.41	83.532	1.644
31	27.342	122.998	8.194	78.052	1.557
32	26.312	114.338	8.054	72.658	1.499
33	26.892	122.545	8.376	79.82	1.577
34	25.629	122.503	7.559	77.086	1.58
35	26.452	121.268	8.212	79.387	1.617
36	26.989	122.826	8.03	78.485	1.602
37	26.683	123.591	8.317	80.792	1.64
38	26.803	126.251	8.904	86.048	1.684
39	28.467	125.593	8.594	82.81	1.609
40	26.585	123.989	8.402	81.725	1.684
41	25.962	119.49	7.826	76.708	1.571
42	26.103	120.994	8.17	78.581	1.608
43	27.387	123.945	8.632	80.694	1.688
44	27.636	127.602	8.595	85.019	1.705
45	27.107	123.634	8.228	79.303	1.627
46	27.226	121.646	8.736	79.121	1.621
47	26.137	122.804	8.342	81.916	1.568
48	27.695	123.782	9.278	86.924	1.595
49	28.391	126.479	8.992	83.292	1.58
50	27.539	124.102	8.683	82.414	1.586
51	26.418	121.164	7.929	76.656	1.595
52	27.709	123.804	8.769	81.611	1.619
53	27.294	122.817	8.992	83.623	1.615
54	26.572	118.982	7.95	73.052	1.502
55	27.684	120.977	9.252	83.529	1.553
56	27.463	124.791	8.495	82.661	1.599
57	28.071	120.732	8.831	78.828	1.568
58	26.863	124.267	8.084	78.844	1.656
59	27.132	119.835	8.633	81.338	1.568
60	27.111	125.498	8.306	82.684	1.644
61	26.654	123.7	8.029	81.148	1.609
62	26.62	122.634	8.183	78.634	1.617
63	27.557	122.122	8.639	83.866	1.573
64	28.196	122.05	9.165	81.774	1.572
65	26.678	124.718	8.628	82.559	1.637
66	28.646	125.318	9.12	82.752	1.662
67	26.611	121.768	8.23	79.02	1.596
68	27.926	121.141	9.002	80.342	1.59
69	27.964	125.493	8.83	80.734	1.628
70	27.909	122.637	8.538	80.289	1.552
71	28.331	122.45	8.791	80.564	1.54
72	27.21	124.073	8.263	80.614	1.615
73	26.288	118.423	7.817	73.799	1.512
74	28.211	124.931	8.831	82.691	1.591
75	26.945	126.406	8.218	84.101	1.635
76	26.946	122.735	7.909	77.539	1.615
77	27.037	121.29	8.674	81.164	1.587
78	26.711	116.732	8.13	75.643	1.544
79	26.634	120.984	8.345	81.006	1.575
80	27.461	125.93	8.889	84.345	1.665
81	26.631	124.317	7.922	80.68	1.672
82	27.937	123.724	8.908	83.901	1.583
83	27.098	122.91	8.471	79.362	1.633
84	25.822	119.159	8.438	78.588	1.587
85	27.434	126.917	8.614	82.238	1.691
86	26.441	121.611	8.164	79.162	1.552
87	26.599	116.225	8.029	76.546	1.468
88	26.332	120.845	8.329	78.752	1.619
89	27.711	126.521	8.542	83.944	1.649
90	27.109	125.02	8.241	81.93	1.613
91	27.004	119.823	7.868	77.015	1.504
92	26.57	117.3	7.971	75.776	1.513
93	26.263	118.635	8.265	79.091	1.544
94	27.678	126.747	8.466	82.673	1.656
95	26.406	123.601	7.955	80.045	1.681
96	27.142	127.631	8.512	83.025	1.703
97	27.274	124.361	8.274	78.99	1.626
98	27.905	129.808	8.138	80.753	1.727
99	27.355	122.333	8.615	79.632	1.608
100	26.509	123.255	7.798	79.833	1.627
101	26.952	124.799	8.31	81.046	1.62
102	27.818	121.452	8.731	80.623	1.58
103	26.743	122.756	8.308	80.197	1.584
104	26.602	122.094	8.01	78.348	1.664
105	27.691	124.232	8.246	78.809	1.631
106	27.233	124.301	8.194	80.463	1.635
107	26.813	122.174	8.146	80.608	1.536
108	26.304	120.322	8.216	77.068	1.522
109	27.864	121.927	8.975	81.492	1.672
110	26.327	122.521	8.35	81.431	1.639
111	28.565	124.212	9.147	83.945	1.645
112	26.428	123.125	8.106	80.117	1.576
113	26.687	123.624	8.016	80.545	1.614
114	27.652	123.504	8.707	81.298	1.592
115	27.156	121.075	8.353	79.6	1.571
116	28.324	124.904	8.673	82.032	1.604
117	27.867	125.769	8.584	82.807	1.662
118	27.157	120.212	8.097	74.313	1.531
119	26.394	120.629	7.88	79.765	1.55
120	28.263	125.249	9.123	83.581	1.662
121	27.464	122.85	8.882	84.514	1.6
122	28.752	126.089	9.854	87.744	1.691
123	27.352	121.23	8.266	79.504	1.564
124	26.175	121.974	8.31	80.714	1.639
125	26.851	120.498	8.251	79.622	1.607
126	26.715	120.278	8.519	81.814	1.537
127	28.497	128.856	8.955	85.185	1.729
128	26.608	120.633	8.325	79.513	1.645
129	26.863	118.967	8.436	74.512	1.531
130	26.479	123.382	8.441	82.55	1.613
131	27.32	121.326	8.769	79.292	1.566
132	26.442	117.512	8.179	76.647	1.54
133	26.422	118.533	8.527	78.063	1.498
134	26.865	121.343	7.94	78.025	1.579
135	27.508	120.538	8.89	79.028	1.554
136	27.082	123.515	8.28	78.33	1.622
137	27.331	127.588	8.479	85.718	1.717
138	27.282	124.971	8.399	83.594	1.644
139	25.892	118.737	8.034	79.627	1.567
140	27.082	119.022	8.374	79.338	1.539
141	27.318	121.696	8.608	82.408	1.618
142	26.844	123.71	8.139	80.625	1.569
143	27.21	121.916	8.438	79.51	1.507
144	27.353	121.672	8.705	81.3	1.549
145	26.93	117.862	8.533	77.977	1.427
146	27.376	122.826	8.349	80.944	1.565
147	25.943	114.766	7.88	74.29	1.465
148	25.815	116.215	8.331	74.425	1.499
149	27.678	124.004	8.49	80.611	1.558
150	26.034	119.262	7.724	74.728	1.563
151	26.991	118.465	8.579	79.085	1.5
152	27.189	120.284	8.526	80.305	1.545
153	25.211	116.118	7.821	75.619	1.506
154	27.753	124.152	8.883	84.231	1.592
155	28.321	123.564	9.076	82.034	1.554
156	25.312	114.076	7.903	73.4	1.484
157	26.805	121.061	8.31	78.766	1.595
158	26.993	126.191	8.214	81.937	1.662
159	26.256	117.628	7.767	75.834	1.533
160	28.184	124.961	8.937	83.547	1.633
161	26.33	118.463	8.016	77.009	1.498
162	29.133	127.198	9.385	86.612	1.637
163	26.063	120.92	7.938	74.642	1.585
164	27.446	122.528	8.773	84.644	1.611
165	27.694	123.938	8.129	79.614	1.571
166	25.505	117.912	7.499	76.874	1.538
167	28.225	125.537	8.824	84.052	1.727
168	25.375	119.729	7.173	75.264	1.583
169	27.836	126.959	8.67	85.339	1.666
170	27.508	122.639	8.655	78.7	1.62
171	27.714	119.399	8.215	76.674	1.531
172	28.51	121.965	9.357	82.9	1.565
173	27.397	123.812	8.522	79.019	1.648
174	28.093	119.872	8.538	78.006	1.582
175	26.33	120.085	8.069	79.326	1.506
176	26.246	122.161	7.938	78.844	1.592
177	27.306	125.249	8.794	81.907	1.627
178	26.334	118.806	8.203	78.088	1.51
179	27.006	125.763	8.507	83.673	1.616
180	27.219	120.136	8.719	80.306	1.622
181	27.022	121.241	8.981	81.332	1.634
182	27.835	125.192	8.337	80.557	1.627
183	29.33	130.357	9.4	86.623	1.77
184	26.963	121.782	8.631	79.832	1.611
185	28.162	128.746	9.071	84.2	1.701
186	28.329	125.983	9.304	86.226	1.619
187	27.222	120.077	8.353	77.807	1.586
188	27.748	127.084	8.757	83.154	1.739
189	26.776	127.001	8.326	84.991	1.677
190	27.21	123.961	8.695	83.638	1.662
191	28.411	126.641	9.072	86.121	1.684
192	27.705	121.293	8.539	77.91	1.537
193	27.932	121.444	8.543	77.601	1.576
194	26.034	120.253	8.047	79.915	1.566
195	27.28	117.34	8.167	74.553	1.481
196	27.708	127.398	8.813	86.398	1.698
197	28.281	129.243	9.366	86.857	1.755
198	29.274	128.012	9.358	84.316	1.708
199	27.636	120.102	8.781	79.746	1.579
200	26.573	120.963	7.928	78.814	1.581
201	25.453	116.727	7.389	72.633	1.53
202	27.903	122.74	8.611	79.928	1.611
203	26.934	122.988	8.47	80.967	1.606
204	27.226	126.326	8.355	81.619	1.63
205	28.376	124.888	8.763	82.175	1.599
206	27.163	117.352	8.436	75.886	1.495
207	26.704	121.567	8.378	82.059	1.636
208	29.019	129.747	9.402	86.04	1.725
209	27.413	120.601	8.645	77.302	1.598
210	26.44	121.134	7.757	77.885	1.591
211	26.583	119.19	8.211	76.057	1.56
212	26.871	123.263	8.107	81.278	1.616
213	26.982	124.178	8.035	80.536	1.682
214	28.881	128.402	9.363	86.102	1.703
215	25.956	121.612	7.909	79.169	1.551
216	27.64	122.884	8.79	83.22	1.608
217	25.887	120.123	8.132	78.204	1.589
218	27.758	121.399	8.563	78.948	1.58
219	27.679	120.923	8.997	79.509	1.589
220	27.755	125.622	8.701	81.983	1.622
221	26.664	117.08	8.348	76.346	1.491
222	26.432	120.913	8.124	79.182	1.576
223	26.894	122.58	8.109	76.846	1.631
224	27.623	121.924	8.125	77.03	1.619
225	27.069	119.264	8.531	80.505	1.516
226	27.675	121.086	9.38	83.842	1.566
227	27.289	128.456	8.719	84.84	1.765
228	27.856	121.381	9.02	83.109	1.567
229	26.627	120.509	7.905	75.552	1.585
230	26.615	120.316	7.989	77.732	1.516
231	26.177	118.287	8.186	79.271	1.526
232	27.851	124.351	8.738	81.643	1.556
233	27.327	124.219	8.711	83.596	1.602
234	27.657	122.135	8.823	81.912	1.51
235	25.534	120.155	7.271	76.097	1.561
236	27.987	127.355	8.901	83.695	1.676
237	27.022	124.637	8.255	81.473	1.611
238	27.33	125.68	9.039	84.13	1.667
239	27.294	122.457	8.795	81.283	1.6
240	27.534	121.202	9.089	81.688	1.588
241	26.116	117.659	8.06	76.161	1.494
242	26.411	122.215	8.485	82.669	1.636
243	27.145	119.685	8.472	79.608	1.484
244	27.029	124.109	8.347	81.127	1.732
245	27.791	126.973	8.301	82.754	1.661
246	26.075	118.71	7.624	74.081	1.544
247	28.009	122.82	8.435	79.916	1.592
248	27.44	122.323	8.546	80.899	1.565
249	27.596	120.806	8.428	80.995	1.535
250	27.664	121.67	8.606	79.01	1.56
251	27.579	120.81	8.231	78.781	1.566
252	27.402	127.983	8.432	82.999	1.728
253	27.964	126.935	8.78	82.758	1.728
254	28.488	128.208	8.972	84.066	1.686
255	26.718	118.586	8.125	80.395	1.497
256	27.32	125.965	8.724	81.451	1.699
257	26.849	121.77	8.763	82.919	1.522
258	27.793	123.408	9.197	80.561	1.634
259	27.128	130.487	8.506	86.894	1.737
260	27.474	123.961	8.56	80.544	1.686
261	26.933	120.824	8.263	78.217	1.584
262	26.318	119.816	8.077	78.992	1.537
263	26.703	117.401	8.186	78.874	1.463
264	27.384	122.237	8.503	79.205	1.577
265	28.724	121.516	8.618	79.546	1.56
266	26.905	120.305	8.222	79.128	1.554
267	26.941	125.126	8.378	83.477	1.62
268	26.399	117.359	8.127	77.043	1.477
269	26.138	119.301	7.888	77.825	1.5
270	27.424	123.574	8.432	83.511	1.59
271	28.605	125.541	9.346	88.455	1.559
272	27.829	121.202	8.752	76.515	1.552
273	27.247	123.121	8.54	82.27	1.612
274	27.131	127.849	7.919	81.423	1.685
275	27.409	123.708	8.305	81.21	1.573
276	27.943	120.331	8.866	79.814	1.577
277	27.229	125.62	8.345	82.361	1.693
278	26.358	123.419	7.926	80.136	1.644
279	28.625	126.593	9.498	85.349	1.634
280	27.098	121.249	8.391	78.801	1.591
281	28.167	123.663	8.773	78.746	1.634
282	27.989	122.538	9.029	81.527	1.595
283	27.365	122.234	8.557	80.268	1.588
284	28.179	126.446	8.692	84.047	1.609
285	26.477	121.504	7.998	78.99	1.656
286	27.735	123.368	8.442	80.796	1.553
287	26.253	122.656	7.996	77.188	1.646
288	27.398	122.153	8.368	82.71	1.631
289	27.22	118.662	8.241	77.498	1.511
290	26.751	123.481	8.392	81.362	1.616
291	25.091	114.029	7.643	75.618	1.463
292	26.693	125.883	8.114	83.032	1.646
293	27.579	120.648	8.479	80.582	1.53
294	28.414	122.994	8.792	78.594	1.565
295	27.371	120.91	8.574	79.076	1.525
296	26.382	120.667	8.033	81.111	1.544
297	26.822	121.829	7.892	75.776	1.584
298	26.394	123.41	7.919	80.176	1.647
299	27.269	124.333	8.964	84.668	1.663
300	27.454	123.918	8.335	81.211	1.641
301	27.531	124.973	8.109	80.876	1.692
302	27.271	120.659	8.241	75.714	1.541
303	27.947	126.843	8.805	85.707	1.593
304	27.693	119.641	8.601	77.224	1.558
305	27.421	122.319	8.723	81.9	1.583
306	28.366	124.488	8.682	82.914	1.572
307	26.395	120.967	7.993	77.405	1.558
308	26.925	121.107	8.194	80.176	1.526
309	27.06	120.723	8.189	78.747	1.561
310	26.584	120.785	7.912	78.433	1.625
311	27.811	125.374	8.808	85.106	1.624
312	26.866	126.052	8.624	86.062	1.654
313	26.967	123.719	7.93	78.587	1.577
314	26.445	117.231	8.366	77.766	1.516
315	27.649	122.361	8.494	79.423	1.581
316	26.853	121.303	8.023	78.217	1.619
317	28.513	129.903	8.948	85.814	1.717
318	27.674	122.336	8.395	79.146	1.617
319	26.964	123.206	8.459	82.369	1.55
320	27.146	121.301	8.442	79.487	1.613
321	27.515	125.729	8.608	84.053	1.639
322	27.171	119.564	8.309	79.096	1.512
323	27.394	123.113	8.594	81.363	1.579
324	28.184	129.368	8.908	84.948	1.745
325	27.515	122.312	8.311	77.843	1.593
326	28.645	125.889	9.596	86.147	1.656
327	26.769	119.398	8.038	76.795	1.503
328	26.319	124.976	7.982	79.341	1.698
329	26.595	120.275	8.289	77.624	1.535
330	26.475	117.0	8.264	77.558	1.507
331	27.231	122.659	8.446	79.423	1.569
332	27.723	124.978	8.505	81.004	1.631
333	28.005	124.543	9.355	84.926	1.619
334	25.159	116.964	7.617	72.87	1.504
335	27.415	124.291	8.479	79.801	1.664
336	26.548	124.51	8.327	83.121	1.666
337	27.832	125.057	8.702	79.979	1.637
338	27.584	125.674	8.87	86.492	1.598
339	26.712	124.503	8.436	80.163	1.679
340	25.97	114.517	7.69	73.786	1.45
341	28.712	126.507	9.343	85.092	1.652
342	27.865	127.199	8.94	86.232	1.686
343	27.215	123.772	8.528	81.861	1.625
344	27.726	125.787	8.894	79.789	1.696
345	26.283	119.655	8.501	81.777	1.547
346	25.857	118.653	7.739	76.191	1.541
347	27.343	120.689	8.55	79.929	1.596
348	26.467	117.664	8.248	78.664	1.503
349	26.857	121.802	8.405	81.343	1.653
350	26.941	125.358	7.773	79.117	1.642
351	26.574	121.353	8.167	80.593	1.58
352	27.472	122.961	8.704	80.559	1.662
353	28.383	130.13	9.432	88.534	1.734
354	27.964	122.955	8.669	83.504	1.596
355	26.377	117.001	8.181	76.376	1.521
356	27.001	122.667	8.479	83.316	1.611
357	27.245	122.307	8.191	79.899	1.618
358	28.781	124.789	9.001	84.835	1.61
359	27.575	119.753	9.137	77.381	1.535
360	26.757	120.24	8.417	79.873	1.531
361	25.846	120.274	7.871	78.437	1.545
362	26.552	118.988	8.196	77.795	1.505
363	26.583	123.139	8.453	81.012	1.581
364	28.06	127.268	8.999	86.445	1.723
365	29.285	128.554	9.234	84.781	1.681
366	27.595	122.678	8.86	81.799	1.602
367	26.492	123.762	8.317	79.05	1.619
368	27.345	120.057	8.66	79.594	1.56
369	26.182	119.19	8.079	77.472	1.53
370	27.36	122.188	8.663	80.33	1.595
371	28.562	126.478	9.061	84.681	1.679
372	24.97	115.971	7.989	76.389	1.517
373	28.779	125.352	8.7	80.903	1.591
374	27.166	126.473	8.358	82.715	1.63
375	27.209	120.887	8.402	79.895	1.505
376	27.247	122.82	8.702	80.123	1.632
377	26.104	121.279	7.964	78.347	1.566
378	27.416	119.995	8.46	76.922	1.557
379	27.613	125.389	8.483	82.205	1.596
380	26.912	119.585	8.287	78.322	1.529
381	27.315	122.378	8.737	81.648	1.534
382	27.394	125.168	8.545	84.348	1.604
383	27.044	121.276	8.362	79.951	1.558
384	27.563	123.432	8.177	79.485	1.59
385	26.281	121.298	7.973	81.367	1.601
386	27.83	122.251	9.076	82.132	1.63
387	26.909	122.977	8.523	80.464	1.59
388	27.522	122.248	8.556	79.37	1.617
389	26.902	126.612	8.314	83.427	1.626
390	27.522	123.659	8.685	79.049	1.674
391	26.684	118.035	8.029	76.01	1.49
392	26.4	124.703	8.113	83.826	1.61
393	26.78	123.788	7.905	79.08	1.56
394	27.877	126.642	8.881	83.181	1.703
395	26.638	120.391	8.802	80.185	1.559
396	28.095	124.89	8.719	82.734	1.58
397	26.644	120.345	7.961	79.25	1.566
398	26.662	124.131	7.972	78.896	1.658
399	26.45	121.176	8.129	80.386	1.56
400	27.238	119.862	8.754	77.735	1.558
401	26.586	119.269	8.153	77.772	1.556
402	27.543	122.876	8.436	82.054	1.613
403	26.449	121.493	8.284	79.112	1.584
404	27.793	125.078	8.921	86.306	1.662
405	27.307	124.044	8.722	82.919	1.63
406	26.94	117.659	8.41	75.611	1.569
407	27.084	123.23	8.984	82.986	1.607
408	27.417	120.705	8.637	79.946	1.549
409	27.337	120.896	8.746	81.287	1.609
410	26.561	122.449	8.57	81.218	1.603
411	27.988	123.857	8.911	81.518	1.625
412	27.745	126.878	9.109	84.389	1.691
413	27.266	125.12	8.533	84.212	1.691
414	27.027	121.43	8.269	80.425	1.578
415	27.839	122.254	8.863	81.215	1.638
416	27.696	126.107	8.402	82.29	1.644
417	26.655	122.004	8.471	82.631	1.554
418	27.291	124.381	8.377	80.519	1.603
419	27.569	125.665	8.051	79.731	1.66
420	27.843	124.321	8.821	82.24	1.666
421	27.85	122.294	8.691	81.655	1.589
422	27.308	130.126	8.14	82.905	1.733
423	27.11	121.182	8.514	77.934	1.568
424	26.688	122.31	8.36	80.39	1.61
425	26.674	121.428	8.375	79.071	1.606
426	27.923	126.834	8.722	81.291	1.674
427	27.622	125.932	8.558	82.471	1.729
428	26.874	123.328	8.576	81.569	1.658
429	27.476	121.488	8.725	81.229	1.534
430	26.286	122.084	8.447	80.911	1.62
431	28.2	123.868	8.938	81.747	1.607
432	27.947	121.181	8.328	79.862	1.591
433	26.843	124.81	8.275	81.028	1.677
434	26.788	122.047	7.758	77.377	1.548
435	26.153	117.486	8.345	78.475	1.511
436	26.623	120.67	7.831	80.613	1.538
437	27.093	120.881	8.676	79.299	1.615
438	27.179	122.256	8.28	81.972	1.579
439	28.406	126.148	8.887	83.09	1.627
440	27.415	123.764	8.09	78.803	1.598
441	27.65	125.159	9.088	84.491	1.652
442	27.384	120.266	8.749	81.9	1.595
443	26.51	118.377	8.463	77.061	1.521
444	27.384	121.806	8.391	80.922	1.615
445	26.968	126.372	8.282	81.429	1.699
446	27.052	119.881	8.604	78.719	1.498
447	27.29	124.417	8.873	82.448	1.628
448	27.966	120.994	8.359	79.916	1.562
449	26.917	123.038	8.53	83.968	1.599
450	26.662	119.495	8.118	79.367	1.573
451	26.127	119.53	8.366	79.898	1.592
452	28.787	126.659	9.231	82.339	1.661
453	26.486	118.076	8.276	78.097	1.505
454	26.833	126.216	8.352	82.361	1.692
455	28.293	127.562	8.958	82.6	1.655
456	27.325	120.144	8.648	77.79	1.562
457	28.282	125.15	8.664	82.721	1.655
458	27.317	121.525	8.27	77.984	1.597
459	27.757	123.991	8.959	82.079	1.584
460	28.095	126.915	9.086	82.249	1.674
461	27.467	124.732	8.262	79.279	1.629
462	28.503	127.141	9.089	85.621	1.687
463	25.647	116.221	7.954	73.837	1.51
464	28.8	130.359	8.892	83.49	1.73
465	26.512	120.531	8.057	79.631	1.576
466	26.268	119.189	7.925	76.173	1.584
467	26.346	120.81	8.159	79.229	1.561
468	26.911	122.269	8.073	79.097	1.618
469	26.831	121.034	8.201	78.207	1.513
470	27.451	123.846	8.845	82.223	1.647
471	25.494	124.046	7.529	78.87	1.624
472	27.566	123.301	8.529	79.28	1.612
473	27.865	125.936	8.678	84.294	1.654
474	27.234	123.507	8.766	83.999	1.621
475	28.154	122.697	8.677	79.069	1.514
476	28.468	127.505	8.828	85.179	1.668
477	27.403	122.201	8.435	80.78	1.598
478	27.411	123.285	8.516	82.498	1.624
479	27.666	122.413	8.567	81.247	1.504
480	27.772	123.419	8.681	81.091	1.611
481	26.763	122.478	8.629	80.623	1.606
482	27.241	126.755	8.312	82.46	1.691
483	27.918	125.929	9.019	84.168	1.606
484	27.447	121.681	8.69	81.922	1.592
485	26.937	119.994	8.518	80.574	1.534
486	27.318	124.181	8.494	82.282	1.604
487	27.272	120.009	8.617	81.421	1.537
488	27.012	124.008	8.233	79.669	1.663
489	26.333	119.994	8.302	78.01	1.614
490	27.615	129.025	8.878	84.458	1.727
491	26.365	123.708	8.387	79.583	1.69
492	26.897	120.388	8.48	78.658	1.527
493	28.059	126.205	8.958	85.232	1.681
494	27.995	125.938	8.787	84.898	1.623
495	26.458	123.849	8.441	82.478	1.619
496	27.566	125.941	8.687	83.706	1.651
497	27.203	124.335	8.746	80.674	1.657
498	27.281	125.575	8.341	82.104	1.693
499	27.088	118.82	8.819	80.869	1.504
500	27.694	119.864	8.63	79.997	1.556
501	27.263	122.234	8.155	79.652	1.595
502	27.83	127.011	8.632	83.954	1.679
503	27.357	126.045	8.801	84.732	1.693
504	27.908	123.911	8.555	80.266	1.6
505	26.282	123.224	8.056	80.705	1.637
506	28.118	126.454	9.211	82.563	1.61
507	25.909	118.513	7.763	75.577	1.53
508	27.484	125.048	8.454	81.966	1.67
509	27.48	120.732	8.626	76.972	1.608
510	27.103	121.603	8.465	80.537	1.602
511	26.651	122.308	8.029	77.784	1.603
512	26.927	121.537	8.121	78.955	1.572
513	26.853	121.605	8.447	79.575	1.568
514	27.179	120.864	8.39	79.427	1.591
515	27.19	125.047	8.856	84.693	1.66
516	26.879	125.477	8.398	81.645	1.679
517	27.146	123.346	8.396	80.56	1.6
518	26.834	123.783	8.302	81.135	1.649
519	26.127	119.711	8.338	77.931	1.597
520	28.406	124.643	8.908	84.327	1.622
521	28.006	120.037	9.269	78.803	1.544
522	26.321	118.636	8.175	77.805	1.552
523	26.942	125.244	8.665	82.183	1.692
524	28.06	130.179	8.921	85.034	1.72
525	26.694	120.633	8.181	78.208	1.565
526	26.263	117.397	8.004	76.654	1.543
527	27.976	124.025	8.658	78.872	1.615
528	27.183	123.415	8.19	80.904	1.625
529	27.53	123.371	8.829	79.71	1.64
530	26.688	120.636	8.024	76.563	1.549
531	28.433	125.601	8.757	80.558	1.654
532	28.089	127.244	8.915	85.645	1.706
533	28.428	126.156	8.994	86.279	1.721
534	26.806	122.034	8.38	79.569	1.628
535	27.025	122.895	8.439	78.276	1.558
536	27.531	122.864	8.891	84.114	1.628
537	26.594	123.311	8.325	81.992	1.573
538	27.119	120.044	8.095	80.26	1.531
539	28.147	121.4	9.128	81.62	1.574
540	27.569	120.736	8.377	77.58	1.598
541	27.089	122.741	8.349	77.876	1.662
542	26.615	123.611	8.449	80.301	1.655
543	28.219	122.715	9.164	82.749	1.592
544	25.94	111.93	8.256	73.105	1.425
545	26.793	124.804	8.148	82.218	1.683
546	25.959	118.479	8.056	75.843	1.524
547	27.851	125.59	8.543	82.049	1.643
548	27.891	127.487	8.716	86.579	1.664
549	26.16	122.447	8.033	81.68	1.612
550	27.224	125.696	8.646	82.001	1.652
551	26.113	118.275	7.914	79.29	1.527
552	26.713	120.479	8.458	80.781	1.568
553	26.774	124.846	8.078	80.448	1.651
554	27.306	126.274	8.61	80.996	1.679
555	26.993	126.817	8.285	83.382	1.692
556	26.481	115.43	8.009	74.011	1.47
557	28.61	128.668	9.268	86.96	1.686
558	26.511	119.396	8.531	78.766	1.562
559	27.149	121.736	8.43	80.97	1.58
560	27.715	122.484	8.484	79.954	1.578
561	27.657	128.018	8.59	83.9	1.692
562	26.292	116.091	7.674	74.144	1.459
563	27.58	126.795	8.373	82.876	1.686
564	27.496	125.557	8.648	84.619	1.603
565	26.284	119.016	8.223	77.357	1.512
566	26.435	117.643	8.234	77.662	1.527
567	26.99	122.163	8.997	80.549	1.587
568	28.009	123.575	8.723	81.589	1.602
569	27.62	123.731	8.651	80.829	1.654
570	28.317	126.262	9.015	84.614	1.632
571	27.668	123.644	8.719	80.685	1.623
572	27.863	127.63	9.207	85.779	1.656
573	29.356	127.864	9.24	85.806	1.686
574	26.663	122.831	8.044	78.905	1.597
575	27.103	127.73	8.537	81.961	1.685
576	26.838	123.062	8.568	82.229	1.616
577	27.415	123.844	8.334	80.69	1.634
578	26.631	116.156	7.751	73.217	1.485
579	28.563	124.277	8.707	82.447	1.602
580	26.312	122.232	7.995	79.693	1.641
581	27.785	123.267	9.035	84.071	1.621
582	26.078	120.947	7.742	76.383	1.612
583	26.199	120.361	7.787	80.529	1.547
584	27.325	120.24	8.463	76.719	1.563
585	28.199	127.481	8.844	84.837	1.657
586	26.827	119.704	8.38	79.231	1.504
587	25.694	116.448	8.093	77.883	1.479
588	28.164	126.956	9.311	86.137	1.606
589	27.253	122.02	8.368	80.717	1.605
590	27.397	119.643	8.692	78.203	1.505
591	27.372	119.749	8.109	74.073	1.52
592	26.559	122.03	8.753	81.526	1.559
593	26.104	119.579	7.747	77.949	1.547
594	26.843	122.848	7.923	78.873	1.562
595	26.695	120.115	8.267	76.844	1.6
596	27.632	125.306	8.985	81.954	1.621
597	27.02	127.019	8.267	83.423	1.714
598	26.234	117.693	8.119	76.752	1.453
599	27.933	124.773	8.955	85.831	1.608
600	27.998	126.526	9.006	84.136	1.656
601	27.141	128.783	8.29	82.632	1.696
602	26.751	118.999	8.432	79.939	1.473
603	26.435	123.1	8.002	81.55	1.616
604	26.701	123.73	8.184	80.111	1.572
605	25.932	119.353	7.8	76.032	1.572
606	27.955	124.749	8.604	81.454	1.634
607	25.793	116.255	7.839	75.928	1.544
608	25.611	120.352	8.12	80.279	1.544
609	26.382	121.15	8.515	79.364	1.614
610	27.598	125.343	8.629	80.848	1.69
611	27.775	123.388	8.79	83.248	1.593
612	26.778	117.018	7.956	74.324	1.549
613	26.858	121.114	7.773	76.301	1.564
614	27.599	123.403	9.082	85.573	1.643
615	26.326	123.421	8.825	82.786	1.615
616	27.28	126.949	8.285	83.072	1.701
617	27.422	123.583	8.694	78.775	1.587
618	26.326	119.662	8.03	75.822	1.551
619	28.813	128.732	9.534	88.097	1.703
620	28.031	128.46	9.06	85.966	1.753
621	27.543	120.064	8.382	76.697	1.578
622	26.718	122.117	8.338	78.805	1.61
623	28.215	125.31	9.178	82.054	1.668
624	26.261	119.895	8.092	78.085	1.554
625	26.578	117.555	8.069	77.72	1.508
626	28.131	124.556	9.155	85.44	1.658
627	27.287	125.474	8.338	79.232	1.662
628	27.517	124.298	8.985	84.176	1.633
629	27.24	122.736	8.74	80.031	1.534
630	27.075	123.464	8.31	82.205	1.6
631	27.195	124.383	8.48	82.833	1.662
632	27.142	119.668	8.654	79.35	1.555
633	26.072	120.801	7.633	76.924	1.584
634	27.908	127.576	8.85	84.036	1.651
635	26.764	117.1	8.041	74.507	1.509
636	26.716	123.942	8.115	79.44	1.649
637	27.161	124.555	8.871	83.559	1.591
638	26.851	121.465	8.622	81.077	1.629
639	26.786	122.664	8.238	80.573	1.589
640	27.226	121.571	8.76	81.503	1.547
641	25.878	117.519	8.028	76.246	1.478
642	27.508	127.011	8.815	83.825	1.72
643	26.775	120.442	8.084	80.315	1.557
644	28.308	123.911	8.736	83.252	1.586
645	28.029	127.668	9.178	87.164	1.627
646	28.166	126.16	8.826	84.908	1.655
647	27.735	125.062	8.354	79.912	1.652
648	28.025	123.631	9.17	83.786	1.638
649	27.2	123.984	8.673	83.051	1.629
650	27.339	121.822	8.635	81.702	1.552
651	26.751	120.473	8.181	76.713	1.52
652	27.542	124.106	8.721	81.149	1.653
653	26.859	124.667	8.607	82.744	1.659
654	28.007	126.14	8.963	83.009	1.665
655	25.975	118.41	7.968	75.736	1.505
656	27.72	123.479	8.436	79.542	1.63
657	28.068	125.178	8.884	83.072	1.645
658	26.162	120.45	7.925	77.916	1.591
659	26.851	124.981	8.382	81.566	1.737
660	27.957	120.892	8.873	81.117	1.571
661	26.366	124.405	7.734	80.339	1.607
662	27.385	122.357	8.209	80.857	1.608
663	26.827	122.254	7.86	79.178	1.592
664	27.161	118.124	8.026	76.931	1.509
665	27.078	119.102	8.355	77.162	1.523
666	27.232	118.739	8.103	77.387	1.494
667	28.063	126.571	8.661	81.951	1.649
668	27.387	122.05	8.701	79.166	1.616
669	28.218	127.116	9.153	85.55	1.711
670	26.806	123.075	8.304	79.904	1.614
671	27.141	123.548	8.487	83.008	1.621
672	27.65	121.032	8.691	81.399	1.552
673	27.463	122.721	8.837	84.014	1.599
674	27.312	123.629	8.691	82.824	1.6
675	27.18	124.544	8.378	83.183	1.675
676	27.859	127.901	8.47	82.557	1.744
677	27.122	119.405	8.118	75.818	1.515
678	27.409	121.257	8.765	79.732	1.569
679	28.789	125.954	9.495	86.151	1.633
680	27.041	122.238	8.474	78.447	1.565
681	27.188	118.598	8.319	79.163	1.52
682	27.029	121.743	8.151	79.033	1.552
683	27.589	125.786	8.78	82.17	1.713
684	27.701	123.559	8.62	82.582	1.619
685	28.099	123.967	8.808	82.218	1.577
686	26.68	124.351	8.294	83.25	1.591
687	27.035	125.165	8.213	81.113	1.685
688	27.758	125.805	8.833	84.22	1.712
689	27.726	124.199	8.604	81.195	1.629
690	25.348	116.687	7.822	75.202	1.494
691	26.252	120.48	8.164	78.808	1.552
692	27.028	129.132	8.191	84.457	1.744
693	27.591	124.234	8.709	82.845	1.633
694	27.77	123.903	8.542	81.895	1.586
695	28.867	125.038	9.218	84.514	1.637
696	29.333	128.446	9.32	85.617	1.741
697	27.384	122.503	8.265	79.209	1.605
698	27.351	122.962	8.368	80.712	1.598
699	27.418	123.397	8.004	77.894	1.592
700	26.487	121.596	7.892	77.292	1.553
701	25.941	119.819	7.947	80.709	1.552
702	27.017	119.441	8.346	76.44	1.487
703	28.097	125.976	8.609	81.495	1.67
704	28.154	122.897	8.773	82.713	1.582
705	26.653	122.113	7.977	83.14	1.591
706	26.872	121.897	7.799	78.459	1.553
707	26.961	120.447	8.591	77.982	1.563
708	27.822	125.623	8.756	82.982	1.632
709	27.318	121.984	8.554	80.133	1.607
710	27.082	120.642	8.364	77.873	1.558
711	27.298	124.709	8.691	83.604	1.658
712	28.022	122.828	8.316	76.901	1.584
713	26.009	119.086	7.939	79.662	1.539
714	26.355	120.865	8.084	82.204	1.581
715	27.123	124.316	8.361	82.087	1.607
716	26.308	121.842	8.075	79.426	1.593
717	26.822	123.188	8.547	82.629	1.621
718	26.795	124.486	8.776	82.225	1.695
719	27.394	124.625	8.558	81.807	1.61
720	28.903	129.036	9.165	83.039	1.691
721	28.543	127.219	9.425	85.261	1.65
722	27.839	126.134	8.658	83.866	1.674
723	27.326	122.884	8.167	77.537	1.566
724	26.758	125.1	8.214	79.933	1.682
725	26.812	123.236	8.18	79.838	1.671
726	26.248	117.378	8.258	76.569	1.519
727	27.446	125.265	8.698	84.069	1.614
728	25.619	120.225	7.726	78.822	1.594
729	25.553	118.98	7.888	77.494	1.557
730	26.134	122.363	7.946	77.566	1.576
731	26.37	117.328	8.095	74.453	1.516
732	27.16	125.52	8.21	80.256	1.625
733	26.3	120.032	8.137	76.479	1.5
734	27.427	128.618	8.402	83.346	1.76
735	26.766	119.648	8.068	79.603	1.548
736	26.48	124.939	8.164	81.19	1.695
737	27.646	125.974	8.171	79.736	1.646
738	26.715	119.705	7.842	76.582	1.544
739	26.685	121.741	8.441	79.997	1.604
740	26.752	118.67	8.382	77.17	1.518
741	26.961	119.619	8.298	76.739	1.526
742	26.177	123.508	7.736	80.401	1.579
743	28.852	126.786	8.628	83.397	1.651
744	26.862	123.14	8.128	81.384	1.63
745	27.013	124.722	7.914	77.542	1.596
746	27.497	129.047	8.189	82.804	1.754
747	28.747	129.285	9.347	88.406	1.658
748	27.583	122.695	8.316	81.475	1.609
749	27.662	123.985	8.498	82.096	1.61
750	27.757	120.559	8.417	79.652	1.517
751	26.512	123.262	8.395	77.745	1.657
752	27.297	124.46	8.782	81.834	1.659
753	27.449	129.956	8.552	83.436	1.74
754	28.197	124.696	8.998	84.387	1.659
755	26.609	120.134	8.092	78.103	1.561
756	27.605	120.922	8.786	78.471	1.575
757	27.568	120.535	9.002	81.699	1.54
758	27.772	122.546	8.777	80.539	1.541
759	27.361	125.041	8.68	81.957	1.664
760	28.082	126.838	8.523	80.336	1.681
761	26.71	125.158	8.007	81.604	1.585
762	25.64	114.537	7.509	73.743	1.455
763	28.17	126.675	8.758	82.766	1.637
764	26.089	119.842	8.39	80.497	1.505
765	25.0	116.595	7.492	75.676	1.516
766	28.847	127.375	9.038	84.855	1.647
767	25.968	120.274	7.802	77.867	1.615
768	25.803	121.854	8.067	80.382	1.61
769	28.376	126.392	9.042	82.188	1.66
770	26.699	121.091	7.917	76.474	1.606
771	27.986	120.933	8.823	82.299	1.491
772	27.156	124.325	8.769	82.431	1.711
773	27.934	124.249	8.436	80.926	1.633
774	28.043	124.732	8.784	82.435	1.644
775	27.419	126.172	8.549	85.48	1.662
776	27.438	124.043	9.024	81.971	1.595
777	27.794	126.539	9.213	85.672	1.724
778	26.813	125.332	8.681	83.648	1.686
779	27.719	123.093	8.566	78.45	1.586
780	27.069	124.848	8.799	84.384	1.645
781	26.937	118.75	8.339	76.55	1.531
782	27.259	123.499	8.376	81.971	1.655
783	27.621	120.128	8.989	80.304	1.55
784	26.707	122.407	8.536	81.924	1.56
785	27.61	125.565	8.297	80.676	1.692
786	27.041	126.869	8.042	84.293	1.717
787	26.873	120.438	8.507	77.719	1.567
788	28.539	127.395	9.18	84.961	1.655
789	26.825	121.904	8.127	77.234	1.65
790	28.192	126.733	9.089	86.773	1.64
791	28.938	124.284	9.18	79.859	1.618
792	27.152	123.276	8.368	79.341	1.602
793	25.309	118.133	7.663	76.76	1.529
794	26.916	121.003	8.542	81.795	1.583
795	26.945	124.434	8.425	81.256	1.596
796	27.333	124.347	8.429	81.612	1.658
797	27.063	124.123	8.21	80.142	1.634
798	28.214	127.642	9.149	84.357	1.666
799	26.616	120.67	8.323	79.317	1.545
800	26.982	123.664	8.099	78.613	1.643
801	28.206	125.709	8.987	82.328	1.68
802	27.329	125.919	8.683	82.632	1.655
803	26.68	118.214	8.572	78.153	1.532
804	27.534	122.921	8.584	80.136	1.607
805	26.626	119.833	8.12	77.138	1.505
806	27.101	125.833	8.536	83.325	1.635
807	27.21	126.848	8.627	84.225	1.735
808	27.096	122.471	8.472	79.948	1.63
809	27.385	121.499	8.066	75.36	1.585
810	27.197	125.261	8.84	82.441	1.613
811	28.544	125.954	8.93	81.637	1.668
812	26.826	126.325	8.921	84.052	1.714
813	28.274	123.137	8.858	80.818	1.567
814	27.996	127.715	8.687	82.063	1.682
815	26.326	116.862	8.366	78.359	1.487
816	26.888	123.639	8.388	81.764	1.654
817	27.478	119.638	8.377	80.106	1.558
818	26.582	122.377	8.515	82.263	1.557
819	25.888	119.908	8.15	78.094	1.576
820	26.703	121.094	8.26	78.116	1.593
821	25.9	120.727	7.558	76.472	1.565
822	27.406	119.252	8.27	78.287	1.56
823	27.695	124.806	8.931	84.445	1.658
824	27.052	127.294	8.578	84.479	1.68
825	28.063	127.222	8.722	81.963	1.689
826	27.43	120.393	8.917	80.945	1.577
827	28.119	127.129	8.868	84.973	1.651
828	28.745	125.711	9.411	86.828	1.637
829	28.221	126.242	9.179	83.049	1.638
830	26.627	121.106	8.106	78.243	1.555
831	27.848	121.168	8.798	80.124	1.578
832	28.18	126.346	8.671	85.702	1.659
833	27.03	121.054	8.279	77.948	1.582
834	26.207	120.237	7.872	76.28	1.583
835	26.707	125.139	7.981	82.022	1.641
836	26.252	122.701	8.56	83.755	1.658
837	27.886	119.9	8.728	79.73	1.578
838	26.457	116.978	8.475	75.617	1.404
839	27.304	122.658	8.146	77.22	1.606
840	27.558	123.549	9.162	84.24	1.576
841	27.095	123.135	8.134	80.508	1.637
842	28.674	123.852	9.412	85.279	1.626
843	27.261	123.023	8.697	82.955	1.53
844	27.876	121.964	8.923	81.544	1.558
845	27.798	122.506	8.771	81.299	1.601
846	27.816	123.164	9.038	82.952	1.608
847	27.595	119.135	8.754	78.976	1.538
848	27.565	119.498	8.777	78.236	1.55
849	25.933	122.41	8.375	81.422	1.623
850	28.112	128.116	8.783	82.616	1.695
851	28.347	127.006	8.843	85.087	1.686
852	27.075	120.688	8.486	80.986	1.554
853	25.69	118.703	7.902	79.7	1.608
854	27.208	121.306	8.724	81.649	1.565
855	27.359	120.085	8.533	79.664	1.549
856	27.964	125.504	8.72	82.116	1.642
857	27.107	118.075	8.513	77.716	1.543
858	27.626	121.849	8.848	80.798	1.566
859	27.749	123.97	8.694	82.729	1.637
860	26.113	119.166	8.102	77.925	1.589
861	26.884	124.116	8.292	80.763	1.602
862	28.299	120.401	9.07	79.137	1.572
863	27.473	125.345	8.092	79.99	1.642
864	28.042	125.522	8.381	79.128	1.636
865	27.211	124.106	8.385	81.077	1.585
866	27.335	123.081	8.898	81.155	1.611
867	27.4	124.887	8.333	82.217	1.64
868	26.724	124.584	8.724	83.404	1.644
869	25.258	120.877	7.668	79.184	1.611
870	28.108	124.584	8.75	80.936	1.63
871	27.249	120.503	8.446	79.543	1.521
872	27.51	120.917	8.608	79.253	1.544
873	26.234	120.332	7.939	77.629	1.518
874	27.106	119.391	8.154	77.863	1.527
875	27.314	124.343	8.485	84.422	1.657
876	27.119	121.543	8.35	79.693	1.627
877	28.432	121.863	9.037	80.779	1.581
878	27.904	125.545	8.565	82.77	1.643
879	27.138	123.51	8.324	79.658	1.617
880	27.689	126.086	8.789	85.346	1.687
881	27.288	124.1	8.854	85.675	1.65
882	26.789	122.922	8.369	80.427	1.65
883	27.594	126.753	8.858	81.93	1.708
884	26.508	122.23	8.411	79.759	1.565
885	26.882	123.301	8.278	81.355	1.543
886	26.958	119.786	8.195	78.075	1.557
887	27.527	125.314	8.529	82.966	1.628
888	27.327	124.131	8.633	84.007	1.589
889	27.198	120.325	8.693	75.58	1.557
890	26.517	121.011	8.632	81.373	1.532
891	26.715	123.88	8.093	82.07	1.568
892	26.897	122.089	8.537	79.707	1.598
893	27.594	124.683	8.556	82.579	1.669
894	26.06	120.902	8.117	80.466	1.593
895	27.815	124.483	8.537	80.301	1.586
896	27.762	123.3	8.778	85.375	1.561
897	27.591	124.771	8.974	80.218	1.673
898	27.729	122.194	9.005	82.893	1.567
899	27.803	125.874	8.82	83.891	1.651
900	26.902	120.904	8.352	75.588	1.614
901	26.066	120.224	8.032	78.583	1.567
902	25.82	121.101	7.834	78.871	1.562
903	27.778	122.591	8.83	81.516	1.604
904	26.279	123.163	8.149	81.809	1.639
905	27.424	119.658	8.198	75.641	1.547
906	26.807	120.059	8.095	79.066	1.55
907	27.392	120.212	8.548	81.419	1.521
908	26.873	121.532	7.876	79.29	1.525
909	27.891	129.268	8.845	85.026	1.737
910	28.113	126.819	8.584	84.476	1.633
911	27.841	123.466	8.891	81.618	1.598
912	25.138	120.766	7.655	79.497	1.533
913	26.491	118.533	8.084	77.119	1.549
914	26.733	120.135	8.005	78.985	1.499
915	27.988	123.685	8.469	77.504	1.628
916	27.058	123.924	8.505	81.794	1.664
917	27.441	119.99	8.582	78.016	1.521
918	26.741	119.962	8.289	79.582	1.534
919	27.277	122.008	8.913	83.597	1.627
920	27.436	122.285	9.062	84.804	1.539
921	27.706	128.054	8.771	85.15	1.698
922	26.927	122.919	8.737	82.458	1.599
923	26.633	118.949	8.222	78.208	1.52
924	28.949	127.218	8.936	82.568	1.614
925	27.032	120.048	8.627	79.538	1.556
926	27.19	122.313	8.631	78.784	1.577
927	27.966	123.482	8.576	81.187	1.585
928	26.357	123.141	7.579	77.858	1.648
929	26.76	120.033	8.303	76.454	1.56
930	26.816	123.137	8.308	81.9	1.627
931	27.289	122.459	8.867	81.068	1.596
932	26.629	120.337	8.468	76.974	1.53
933	27.193	121.676	8.179	77.816	1.578
934	28.385	122.764	9.015	82.734	1.637
935	27.286	122.47	8.544	83.771	1.599
936	25.833	119.516	7.879	76.814	1.601
937	26.004	122.537	7.756	78.368	1.636
938	27.123	121.653	8.348	78.401	1.613
939	26.637	121.77	8.416	81.04	1.635
940	26.279	119.287	7.745	78.172	1.475
941	26.819	119.181	8.286	78.037	1.579
942	26.65	121.153	7.813	76.732	1.545
943	28.309	126.336	9.15	79.94	1.666
944	27.561	118.583	8.089	76.901	1.555
945	26.634	117.268	8.195	78.62	1.461
946	26.717	118.216	8.154	78.853	1.568
947	26.792	123.329	8.109	81.494	1.634
948	26.948	119.968	8.417	79.116	1.522
949	26.717	119.757	8.807	79.554	1.599
950	26.875	119.094	8.169	77.325	1.547
951	27.239	122.409	8.256	79.727	1.601
952	27.161	123.438	8.418	79.726	1.601
953	27.429	123.191	8.609	81.239	1.573
954	27.976	124.905	8.702	82.029	1.631
955	27.042	121.619	8.739	79.909	1.584
956	27.259	121.269	8.08	76.543	1.616
957	26.857	120.821	8.339	79.943	1.572
958	27.721	122.313	8.928	81.449	1.628
959	27.328	120.709	8.781	79.464	1.535
960	27.998	127.152	8.971	86.126	1.705
961	27.248	123.899	8.525	79.341	1.722
962	26.078	122.652	8.131	81.21	1.592
963	27.994	126.358	8.984	82.565	1.688
964	28.219	128.517	9.104	87.293	1.71
965	30.098	131.029	9.426	89.608	1.803
966	26.812	124.932	8.255	79.005	1.631
967	25.47	117.433	7.462	77.542	1.526
968	26.97	123.827	8.384	83.227	1.677
969	26.686	125.006	8.132	81.505	1.669
970	27.336	120.368	8.551	80.865	1.618
971	27.708	127.043	8.365	84.046	1.703
972	26.608	121.679	8.392	80.045	1.549
973	27.109	127.715	8.537	85.285	1.781
974	26.932	125.813	8.222	82.638	1.666
975	26.721	123.079	8.417	80.362	1.596
976	26.709	123.264	8.143	77.023	1.657
977	26.663	118.709	8.118	76.975	1.502
978	27.061	122.736	8.324	79.478	1.629
979	27.962	124.81	8.943	82.115	1.639
980	28.473	124.289	8.862	81.443	1.65
981	26.897	118.623	8.585	76.444	1.517
982	27.116	126.542	8.536	85.2	1.666
983	27.669	130.497	8.704	86.002	1.715
984	26.695	119.622	7.949	76.646	1.564
985	26.684	124.486	8.12	82.081	1.645
986	27.688	124.805	8.533	81.868	1.624
987	26.925	119.24	8.576	79.292	1.533
988	25.949	123.503	7.694	77.973	1.663
989	25.899	124.161	7.658	78.546	1.698
990	26.28	125.735	8.54	80.647	1.697
991	26.894	122.902	8.323	81.37	1.609
992	26.87	119.186	8.213	78.05	1.528
993	27.755	124.519	8.714	82.694	1.613
994	27.69	127.427	8.741	83.72	1.686
995	27.262	122.129	8.342	78.85	1.611
996	27.987	127.369	8.872	84.46	1.706
997	26.775	122.327	8.69	82.025	1.635
998	28.286	126.866	8.492	81.66	1.69
999	28.339	125.327	9.135	82.146	1.618
1000	27.107	126.017	8.85	84.102	1.608
