MutationType	DBS78A	DBS78B	DBS78C	DBS78D
AC>CA	1.12E-04	2.04E-04	3.45E-04	3.27E-06
AC>CG	4.03E-05	4.89E-08	7.08E-08	4.06E-09
AC>CT	1.19E-04	1.47E-04	2.74E-04	2.20E-05
AC>GA	5.52E-05	1.85E-04	3.64E-04	4.88E-06
AC>GG	4.03E-05	4.79E-08	7.05E-08	3.84E-09
AC>GT	9.16E-05	1.31E-04	4.61E-05	1.53E-04
AC>TA	1.21E-04	1.34E-04	1.36E-04	1.57E-04
AC>TG	8.50E-09	2.28E-08	4.00E-08	4.65E-09
AC>TT	1.85E-04	1.32E-04	4.80E-04	7.33E-06
AT>CA	4.29E-05	5.47E-05	1.40E-04	1.45E-05
AT>CC	3.98E-05	4.73E-08	9.28E-06	4.27E-09
AT>CG	8.50E-09	2.28E-08	4.00E-08	4.65E-09
AT>GA	6.21E-05	1.01E-04	4.68E-04	8.74E-06
AT>GC	5.80E-05	1.22E-05	5.72E-05	1.41E-04
AT>TA	7.75E-05	2.18E-04	5.16E-04	1.52E-05
CC>AA	1.54E-04	9.03E-04	1.16E-03	6.47E-04
CC>AG	1.03E-04	3.58E-04	3.07E-04	4.46E-04
CC>AT	3.04E-04	8.58E-04	1.54E-03	2.18E-04
CC>GA	5.10E-05	2.65E-04	3.18E-04	1.13E-05
CC>GG	7.27E-05	9.38E-05	3.96E-05	3.95E-05
CC>GT	1.58E-04	3.88E-04	6.29E-04	5.83E-06
CC>TA	2.43E-04	7.27E-04	8.70E-04	1.44E-04
CC>TG	1.98E-04	1.64E-04	8.10E-04	1.51E-04
CC>TT	1.09E-03	8.11E-04	1.88E-03	1.54E-04
CG>AT	1.41E-05	3.80E-05	2.07E-04	1.18E-04
CG>GC	8.50E-09	2.28E-08	4.00E-08	4.65E-09
CG>GT	1.79E-08	2.71E-08	4.27E-08	1.14E-04
CG>TA	8.50E-09	2.28E-08	4.00E-08	4.65E-09
CG>TC	3.72E-05	5.23E-05	1.24E-04	1.41E-04
CG>TT	1.33E-05	5.15E-08	1.51E-04	3.98E-09
CT>AA	1.26E-05	7.24E-04	3.64E-05	5.42E-04
CT>AC	9.53E-06	6.76E-08	2.70E-08	1.53E-03
CT>AG	3.36E-05	2.98E-04	9.96E-05	5.85E-05
CT>GA	5.43E-09	2.04E-04	3.99E-05	3.00E-05
CT>GC	4.15E-05	9.03E-05	5.90E-06	1.31E-05
CT>GG	5.15E-05	1.44E-04	2.86E-04	2.83E-05
CT>TA	2.19E-05	2.77E-04	5.88E-04	5.01E-09
CT>TC	1.58E-04	2.71E-04	6.93E-04	6.60E-06
CT>TG	1.03E-04	1.45E-04	2.66E-04	1.12E-05
GC>AA	2.66E-04	7.94E-04	1.29E-03	1.47E-04
GC>AG	1.22E-04	4.08E-04	5.86E-04	3.13E-04
GC>AT	5.19E-05	3.18E-04	2.75E-04	2.87E-09
GC>CA	4.03E-05	2.16E-04	4.46E-04	2.08E-04
GC>CG	8.50E-09	2.28E-08	4.00E-08	4.65E-09
GC>TA	2.57E-05	1.68E-04	3.35E-04	1.53E-04
TA>AT	1.08E-04	1.99E-04	3.82E-04	1.45E-04
TA>CG	1.50E-05	4.97E-08	1.38E-04	3.70E-09
TA>CT	1.05E-04	2.29E-04	3.74E-04	1.26E-04
TA>GC	8.50E-09	2.28E-08	4.00E-08	4.65E-09
TA>GG	8.50E-09	2.28E-08	4.00E-08	4.65E-09
TA>GT	7.55E-05	3.12E-08	9.02E-05	3.23E-09
TC>AA	4.07E-05	7.42E-04	4.31E-04	2.85E-04
TC>AG	6.68E-05	4.79E-04	3.97E-04	2.63E-07
TC>AT	1.99E-04	5.91E-04	9.87E-04	3.51E-09
TC>CA	9.12E-05	2.83E-04	6.56E-04	5.76E-09
TC>CG	1.58E-05	6.90E-05	8.77E-05	1.37E-04
TC>CT	1.60E-04	3.54E-04	6.50E-04	1.39E-04
TC>GA	3.81E-05	2.14E-04	2.59E-04	1.74E-04
TC>GG	4.25E-05	7.88E-05	9.05E-05	2.52E-05
TC>GT	1.05E-04	3.14E-04	4.59E-04	1.41E-04
TG>AA	1.06E-04	2.49E-04	2.01E-04	1.59E-04
TG>AC	8.07E-05	4.45E-05	2.64E-04	3.52E-09
TG>AT	2.38E-04	1.66E-04	1.09E-03	3.90E-04
TG>CA	1.19E-04	3.20E-05	2.29E-04	7.21E-06
TG>CC	7.11E-05	3.01E-05	2.08E-04	1.66E-04
TG>CT	1.68E-04	6.20E-04	1.14E-03	1.94E-04
TG>GA	6.81E-05	2.96E-05	2.93E-04	4.46E-06
TG>GC	1.27E-05	5.07E-08	1.35E-04	3.72E-09
TG>GT	8.13E-05	9.09E-04	6.09E-04	1.04E-03
TT>AA	1.49E-04	2.42E-04	5.82E-04	1.70E-04
TT>AC	7.34E-05	1.63E-04	2.70E-04	3.43E-05
TT>AG	3.22E-05	1.45E-04	2.53E-04	1.41E-05
TT>CA	1.31E-04	2.08E-04	3.70E-04	1.94E-05
TT>CC	1.22E-04	1.34E-04	4.62E-04	4.87E-05
TT>CG	7.45E-05	3.43E-08	2.18E-04	3.39E-09
TT>GA	7.91E-05	7.50E-05	3.53E-04	1.42E-04
TT>GC	1.29E-05	5.13E-08	1.38E-04	3.88E-09
TT>GG	4.11E-06	1.56E-04	1.01E-04	6.11E-06
