MutationType	DBS78A	DBS78B	DBS78C	DBS78D
AC>CA	0.003940824491910072	0.005113463900535404	3.5531072621727153e-06	0.007038708024491505
AC>CG	0.0012872185629607363	2.566277521362982e-06	4.438582033725231e-07	3.446152492083585e-06
AC>CT	0.008250781365944827	0.0035941802727615	8.85765399193614e-05	0.004637817610910291
AC>GA	0.0015633452101000353	0.00380918543429341	7.2005345012391196e-06	0.013657148174217542
AC>GG	0.0013333523607691555	2.5032213481974887e-06	4.429026639686842e-07	3.3677390298584365e-06
AC>GT	0.005455206235441733	0.0030486000935193236	0.004702072221015096	0.00017955865683440936
AC>TA	0.007782272384806133	0.0030955639399211153	0.004737504886032218	0.0013837463566241843
AC>TG	1.4771831819415829e-06	4.4667293867156476e-06	4.861414221847546e-07	6.132641499376603e-06
AC>TT	0.012793183565578086	0.001861420786341522	1.1520982031165211e-05	0.0113513039188335
AT>CA	0.0011561245825942583	0.0005711466741065309	4.3546329014780535e-05	0.003416528441662998
AT>CC	0.0011776126162147964	2.8361585422512916e-06	4.4014283665090727e-07	1.9922540486965896e-05
AT>CG	1.4771831819415829e-06	4.4667293867156476e-06	4.861414221847546e-07	6.132641499376603e-06
AT>GA	0.0012678985703976765	0.0011654401151176051	1.6089075818292228e-05	0.02755408848346743
AT>GC	0.0021553718379672586	4.0313435521598574e-05	0.004106369251047644	0.0004680105217618148
AT>TA	0.0024349980724485106	0.006540289973803993	3.606803466638886e-05	0.0242744221983998
CC>AA	0.004505250970763524	0.1066845384302506	0.08315847558354725	0.06068653774099467
CC>AG	0.004882524974318362	0.013592941090965635	0.020584970657549113	0.006729051338499632
CC>AT	0.0129825343518455	0.07699000633020263	0.00949968786939588	0.07146862344636731
CC>GA	0.0009763324962077666	0.011684929030805811	2.0763264146361177e-05	0.0072390744806109155
CC>GG	0.003780309179958368	0.002303186702965028	0.00018351159292383744	0.0002551396902302837
CC>GT	0.010234479422911554	0.017461004511892975	6.057568977814191e-06	0.01668414935430208
CC>TA	0.016017640682262312	0.054548036165768025	0.004401112899471893	0.01635670915247359
CC>TG	0.007048225052841516	0.002009384063049456	0.004304369998034754	0.03296309333050707
CC>TT	0.7548896900138088	0.007483923351199172	0.0047929274398345375	0.013414704959770754
CG>AT	6.945303733628745e-05	0.0002778652186343534	0.0037688548226839603	0.007649487635409772
CG>GC	1.4771831819415829e-06	4.4667293867156476e-06	4.861414221847546e-07	6.132641499376603e-06
CG>GT	8.881330177032015e-07	4.0118182940629955e-06	0.0035318822981109765	5.725042790873465e-06
CG>TA	1.4771831819415829e-06	4.4667293867156476e-06	4.861414221847546e-07	6.132641499376603e-06
CG>TC	0.0011944258268868366	0.0006991806291925111	0.003867267730722406	0.002620000756100254
CG>TT	8.112733364736573e-05	2.6480413947611725e-06	4.017966764187495e-07	0.004135108420156469
CT>AA	7.240423893360979e-05	0.07905251704555452	0.025222473745430418	8.608552720660067e-05
CT>AC	1.0652996214515707e-05	3.8063257337652667e-06	0.5606254234166065	2.220756038228594e-07
CT>AG	0.0005746060683195298	0.024523296409075662	0.00021502780957522173	0.0011303256149049546
CT>GA	2.7201104352127184e-07	0.01309619296142629	6.507965944020839e-05	0.0001818999381320412
CT>GC	0.001215916923290265	0.0026079677471053313	3.0284610676359514e-05	8.323440318793897e-06
CT>GG	0.0010215846172349531	0.002141737398675718	7.416099458359703e-05	0.010353834790941614
CT>TA	8.39978233485312e-05	0.0139305640759442	1.7650202609047727e-07	0.040765077166435223
CT>TC	0.004483634095469848	0.00989932134554931	9.433830179112564e-06	0.03126469053801418
CT>TG	0.003976708309540337	0.0057254863440732145	2.6428708409505016e-05	0.0066160399649762705
GC>AA	0.014780786154284823	0.0428932683362398	0.0045142534950765876	0.03798615278107931
GC>AG	0.0028047869764066444	0.017001681022353127	0.014836624217090215	0.01647228066847352
GC>AT	0.0009309338838375125	0.021944575933064647	3.523593341682987e-07	0.0035676301471251216
GC>CA	0.0004148743411043745	0.005364826930964175	0.008582748801503027	0.01701684134974935
GC>CG	1.4771831819415829e-06	4.4667293867156476e-06	4.861414221847546e-07	6.132641499376603e-06
GC>TA	0.00016806138968314171	0.00415607039552931	0.0043205919016061954	0.012065734092358503
TA>AT	0.003444527652225444	0.004892353213700609	0.004190776886637675	0.008473688127818811
TA>CG	9.24040535523e-05	2.610560987355816e-06	3.96309537805115e-07	0.0039488264954628685
TA>CT	0.005018246986753125	0.007001385206078286	0.0035829849202361824	0.009037393977294044
TA>GC	1.4771831819415829e-06	4.4667293867156476e-06	4.861414221847546e-07	6.132641499376603e-06
TA>GG	1.4771831819415829e-06	4.4667293867156476e-06	4.861414221847546e-07	6.132641499376603e-06
TA>GT	0.003423654194753699	1.5260466323895319e-06	3.707049500430578e-07	0.001099858886314561
TC>AA	0.00032564763924052177	0.12360139066335682	0.01791878985824253	0.0035769801632499466
TC>AG	0.0014064139917104978	0.04211051220803419	6.467424220862677e-07	0.0074169283025895824
TC>AT	0.006453984920475552	0.0565399732534568	5.2789011862369985e-08	0.05644963967007026
TC>CA	0.0022220649068857533	0.00861276221804384	1.6776988193016695e-07	0.04008174689190598
TC>CG	8.713812711357167e-05	0.0012807324196480443	0.003968900606883722	0.0012106994985406102
TC>CT	0.0066749063070650405	0.014690829977804604	0.0043207287016093655	0.02359530715217695
TC>GA	0.0008547858874884207	0.008079731950452841	0.005088684944140889	0.007271887318132522
TC>GG	0.0011847377015495686	0.0018051314294370094	0.00012084160782618765	0.0010970836675899284
TC>GT	0.004657755888883234	0.013602089486590828	0.004234649444852705	0.015480636800360801
TG>AA	0.005506910634390577	0.014471912226402364	0.004997112451286558	0.002906315014719174
TG>AC	0.003598023246469464	0.0004803871535792038	2.931277115465424e-07	0.007832556263868078
TG>AT	0.010894707684482141	0.0025006637726253615	0.032284820690964854	0.08305802133052435
TG>CA	0.007544869843818374	0.00019450538418979492	1.209442424735176e-05	0.0036833293437376078
TG>CC	0.0021144191093828897	0.0002322808172535282	0.007135520104437626	0.004670433131627414
TG>CT	0.004357002483342144	0.05666599797875428	0.008772466395092783	0.09217501679066072
TG>GA	0.0018098606771616212	0.00017840274063430782	6.585706440668842e-06	0.010580075410469519
TG>GC	8.355018951866389e-05	2.6306943240734045e-06	3.9801208204030965e-07	0.0038985157174186032
TG>GT	0.0014278367863551015	0.04543198527818864	0.12392452716523156	0.019194574113274118
TT>AA	0.008894381127806763	0.008998464482235537	0.004856660155400864	0.016921166620182573
TT>AC	0.002391450284020789	0.0037846990820465825	0.00013739380800069581	0.006993946211620762
TT>AG	0.00036060154434280455	0.004637448420856547	3.6552734623040125e-05	0.008204538903540027
TT>CA	0.007151854988356304	0.005339140434279076	3.691512423434444e-05	0.008341045836515617
TT>CC	0.005830800252380067	0.001962539820813559	0.00016399828504160569	0.018297483904722227
TT>CG	0.002274629103935612	1.2127008678507776e-06	3.3625389758493614e-07	0.005334728804720299
TT>GA	0.002008383112265482	0.001040380820667132	0.0037895236057424305	0.012025534908703452
TT>GC	8.567670076994671e-05	2.689820324405625e-06	4.0075533215476086e-07	0.0038555733445074926
TT>GG	8.142529580311992e-06	0.006891884692789237	1.58354854193008e-05	0.001532926644440173
