Iteration	L1	L1 %	L2	L2 %	KL Divergence
1	18.071	104.81	4.679	64.051	1.235
2	19.21	103.652	5.085	62.594	1.201
3	18.907	103.31	5.352	63.867	1.165
4	18.999	106.045	5.166	64.275	1.235
5	19.687	112.683	5.454	69.739	1.303
6	18.709	107.746	4.807	63.823	1.241
7	19.635	109.771	5.567	65.526	1.277
8	19.413	105.846	5.317	64.537	1.218
9	19.359	113.559	5.436	67.923	1.426
10	18.944	107.063	4.862	66.729	1.308
11	19.789	105.078	5.567	64.567	1.228
12	19.999	109.255	5.374	65.425	1.289
13	19.138	103.842	5.524	65.047	1.186
14	20.55	111.288	5.62	65.477	1.255
15	18.9	102.873	4.84	61.505	1.206
16	18.868	107.013	5.077	63.893	1.269
17	20.095	108.404	5.405	64.214	1.234
18	18.415	106.545	4.956	65.814	1.227
19	21.113	104.572	6.011	62.263	1.185
20	19.234	106.71	5.237	66.224	1.265
21	19.637	115.272	5.38	67.749	1.333
22	18.992	106.197	4.823	63.034	1.215
23	19.472	110.285	5.103	66.726	1.327
24	18.624	108.887	4.666	64.79	1.245
25	20.55	112.441	5.658	67.152	1.307
26	18.807	105.306	5.094	62.578	1.215
27	20.446	108.699	5.508	64.454	1.2
28	19.147	109.383	4.982	63.702	1.277
29	20.55	107.298	5.469	67.157	1.258
30	19.594	110.263	5.046	68.419	1.327
31	18.676	104.342	5.034	61.88	1.19
32	19.383	105.461	5.021	64.237	1.281
33	18.665	104.135	4.918	62.477	1.211
34	20.029	112.355	5.284	68.478	1.354
35	20.516	109.92	5.964	67.825	1.298
36	18.936	105.992	5.202	63.71	1.255
37	18.999	105.463	5.411	65.764	1.207
38	20.639	111.942	5.89	66.773	1.353
39	18.304	107.151	4.672	64.885	1.245
40	19.707	104.71	5.31	64.271	1.206
41	19.929	108.861	5.218	64.935	1.273
42	18.711	103.887	5.386	63.566	1.256
43	19.096	109.684	4.895	65.191	1.271
44	19.167	107.796	5.473	65.254	1.254
45	18.865	105.889	4.846	64.189	1.208
46	18.794	107.145	4.868	62.59	1.218
47	19.574	109.025	5.63	64.359	1.273
48	18.196	109.482	4.759	66.298	1.294
49	19.194	107.561	5.141	64.436	1.248
50	18.926	105.761	5.122	66.149	1.242
51	19.454	113.087	4.991	67.825	1.338
52	21.304	114.701	6.279	68.367	1.32
53	18.769	107.535	5.349	69.952	1.304
54	19.799	105.672	5.371	64.3	1.251
55	19.148	108.787	4.795	65.234	1.249
56	20.235	118.275	5.353	71.001	1.358
57	19.486	106.72	5.507	65.759	1.276
58	19.992	111.946	5.426	68.498	1.331
59	19.263	106.064	4.856	62.679	1.22
60	19.095	107.225	5.032	65.325	1.296
61	19.447	112.49	5.222	67.231	1.335
62	19.826	108.52	5.587	66.228	1.243
63	20.959	107.491	5.961	66.042	1.243
64	18.588	105.998	4.993	64.921	1.245
65	18.829	106.682	4.994	63.779	1.233
66	19.042	107.55	5.183	64.509	1.3
67	19.358	110.1	5.117	66.237	1.23
68	19.451	108.12	5.15	64.538	1.256
69	19.744	107.992	5.656	65.799	1.257
70	19.397	106.074	5.243	65.973	1.291
71	18.881	106.229	4.987	62.373	1.224
72	21.214	113.17	5.937	66.892	1.338
73	20.099	110.592	5.597	66.429	1.277
74	19.638	112.503	5.273	66.486	1.342
75	18.126	103.97	4.722	61.385	1.216
76	19.728	110.837	5.457	66.925	1.314
77	19.579	108.787	5.408	64.225	1.266
78	19.865	111.341	5.086	65.791	1.305
79	19.037	105.346	4.781	66.059	1.242
80	19.351	109.52	5.281	65.354	1.322
81	19.628	106.999	5.237	61.63	1.244
82	19.04	108.642	5.115	63.221	1.29
83	19.704	107.587	5.435	64.162	1.243
84	19.205	107.9	5.083	63.789	1.242
85	18.874	110.454	4.971	68.056	1.338
86	17.725	100.553	4.628	60.87	1.184
87	18.74	103.345	4.892	61.139	1.182
88	19.064	107.305	5.066	64.756	1.248
89	19.544	110.2	5.148	66.615	1.279
90	18.828	105.934	5.162	62.723	1.248
91	19.493	109.267	5.081	65.593	1.294
92	19.245	104.704	5.295	65.172	1.206
93	19.482	110.907	5.15	64.981	1.27
94	18.962	107.426	4.96	65.988	1.286
95	19.803	108.722	5.602	65.636	1.281
96	20.499	110.397	5.663	67.167	1.293
97	19.208	109.652	4.918	64.635	1.283
98	19.791	109.624	5.252	67.168	1.294
99	18.395	106.717	4.859	64.981	1.227
100	19.24	108.709	5.339	66.698	1.292
101	19.17	107.92	5.219	65.459	1.273
102	20.356	106.598	5.724	65.171	1.186
103	20.228	107.629	5.453	63.366	1.239
104	19.157	107.562	4.996	65.599	1.243
105	19.745	109.136	4.952	64.881	1.277
106	19.765	107.748	5.219	64.986	1.248
107	19.708	108.327	5.356	66.329	1.264
108	18.345	103.307	5.323	65.725	1.225
109	19.383	105.011	5.195	62.071	1.2
110	18.825	107.602	5.224	66.77	1.248
111	18.73	104.888	4.841	63.422	1.168
112	19.224	105.836	5.413	64.251	1.219
113	20.124	109.912	5.748	65.722	1.287
114	20.137	109.817	5.502	67.572	1.321
115	19.403	105.003	5.276	64.469	1.184
116	19.193	114.539	5.296	68.764	1.364
117	20.598	109.919	5.901	67.982	1.299
118	18.227	107.134	4.727	62.664	1.262
119	19.23	107.593	5.079	64.931	1.276
120	18.463	106.658	4.706	64.131	1.237
121	19.14	107.138	5.406	66.13	1.258
122	19.813	110.71	5.46	67.76	1.246
123	18.536	104.165	5.026	66.215	1.221
124	20.1	110.864	5.504	68.152	1.275
125	18.977	106.479	5.031	63.898	1.262
126	19.619	104.985	5.144	63.037	1.196
127	19.241	110.739	5.284	66.311	1.258
128	18.739	108.823	5.128	64.702	1.307
129	18.629	106.903	4.917	62.301	1.255
130	19.468	108.133	5.051	64.287	1.247
131	18.963	107.524	5.214	65.455	1.307
132	19.212	107.282	5.427	64.187	1.264
133	19.589	108.118	5.272	66.921	1.296
134	18.921	107.189	4.96	65.105	1.251
135	18.573	103.521	4.758	62.199	1.202
136	20.183	111.1	5.511	69.928	1.275
137	19.582	107.83	5.273	67.542	1.254
138	19.821	111.069	5.012	66.101	1.321
139	19.833	107.01	5.613	64.724	1.261
140	19.654	112.242	5.413	67.37	1.325
141	20.577	111.963	5.56	66.4	1.311
142	19.682	107.97	5.43	66.761	1.263
143	19.578	107.201	5.235	62.661	1.261
144	20.337	108.963	5.27	65.153	1.259
145	20.265	109.333	5.534	68.685	1.26
146	18.567	109.094	4.915	65.119	1.317
147	19.727	112.604	5.252	67.974	1.351
148	18.712	103.706	4.976	62.988	1.177
149	19.068	107.981	5.125	65.361	1.26
150	18.913	108.493	4.719	64.278	1.25
151	18.782	102.967	4.916	62.678	1.18
152	18.911	106.116	4.645	63.524	1.212
153	18.993	106.509	4.908	65.146	1.249
154	19.211	108.54	5.057	62.829	1.258
155	20.159	103.757	5.678	62.825	1.158
156	18.975	107.909	4.972	65.543	1.251
157	19.296	106.417	5.247	64.5	1.249
158	18.431	102.291	4.958	60.511	1.152
159	19.523	107.058	5.4	65.467	1.24
160	19.935	106.513	5.618	68.566	1.243
161	18.825	107.063	5.011	66.053	1.244
162	18.428	101.205	5.015	59.186	1.147
163	18.186	100.207	5.085	60.829	1.154
164	18.861	104.163	5.029	65.488	1.205
165	18.721	104.169	4.837	62.063	1.188
166	20.31	112.897	5.432	67.933	1.285
167	18.951	105.138	5.041	62.689	1.227
168	19.07	108.628	5.252	63.175	1.251
169	19.038	103.417	4.906	62.729	1.239
170	20.983	114.564	5.664	68.694	1.347
171	18.913	105.076	4.75	63.724	1.276
172	19.722	106.958	5.286	64.274	1.235
173	20.377	110.752	6.388	69.539	1.329
174	19.905	111.623	5.449	67.771	1.302
175	19.849	107.595	5.607	68.723	1.268
176	18.569	105.018	4.858	62.785	1.238
177	19.138	106.764	5.162	63.467	1.218
178	20.028	105.582	5.528	62.074	1.186
179	19.886	112.493	5.389	67.33	1.354
180	19.619	111.163	5.058	66.034	1.27
181	19.37	106.086	5.079	64.376	1.219
182	19.15	109.679	5.223	65.341	1.316
183	20.686	114.022	5.486	67.627	1.315
184	18.415	105.917	4.842	63.394	1.215
185	18.686	106.817	4.751	64.289	1.242
186	19.49	108.221	5.522	65.727	1.248
187	19.826	108.37	5.265	66.095	1.24
188	18.732	105.595	4.768	62.939	1.227
189	20.267	111.759	5.221	67.268	1.288
190	19.482	109.392	5.383	68.557	1.305
191	20.166	108.027	5.429	65.342	1.244
192	18.732	107.152	5.111	64.988	1.226
193	18.763	105.451	5.034	63.677	1.228
194	18.77	104.359	5.027	64.378	1.192
195	19.637	108.461	5.352	65.527	1.244
196	20.697	109.515	5.685	66.268	1.29
197	20.384	110.086	5.522	67.377	1.244
198	19.45	106.855	5.314	64.041	1.219
199	19.103	106.668	5.253	66.461	1.255
200	18.878	106.116	5.058	63.977	1.26
201	20.308	112.593	5.762	69.183	1.326
202	19.515	109.168	5.134	64.739	1.288
203	18.621	105.005	5.008	65.002	1.229
204	18.944	109.164	5.078	64.243	1.267
205	18.658	110.861	5.08	66.662	1.318
206	19.176	110.585	5.032	67.044	1.289
207	19.14	106.108	5.347	63.57	1.222
208	19.186	108.73	5.179	65.083	1.267
209	19.253	107.497	5.281	64.457	1.252
210	19.259	106.116	5.125	65.428	1.217
211	18.816	103.923	5.011	63.108	1.183
212	20.846	110.584	5.56	68.288	1.266
213	19.546	109.157	5.389	67.0	1.287
214	19.624	107.387	5.304	63.751	1.209
215	19.631	101.676	5.745	61.112	1.207
216	19.504	111.299	5.392	66.729	1.311
217	19.322	106.598	5.269	62.928	1.19
218	19.543	109.626	5.25	66.283	1.28
219	20.722	108.333	5.825	65.795	1.238
220	20.379	110.668	5.642	65.319	1.264
221	19.347	110.156	5.188	65.304	1.285
222	19.624	105.83	5.184	63.914	1.196
223	20.087	109.647	5.646	65.35	1.307
224	19.128	105.347	5.078	62.212	1.238
225	19.72	109.789	5.141	65.439	1.303
226	19.608	109.932	5.412	68.81	1.332
227	18.967	110.847	5.207	67.115	1.316
228	18.986	110.564	4.851	65.188	1.311
229	19.948	110.919	5.386	67.207	1.297
230	19.781	109.41	5.182	64.716	1.301
231	20.53	106.297	5.79	64.614	1.161
232	20.118	108.771	5.551	65.783	1.24
233	19.373	106.991	5.175	63.776	1.251
234	17.956	103.398	4.482	61.569	1.207
235	19.844	110.543	5.217	68.135	1.318
236	20.522	113.677	5.812	68.022	1.346
237	20.314	115.847	5.529	69.057	1.35
238	21.677	113.339	6.039	71.174	1.332
239	19.106	108.325	5.068	65.003	1.263
240	18.172	103.096	4.814	63.452	1.193
241	18.689	103.119	5.26	63.066	1.209
242	20.077	107.322	5.742	65.088	1.228
243	19.053	108.501	5.106	64.41	1.232
244	19.321	111.612	5.032	66.404	1.322
245	19.632	108.564	5.455	63.316	1.288
246	20.262	108.809	5.59	67.666	1.261
247	18.468	101.331	4.539	58.869	1.19
248	20.371	111.471	5.7	68.141	1.309
249	20.499	108.718	5.726	65.827	1.255
250	19.853	112.802	5.554	70.068	1.335
251	18.774	106.473	4.933	64.891	1.254
252	19.082	104.512	5.202	63.703	1.219
253	18.396	102.478	4.623	62.697	1.161
254	18.634	102.899	5.139	62.055	1.163
255	19.525	108.774	5.265	64.91	1.301
256	19.56	112.197	5.158	68.105	1.364
257	18.662	108.059	4.863	64.947	1.229
258	19.493	105.139	5.394	63.943	1.231
259	19.409	101.263	5.063	61.198	1.152
260	18.385	106.844	4.715	64.04	1.268
261	19.03	106.957	4.858	63.634	1.234
262	20.419	109.912	5.909	67.458	1.345
263	19.646	113.643	5.257	67.291	1.332
264	19.75	108.407	5.239	65.096	1.305
265	19.147	106.921	5.334	65.09	1.199
266	19.255	106.05	5.182	63.888	1.225
267	19.915	109.651	5.162	67.795	1.315
268	20.379	109.903	5.611	64.426	1.288
269	18.741	107.347	5.065	65.248	1.255
270	19.492	109.272	5.033	65.225	1.275
271	19.486	108.033	5.423	64.833	1.255
272	18.482	105.262	4.759	64.248	1.205
273	19.35	110.148	5.258	68.491	1.307
274	19.572	106.373	5.061	62.999	1.229
275	20.071	114.52	5.347	67.954	1.331
276	19.302	106.563	5.169	62.946	1.205
277	20.306	112.703	5.513	66.879	1.343
278	18.55	107.173	4.805	63.864	1.26
279	21.038	111.364	5.933	69.114	1.277
280	19.783	105.67	5.591	62.567	1.195
281	20.186	109.022	5.339	66.686	1.302
282	19.087	108.905	5.054	65.649	1.287
283	19.778	109.609	5.269	66.718	1.311
284	19.644	109.299	5.297	67.554	1.277
285	18.408	105.199	4.757	60.955	1.19
286	19.718	109.906	5.459	67.754	1.29
287	19.365	107.484	5.379	64.269	1.289
288	19.119	108.984	4.839	62.454	1.273
289	18.801	105.249	4.987	63.501	1.238
290	19.867	105.633	5.554	64.469	1.213
291	19.809	111.39	5.282	67.598	1.301
292	19.521	107.955	5.479	65.183	1.257
293	19.664	109.401	5.275	65.499	1.3
294	19.476	108.702	5.279	65.718	1.302
295	19.448	109.396	5.336	64.391	1.288
296	19.876	107.973	5.5	65.818	1.221
297	19.431	109.364	5.221	65.933	1.305
298	19.103	106.67	4.995	63.266	1.184
299	18.018	104.961	4.559	62.791	1.235
300	18.778	102.99	4.694	61.39	1.189
301	18.72	103.652	4.707	60.651	1.171
302	18.805	108.598	5.055	68.026	1.285
303	19.028	106.644	5.086	64.33	1.247
304	18.064	103.996	4.932	63.874	1.221
305	18.068	107.671	4.725	65.405	1.297
306	19.463	108.073	5.022	63.858	1.295
307	18.463	104.334	4.861	63.281	1.199
308	18.967	109.349	4.991	65.361	1.282
309	19.909	106.754	5.268	65.144	1.241
310	19.003	107.825	4.765	65.263	1.257
311	18.48	105.054	4.912	62.667	1.226
312	20.292	111.723	5.604	68.215	1.302
313	19.387	107.004	4.979	63.315	1.206
314	19.914	111.427	5.586	70.244	1.348
315	19.926	109.677	5.261	67.593	1.263
316	19.097	105.799	5.288	66.499	1.245
317	20.004	107.321	5.53	65.484	1.24
318	18.48	104.765	4.834	62.342	1.228
319	20.319	109.631	5.7	66.27	1.252
320	18.938	111.474	4.888	68.35	1.359
321	18.964	108.424	5.144	63.469	1.288
322	19.226	109.004	5.055	64.016	1.263
323	18.475	104.34	4.708	62.3	1.215
324	20.34	106.86	5.594	64.723	1.242
325	19.524	111.27	5.065	64.305	1.316
326	19.667	108.864	5.211	65.762	1.292
327	18.973	109.988	4.922	65.487	1.27
328	18.84	104.446	4.865	62.317	1.214
329	18.208	106.396	4.73	63.105	1.292
330	19.203	105.396	5.102	63.732	1.163
331	18.81	111.836	4.978	68.044	1.295
332	19.908	109.085	5.164	66.351	1.263
333	17.922	104.222	4.74	62.908	1.234
334	19.51	110.683	5.067	65.811	1.316
335	19.58	105.84	5.178	66.868	1.244
336	19.728	111.273	5.388	67.918	1.321
337	19.522	110.474	5.297	67.44	1.299
338	19.72	110.883	5.609	67.517	1.28
339	20.305	107.818	5.418	64.395	1.225
340	19.359	108.824	5.032	63.994	1.264
341	20.817	113.058	5.606	69.547	1.36
342	18.215	104.213	4.508	62.222	1.215
343	19.715	112.012	5.054	67.453	1.282
344	18.874	104.301	5.169	65.069	1.183
345	19.101	108.515	5.035	66.414	1.262
346	18.884	107.963	5.004	67.24	1.27
347	18.448	107.564	5.07	66.396	1.279
348	19.304	104.426	5.299	62.391	1.177
349	19.075	112.861	4.721	65.72	1.348
350	19.719	108.973	5.468	64.727	1.263
351	20.24	109.342	5.308	66.329	1.241
352	17.704	103.323	4.597	62.042	1.218
353	19.748	108.032	5.59	64.714	1.239
354	19.455	107.239	5.911	66.846	1.212
355	19.479	106.623	5.04	65.641	1.191
356	19.025	106.845	5.035	63.261	1.224
357	18.3	105.398	4.782	63.121	1.237
358	19.999	109.685	5.261	65.792	1.305
359	19.397	104.525	4.949	61.647	1.203
360	18.876	108.165	4.931	65.595	1.315
361	21.037	103.887	5.819	60.909	1.153
362	18.644	104.723	4.823	64.8	1.25
363	19.512	110.94	5.329	67.971	1.266
364	19.291	109.86	5.195	66.797	1.291
365	19.624	109.515	5.159	65.594	1.263
366	20.351	110.704	5.52	69.354	1.312
367	20.126	110.673	5.462	68.963	1.33
368	20.27	111.842	5.497	67.466	1.302
369	19.7	111.836	5.48	65.888	1.294
370	19.645	106.571	5.386	64.335	1.221
371	19.925	110.555	5.357	68.938	1.308
372	19.247	105.513	5.076	63.654	1.194
373	19.234	114.053	4.965	67.358	1.364
374	18.039	105.951	4.835	63.294	1.232
375	20.27	109.575	5.488	67.512	1.31
376	19.662	107.165	5.281	65.194	1.223
377	19.726	107.712	5.195	65.122	1.223
378	20.033	108.392	5.602	64.597	1.229
379	19.163	112.504	5.104	70.18	1.308
380	19.327	106.647	5.317	64.21	1.227
381	19.61	108.206	5.255	65.414	1.292
382	19.277	109.543	5.412	65.552	1.273
383	20.022	109.494	5.33	64.212	1.283
384	19.198	104.589	5.13	64.046	1.232
385	19.46	107.008	4.902	63.281	1.219
386	18.002	105.92	4.592	62.81	1.249
387	19.475	108.913	5.269	65.407	1.267
388	19.426	108.083	5.149	63.2	1.236
389	19.364	112.053	5.121	65.824	1.33
390	19.009	105.602	4.909	63.39	1.256
391	19.477	108.124	4.884	64.244	1.258
392	19.844	110.186	5.551	66.561	1.283
393	18.936	105.191	5.093	63.001	1.273
394	20.837	114.067	5.691	68.718	1.366
395	18.176	109.013	4.669	64.397	1.294
396	20.044	113.369	5.292	67.078	1.333
397	19.964	112.694	5.424	68.674	1.3
398	19.076	110.124	4.935	67.777	1.319
399	20.75	113.685	5.548	66.916	1.337
400	18.313	105.368	4.758	62.638	1.21
401	18.971	110.185	5.163	67.199	1.304
402	19.432	104.39	5.341	63.531	1.167
403	18.793	109.228	4.923	63.743	1.276
404	18.506	104.74	4.804	61.842	1.199
405	19.023	103.031	5.073	62.001	1.202
406	20.399	115.486	5.505	68.222	1.292
407	17.387	104.533	4.561	62.128	1.247
408	18.9	109.598	4.991	66.882	1.26
409	18.126	104.953	4.904	65.868	1.24
410	18.774	102.433	5.247	60.297	1.178
411	19.43	104.583	5.258	61.332	1.167
412	19.774	114.117	5.204	68.662	1.352
413	19.339	110.288	5.143	65.715	1.28
414	18.907	100.987	4.825	59.826	1.168
415	18.903	108.61	4.713	64.315	1.302
416	20.577	112.389	5.821	66.077	1.321
417	20.075	109.172	5.453	65.02	1.303
418	19.412	107.198	5.121	64.844	1.276
419	18.606	109.111	5.003	64.366	1.282
420	19.329	103.52	5.115	61.648	1.217
421	18.326	107.422	4.618	65.224	1.237
422	18.941	109.2	5.091	67.858	1.308
423	19.204	109.289	4.962	64.179	1.249
424	19.704	106.743	5.213	64.118	1.231
425	18.924	108.085	4.858	63.97	1.238
426	18.885	105.084	4.845	63.206	1.209
427	18.761	106.999	4.876	66.112	1.278
428	20.153	111.721	5.356	66.976	1.313
429	19.202	108.6	5.157	65.193	1.303
430	18.335	111.67	4.775	69.371	1.365
431	20.044	110.085	5.659	64.24	1.285
432	19.617	109.506	5.701	69.266	1.268
433	19.783	111.162	5.436	67.741	1.315
434	20.114	116.608	5.464	69.53	1.4
435	21.31	111.874	5.952	66.777	1.35
436	20.482	108.164	5.644	65.134	1.264
437	19.456	106.557	5.242	63.732	1.194
438	18.294	105.34	4.944	63.349	1.231
439	18.411	104.582	4.895	61.703	1.211
440	18.647	104.482	4.818	62.214	1.251
441	20.469	111.873	5.608	66.41	1.235
442	19.026	108.076	4.702	64.289	1.217
443	20.043	110.452	5.49	66.373	1.232
444	18.985	107.888	4.819	65.94	1.277
445	18.372	99.369	4.934	60.251	1.111
446	18.41	103.299	4.814	63.359	1.241
447	19.41	105.649	5.032	64.772	1.248
448	19.899	108.105	5.463	62.824	1.306
449	18.87	106.924	4.872	65.187	1.25
450	19.749	107.778	5.136	65.964	1.213
451	18.812	108.876	4.826	65.212	1.238
452	19.419	105.335	4.868	61.486	1.181
453	20.067	112.183	5.128	66.855	1.332
454	18.508	105.826	4.842	64.063	1.251
455	20.222	111.512	5.905	69.367	1.321
456	18.68	102.247	4.983	60.884	1.195
457	17.788	103.765	4.42	62.065	1.194
458	19.266	111.729	4.887	66.812	1.323
459	19.401	108.63	5.064	65.063	1.238
460	19.715	108.489	5.282	67.625	1.25
461	19.466	112.117	5.231	69.515	1.339
462	18.296	106.638	4.834	63.426	1.26
463	18.205	103.953	4.73	62.298	1.204
464	20.417	108.929	5.801	65.329	1.232
465	19.54	109.989	5.052	65.141	1.253
466	18.935	102.252	5.174	62.077	1.167
467	19.156	106.723	4.819	63.942	1.274
468	19.571	110.226	5.337	66.32	1.259
469	20.185	105.267	5.638	64.901	1.204
470	18.771	107.539	5.207	65.716	1.22
471	18.397	102.436	4.884	63.227	1.165
472	19.341	109.12	5.136	65.12	1.245
473	19.404	106.44	5.569	66.284	1.215
474	19.293	106.144	5.23	64.746	1.212
475	19.957	110.543	5.629	67.184	1.337
476	19.539	110.154	5.09	64.227	1.258
477	19.417	110.345	5.192	65.448	1.295
478	19.582	109.07	5.485	65.769	1.234
479	18.923	107.934	5.271	66.949	1.268
480	19.622	107.331	5.382	63.588	1.259
481	20.086	106.727	5.957	66.003	1.217
482	18.632	109.63	4.721	64.212	1.307
483	20.31	112.122	5.581	70.766	1.363
484	20.423	114.392	5.448	67.258	1.334
485	20.233	109.939	5.462	67.836	1.29
486	19.949	107.296	5.43	62.339	1.185
487	19.379	109.806	5.299	68.753	1.295
488	18.458	107.389	5.147	67.599	1.252
489	20.033	108.453	5.501	65.091	1.211
490	19.164	108.176	5.035	64.904	1.287
491	19.314	104.926	5.213	61.971	1.223
492	19.303	106.395	5.32	63.688	1.213
493	18.756	108.978	4.835	65.398	1.289
494	19.845	107.081	5.554	64.532	1.25
495	19.467	106.86	5.251	64.868	1.248
496	19.946	109.912	5.219	65.841	1.281
497	20.292	111.2	5.662	66.507	1.311
498	18.92	108.492	4.996	63.941	1.281
499	19.181	110.812	5.197	65.005	1.277
500	18.707	108.88	5.002	66.661	1.329
501	20.039	111.122	5.3	67.269	1.318
502	20.01	112.47	5.272	67.132	1.302
503	19.145	106.502	5.328	64.336	1.213
504	19.191	109.717	5.195	66.267	1.273
505	19.64	108.95	5.422	65.157	1.236
506	19.149	108.206	4.933	64.107	1.274
507	19.603	106.596	5.269	65.282	1.264
508	19.295	109.228	4.937	65.398	1.274
509	18.304	103.201	4.923	62.093	1.177
510	18.745	104.427	4.895	62.552	1.185
511	19.081	108.35	5.191	64.937	1.297
512	20.037	105.947	5.395	64.675	1.228
513	19.548	109.407	5.233	65.874	1.271
514	19.121	105.668	5.284	63.419	1.234
515	19.73	108.249	5.283	65.997	1.264
516	19.029	104.179	5.14	62.932	1.226
517	18.818	103.967	4.937	62.614	1.187
518	18.855	106.509	4.934	62.499	1.256
519	19.441	104.212	5.341	62.164	1.179
520	18.653	109.372	4.726	64.65	1.27
521	19.645	111.078	5.359	67.067	1.317
522	19.937	110.35	5.326	69.004	1.297
523	19.163	108.666	5.236	64.461	1.27
524	18.655	103.303	5.119	61.9	1.216
525	19.506	107.695	5.334	65.152	1.273
526	18.502	104.993	4.861	62.474	1.196
527	19.05	106.889	5.195	64.365	1.254
528	18.731	103.592	5.048	63.07	1.227
529	19.5	110.762	5.146	67.852	1.322
530	18.149	101.948	4.676	60.927	1.2
531	20.14	110.699	5.539	64.956	1.247
532	19.996	103.958	5.343	62.572	1.209
533	20.941	105.218	5.928	64.619	1.18
534	19.64	109.723	5.375	67.262	1.293
535	18.36	108.771	4.902	66.006	1.306
536	18.6	106.288	4.879	64.788	1.213
537	18.337	105.614	4.881	63.38	1.224
538	19.084	101.796	5.088	61.636	1.165
539	19.253	113.112	4.961	68.066	1.332
540	19.787	110.373	5.369	68.973	1.331
541	19.584	113.82	5.374	70.481	1.369
542	19.418	103.056	5.087	61.4	1.174
543	19.344	107.324	5.23	64.565	1.208
544	19.628	107.216	5.451	67.49	1.25
545	19.88	108.894	5.55	66.743	1.227
546	19.792	111.347	5.106	66.206	1.326
547	18.975	109.866	5.002	66.132	1.326
548	18.816	104.129	4.961	62.076	1.201
549	18.998	109.01	5.143	66.353	1.279
550	18.509	107.682	4.878	63.923	1.321
551	18.411	106.468	4.824	64.826	1.231
552	19.394	104.708	5.356	61.752	1.203
553	19.634	110.585	5.234	67.882	1.301
554	19.348	110.892	5.395	67.375	1.304
555	18.327	105.698	5.122	64.306	1.273
556	19.601	106.717	5.552	64.61	1.222
557	20.438	112.696	5.701	67.603	1.294
558	19.685	110.361	5.459	67.399	1.297
559	20.086	111.422	5.291	64.597	1.244
560	18.702	109.198	5.012	65.582	1.309
561	19.53	107.142	5.021	66.39	1.266
562	19.099	111.474	4.836	65.219	1.321
563	19.051	109.48	5.085	65.574	1.265
564	19.604	107.089	5.419	64.353	1.244
565	19.198	109.757	5.267	66.498	1.296
566	19.602	108.027	5.597	65.039	1.26
567	18.893	102.511	5.156	61.743	1.213
568	19.63	108.855	5.24	68.44	1.298
569	19.322	109.576	4.949	66.57	1.295
570	19.615	108.592	5.365	64.323	1.286
571	18.854	106.02	4.836	63.229	1.176
572	19.725	111.309	5.363	66.886	1.283
573	19.743	107.752	5.315	63.412	1.273
574	18.915	107.376	5.068	64.143	1.259
575	18.837	112.81	5.031	67.475	1.3
576	19.504	106.197	5.302	64.576	1.223
577	20.108	106.035	5.714	65.835	1.193
578	19.3	107.54	4.862	64.201	1.279
579	20.213	105.035	5.656	65.238	1.176
580	19.642	107.198	5.317	63.758	1.226
581	19.691	110.122	5.487	65.725	1.285
582	19.919	109.913	5.28	66.644	1.283
583	20.073	110.857	5.503	68.345	1.297
584	19.752	111.816	5.231	66.438	1.288
585	18.974	108.521	5.085	66.991	1.293
586	18.259	110.933	4.958	67.571	1.312
587	19.717	108.163	5.424	63.621	1.239
588	19.236	104.173	5.051	64.375	1.181
589	19.134	106.648	5.146	63.34	1.218
590	19.355	110.008	5.138	67.219	1.273
591	19.057	106.659	5.1	65.006	1.24
592	19.867	110.132	5.368	66.092	1.277
593	19.921	110.071	5.498	66.696	1.29
594	19.087	110.73	4.973	66.971	1.363
595	19.407	106.786	5.096	64.157	1.294
596	18.146	101.777	4.597	60.259	1.144
597	20.004	103.427	5.823	63.312	1.122
598	21.279	110.79	5.791	68.093	1.289
599	19.208	106.731	5.005	64.298	1.256
600	19.157	106.389	5.124	64.179	1.26
601	19.161	111.792	4.964	65.308	1.32
602	18.772	104.992	5.096	63.841	1.183
603	19.539	109.476	5.31	65.575	1.318
604	19.798	107.901	5.198	64.374	1.251
605	17.956	103.722	4.601	61.917	1.185
606	19.151	107.462	4.924	63.731	1.222
607	19.238	106.724	5.146	65.659	1.252
608	18.028	103.545	4.571	62.218	1.216
609	19.479	104.637	5.374	63.93	1.169
610	18.673	104.666	4.869	63.732	1.186
611	18.337	101.43	4.833	63.387	1.202
612	19.858	108.468	5.387	65.56	1.303
613	20.237	110.341	5.453	65.741	1.288
614	18.578	105.921	4.941	65.062	1.246
615	19.166	103.053	4.939	60.761	1.125
616	20.574	110.732	5.496	68.27	1.258
617	19.224	107.015	5.139	63.204	1.195
618	19.881	113.805	5.466	68.088	1.386
619	19.322	111.696	5.331	68.018	1.327
620	19.001	104.891	4.781	64.373	1.239
621	19.434	108.706	5.118	65.71	1.261
622	20.131	106.298	5.34	64.532	1.221
623	19.699	106.679	5.299	65.03	1.207
624	19.748	108.087	5.12	65.61	1.242
625	19.385	109.26	5.105	66.852	1.288
626	19.26	107.293	5.129	65.31	1.223
627	18.908	103.056	5.256	61.852	1.208
628	20.345	113.532	5.699	67.764	1.33
629	19.0	105.921	5.174	63.744	1.275
630	20.061	110.796	5.417	66.993	1.306
631	19.035	105.264	5.02	63.185	1.194
632	19.003	106.875	4.8	62.569	1.245
633	20.63	115.197	5.73	71.143	1.396
634	20.313	112.661	5.805	70.079	1.361
635	19.191	106.579	5.308	65.985	1.24
636	19.556	107.276	5.258	64.713	1.224
637	18.377	103.533	4.822	59.807	1.189
638	19.135	103.164	5.018	61.441	1.201
639	19.56	107.859	5.268	65.318	1.281
640	18.844	108.149	5.109	65.759	1.324
641	17.97	102.564	4.574	60.814	1.189
642	20.059	109.25	5.377	66.877	1.312
643	19.143	106.43	5.179	65.664	1.239
644	20.425	111.932	6.065	67.953	1.289
645	18.973	106.241	5.133	65.836	1.258
646	19.138	106.749	5.278	63.843	1.239
647	19.425	106.906	5.054	64.927	1.217
648	19.815	113.673	5.205	69.331	1.385
649	19.504	108.24	5.401	67.687	1.253
650	20.468	105.942	5.453	63.871	1.245
651	20.19	113.5	5.226	68.072	1.316
652	19.382	109.651	5.119	68.404	1.283
653	18.702	106.203	4.833	64.422	1.205
654	19.474	105.624	5.356	64.769	1.192
655	19.258	109.62	5.389	68.605	1.298
656	19.568	104.818	5.117	63.742	1.241
657	18.952	106.831	4.833	64.798	1.255
658	19.337	107.827	5.305	65.401	1.282
659	19.241	103.078	4.949	61.769	1.166
660	19.045	110.847	5.204	66.096	1.329
661	18.685	107.744	4.796	63.467	1.19
662	19.936	110.214	5.274	65.441	1.292
663	19.774	113.535	5.594	67.075	1.316
664	19.23	107.992	4.962	64.612	1.299
665	19.758	110.884	5.317	66.353	1.301
666	18.846	107.126	4.817	64.985	1.274
667	19.218	107.062	5.095	66.828	1.288
668	19.055	108.168	5.321	68.112	1.296
669	19.489	106.833	4.946	61.698	1.2
670	19.791	105.837	5.145	64.163	1.203
671	19.895	106.973	5.247	63.374	1.216
672	18.202	106.035	4.593	62.192	1.232
673	18.416	101.862	5.048	63.347	1.146
674	19.621	108.188	5.4	64.782	1.265
675	19.719	105.254	4.929	64.073	1.218
676	18.93	105.22	4.879	65.157	1.269
677	19.475	104.362	5.407	62.344	1.238
678	19.788	106.845	5.4	64.465	1.254
679	19.087	102.721	5.306	63.06	1.168
680	19.632	110.83	5.038	66.382	1.303
681	20.284	110.278	5.39	65.775	1.306
682	19.831	110.921	5.314	67.31	1.305
683	19.32	111.359	4.947	65.874	1.276
684	20.068	110.842	5.333	67.87	1.319
685	20.531	109.59	5.848	65.638	1.231
686	20.247	111.638	5.411	68.143	1.274
687	20.358	112.475	5.694	67.846	1.314
688	19.926	109.506	5.422	65.431	1.295
689	19.463	104.118	5.01	60.513	1.201
690	19.738	107.414	5.09	63.895	1.267
691	19.48	106.176	5.155	64.116	1.231
692	18.947	105.404	4.935	62.536	1.19
693	18.232	103.96	4.702	62.13	1.207
694	20.798	108.729	5.558	67.092	1.228
695	19.628	107.743	5.582	65.951	1.295
696	18.561	104.838	5.098	64.448	1.247
697	20.474	109.454	5.537	67.902	1.282
698	18.689	105.127	4.791	63.422	1.21
699	18.839	102.669	4.946	61.506	1.209
700	18.33	101.322	4.652	59.605	1.135
701	20.525	111.916	5.607	66.318	1.351
702	19.192	106.929	4.878	61.823	1.233
703	19.228	107.735	5.197	65.932	1.249
704	19.805	112.097	5.753	69.191	1.354
705	18.542	106.478	5.129	64.895	1.243
706	19.721	110.129	5.469	64.574	1.341
707	19.359	105.873	5.042	63.965	1.243
708	20.366	113.343	5.687	68.67	1.323
709	19.483	107.958	5.16	65.839	1.257
710	18.798	107.856	4.965	64.093	1.318
711	19.679	111.407	5.094	66.489	1.305
712	19.982	108.464	5.513	65.497	1.242
713	20.425	111.986	5.636	68.274	1.346
714	20.871	114.322	5.62	67.983	1.355
715	19.984	105.526	5.617	64.028	1.249
716	19.34	111.847	5.126	66.521	1.326
717	19.383	109.559	5.261	66.827	1.277
718	18.906	105.313	5.102	64.55	1.209
719	19.824	109.49	5.28	65.183	1.309
720	19.657	108.969	5.264	64.984	1.25
721	19.478	114.456	5.466	70.624	1.379
722	19.925	109.177	5.469	65.973	1.288
723	18.682	110.426	4.842	67.178	1.288
724	18.673	103.025	4.854	61.455	1.197
725	20.24	111.253	5.66	68.424	1.306
726	19.189	109.453	5.127	66.488	1.335
727	19.788	113.304	5.31	67.18	1.388
728	18.864	104.91	4.874	63.854	1.197
729	19.764	107.535	5.173	63.24	1.229
730	19.915	106.836	5.321	64.426	1.26
731	19.538	112.538	5.165	68.549	1.318
732	19.086	110.117	5.004	64.821	1.259
733	18.087	100.026	4.741	58.709	1.167
734	18.914	105.719	4.837	63.215	1.196
735	19.019	106.213	4.887	63.85	1.251
736	19.244	107.48	5.231	63.7	1.251
737	20.053	107.796	5.709	62.653	1.25
738	19.357	109.611	5.062	64.888	1.281
739	19.853	104.491	5.32	64.93	1.202
740	19.294	109.122	5.024	65.356	1.309
741	18.852	107.25	4.807	62.344	1.227
742	18.763	110.876	4.897	66.083	1.294
743	19.415	108.961	5.28	66.346	1.25
744	19.567	109.223	5.016	66.838	1.273
745	18.354	103.692	4.965	63.301	1.215
746	20.02	107.488	5.608	67.223	1.253
747	19.078	107.898	5.189	66.94	1.266
748	18.697	111.427	5.083	68.799	1.32
749	19.476	111.551	5.12	65.941	1.317
750	18.932	107.677	5.013	64.676	1.288
751	19.371	108.471	4.974	65.823	1.261
752	19.175	109.459	5.13	67.385	1.269
753	19.387	106.798	5.048	64.134	1.251
754	19.735	108.857	5.244	71.048	1.299
755	19.645	110.631	5.279	66.355	1.337
756	19.607	110.84	4.962	64.25	1.257
757	19.785	113.898	5.315	67.251	1.333
758	20.432	109.175	5.623	66.239	1.293
759	18.884	107.126	5.28	65.914	1.292
760	19.924	112.863	5.251	69.302	1.331
761	19.203	104.631	4.955	63.72	1.191
762	18.839	104.252	4.798	62.031	1.207
763	19.138	105.539	5.471	64.296	1.2
764	19.871	108.648	5.55	66.096	1.289
765	19.095	110.139	5.141	67.611	1.339
766	19.16	109.212	5.307	66.531	1.285
767	19.183	107.587	5.094	64.542	1.291
768	19.889	107.97	5.798	67.681	1.297
769	19.085	110.64	5.11	66.273	1.288
770	20.353	109.209	5.626	67.387	1.304
771	20.333	108.157	5.528	64.234	1.245
772	18.937	104.972	4.935	63.132	1.19
773	18.513	107.54	5.116	63.334	1.279
774	18.92	107.213	5.084	63.206	1.239
775	19.114	110.162	5.198	67.175	1.305
776	19.224	108.918	5.025	66.543	1.255
777	19.186	110.066	5.122	66.408	1.301
778	20.094	108.872	5.694	67.886	1.244
779	19.817	112.374	5.296	64.795	1.313
780	19.008	104.981	5.095	63.466	1.203
781	20.603	109.229	5.871	66.195	1.269
782	19.657	107.888	5.306	65.273	1.271
783	19.676	109.439	5.372	64.587	1.27
784	19.871	107.219	5.326	64.003	1.255
785	18.855	103.237	5.121	60.425	1.217
786	19.325	110.521	5.102	65.713	1.305
787	19.79	114.352	5.268	68.904	1.365
788	19.791	109.206	5.409	64.811	1.268
789	20.107	108.684	5.152	64.129	1.282
790	19.191	106.012	5.055	63.127	1.29
791	19.725	104.067	5.397	62.875	1.21
792	19.637	110.83	5.463	67.201	1.308
793	20.055	107.343	5.506	66.342	1.25
794	19.358	109.767	5.286	68.313	1.306
795	19.861	105.355	5.305	61.439	1.204
796	18.341	106.684	4.918	63.213	1.248
797	19.568	108.714	5.291	65.207	1.293
798	19.816	110.901	5.463	65.065	1.255
799	19.283	110.532	5.022	66.617	1.339
800	20.049	112.851	5.217	66.601	1.275
801	18.932	110.526	4.92	65.48	1.301
802	20.255	110.423	5.386	68.223	1.272
803	21.765	112.082	6.132	72.209	1.325
804	19.713	110.712	5.368	64.314	1.298
805	19.174	107.946	4.918	65.741	1.299
806	18.797	109.066	5.089	67.165	1.298
807	19.251	109.413	5.359	67.135	1.273
808	18.428	106.786	4.654	65.177	1.282
809	21.28	109.032	6.261	69.358	1.329
810	19.635	112.317	5.138	66.369	1.368
811	18.234	107.107	4.721	64.134	1.271
812	19.847	107.874	5.315	65.816	1.285
813	19.813	109.535	5.45	67.846	1.305
814	20.514	108.5	5.662	64.376	1.301
815	19.682	112.524	5.317	66.974	1.304
816	19.002	107.537	5.185	64.603	1.29
817	20.073	107.414	5.379	63.921	1.211
818	20.514	109.499	5.848	68.748	1.27
819	19.327	104.06	5.131	61.805	1.224
820	20.139	107.813	5.546	64.384	1.232
821	18.8	101.471	5.362	60.784	1.137
822	19.829	110.001	5.577	70.792	1.278
823	19.734	107.376	5.514	65.543	1.282
824	19.38	107.084	5.345	64.138	1.223
825	19.71	110.555	5.317	67.126	1.273
826	18.765	108.299	5.321	65.498	1.298
827	19.302	105.366	5.026	63.996	1.232
828	18.715	108.375	4.926	65.446	1.31
829	19.116	107.126	5.038	62.731	1.243
830	19.137	106.207	4.808	62.332	1.194
831	19.659	106.909	5.007	63.467	1.232
832	19.139	107.623	5.051	63.515	1.241
833	20.088	108.153	5.355	64.966	1.299
834	19.602	108.78	5.289	66.762	1.31
835	20.227	104.423	5.303	62.675	1.198
836	19.668	109.757	5.309	67.523	1.331
837	20.099	110.715	5.349	66.335	1.296
838	18.671	108.49	4.926	66.249	1.267
839	19.131	104.063	5.031	63.917	1.216
840	19.91	109.248	5.105	66.569	1.279
841	19.111	111.41	5.489	68.184	1.361
842	19.684	105.603	5.593	67.732	1.23
843	19.996	111.973	5.061	69.319	1.34
844	19.397	110.856	5.304	68.479	1.362
845	19.773	111.141	5.323	66.304	1.279
846	19.392	107.036	5.279	65.116	1.248
847	19.187	109.51	5.063	66.906	1.29
848	20.043	103.517	5.845	63.484	1.187
849	19.148	105.144	5.254	63.963	1.218
850	18.776	109.753	4.948	65.831	1.321
851	19.327	107.464	5.177	62.524	1.242
852	19.627	106.136	5.391	63.959	1.196
853	19.386	111.923	5.289	69.363	1.319
854	19.327	115.913	5.136	71.093	1.343
855	19.178	114.031	4.972	67.172	1.378
856	19.419	108.899	4.989	65.234	1.287
857	18.971	110.436	5.039	64.907	1.253
858	19.983	113.263	5.294	65.857	1.357
859	19.129	102.399	5.152	60.27	1.164
860	19.398	107.219	5.232	64.229	1.288
861	18.112	104.761	4.915	61.45	1.233
862	19.089	107.913	5.407	65.369	1.263
863	18.946	104.934	4.972	63.792	1.159
864	18.541	105.342	4.995	61.401	1.198
865	19.112	107.147	4.961	64.363	1.241
866	19.901	106.708	5.264	65.773	1.236
867	18.824	111.155	5.115	68.674	1.318
868	19.721	108.346	5.089	63.525	1.311
869	19.183	108.575	5.143	67.059	1.267
870	20.473	118.084	6.159	71.022	1.421
871	19.685	107.011	5.239	65.706	1.215
872	20.247	110.016	5.706	68.526	1.273
873	19.761	109.952	5.416	67.097	1.236
874	19.775	112.97	5.572	69.299	1.314
875	19.64	104.719	5.35	62.162	1.204
876	20.506	107.571	5.8	64.871	1.227
877	19.068	109.382	5.01	64.277	1.279
878	19.458	106.25	5.164	65.415	1.231
879	18.519	104.423	5.044	63.007	1.209
880	18.705	103.968	5.138	62.561	1.207
881	19.856	107.556	5.324	64.535	1.254
882	20.582	108.789	5.978	67.576	1.294
883	19.333	109.432	5.231	66.162	1.32
884	20.657	113.94	5.761	67.792	1.347
885	19.468	106.604	5.267	62.769	1.228
886	18.702	107.214	4.675	62.313	1.222
887	19.057	106.232	4.941	62.22	1.255
888	18.508	106.471	5.083	63.932	1.209
889	19.736	107.271	5.707	65.399	1.251
890	18.606	100.222	4.888	60.073	1.131
891	18.963	103.271	4.786	62.69	1.175
892	19.955	107.557	5.321	64.46	1.235
893	18.604	103.941	4.697	61.056	1.219
894	19.429	109.262	5.223	63.957	1.245
895	19.197	104.372	4.97	62.92	1.215
896	18.533	106.771	4.786	65.331	1.264
897	18.829	105.399	5.046	63.482	1.244
898	20.357	107.4	5.521	65.541	1.212
899	19.313	106.595	5.059	61.84	1.228
900	19.316	104.715	4.941	61.279	1.175
901	19.476	108.904	4.926	64.003	1.236
902	19.254	104.481	5.192	64.473	1.209
903	19.103	109.299	5.248	66.754	1.324
904	19.722	106.852	5.296	63.823	1.213
905	19.849	105.619	5.222	61.309	1.197
906	18.545	104.474	4.606	60.579	1.181
907	17.891	102.327	4.673	59.926	1.2
908	18.952	105.874	4.705	62.489	1.231
909	18.729	107.667	4.969	65.392	1.245
910	18.742	106.968	4.985	62.599	1.191
911	19.222	107.89	4.957	65.957	1.279
912	20.068	107.756	5.613	66.043	1.299
913	19.476	113.457	4.994	67.527	1.384
914	19.322	107.329	5.117	63.908	1.265
915	20.002	109.754	5.414	66.162	1.248
916	20.274	108.103	5.849	67.409	1.242
917	18.725	110.885	5.005	66.532	1.309
918	19.003	104.021	5.024	62.027	1.22
919	20.071	102.212	5.203	61.597	1.143
920	18.585	103.998	5.137	62.82	1.205
921	19.049	105.553	5.053	63.718	1.225
922	19.768	111.966	5.221	67.431	1.332
923	19.242	107.287	5.297	64.527	1.246
924	19.982	111.621	5.377	67.533	1.325
925	20.187	113.357	5.464	68.316	1.367
926	19.159	107.223	4.877	61.688	1.279
927	19.39	109.086	5.229	63.997	1.228
928	19.045	108.008	4.818	64.723	1.259
929	19.705	106.329	5.264	64.766	1.206
930	19.216	108.84	5.293	66.486	1.268
931	19.711	108.483	5.172	64.348	1.249
932	20.006	103.209	5.437	65.236	1.186
933	19.099	105.728	4.914	64.025	1.251
934	20.375	107.292	5.74	66.069	1.243
935	18.276	103.87	4.736	61.734	1.209
936	20.065	110.95	5.59	66.128	1.284
937	19.096	110.287	5.153	63.963	1.297
938	19.044	109.227	5.138	65.855	1.249
939	20.2	108.1	5.595	65.584	1.263
940	18.57	104.777	4.722	61.837	1.208
941	19.759	115.448	5.401	69.991	1.365
942	18.942	107.513	4.848	64.071	1.248
943	18.619	109.166	4.674	63.257	1.273
944	21.429	110.0	5.958	68.066	1.276
945	21.179	110.98	5.851	65.369	1.229
946	18.047	104.509	4.875	63.766	1.222
947	20.938	111.679	5.889	67.996	1.26
948	17.382	100.538	4.426	59.861	1.128
949	19.658	108.324	5.294	64.079	1.255
950	19.026	108.319	5.057	64.993	1.241
951	19.521	104.696	5.196	60.621	1.184
952	20.36	112.236	5.315	67.958	1.336
953	18.837	105.601	4.966	64.526	1.235
954	19.038	110.038	4.909	66.186	1.276
955	20.121	107.617	5.482	64.968	1.249
956	19.29	106.588	5.073	65.276	1.242
957	20.948	111.432	5.626	65.826	1.287
958	19.642	107.949	5.418	65.135	1.238
959	19.754	113.663	5.237	66.076	1.325
960	18.835	108.432	4.888	66.18	1.26
961	18.308	104.122	4.513	60.691	1.172
962	19.266	106.234	5.302	63.354	1.224
963	20.371	107.948	5.531	65.779	1.255
964	20.293	110.05	5.811	65.374	1.227
965	19.693	110.209	5.637	68.92	1.26
966	19.126	109.003	4.912	65.377	1.304
967	19.321	110.055	5.014	64.44	1.27
968	19.967	108.545	5.067	63.862	1.234
969	18.935	108.16	5.061	64.791	1.243
970	19.082	105.686	4.892	64.883	1.25
971	19.184	103.357	4.953	63.461	1.225
972	19.921	109.155	5.346	64.861	1.33
973	19.206	107.392	5.328	65.982	1.279
974	19.089	111.514	4.967	66.187	1.335
975	19.345	103.997	5.026	63.265	1.221
976	20.103	110.281	5.156	64.117	1.254
977	19.446	108.661	5.087	66.416	1.297
978	19.119	106.783	5.102	64.805	1.217
979	19.647	111.629	5.22	68.339	1.294
980	18.788	107.306	5.062	64.446	1.277
981	19.577	109.539	5.23	66.03	1.3
982	19.08	109.937	5.03	67.634	1.309
983	19.498	110.717	5.046	67.058	1.287
984	20.913	113.58	5.886	67.584	1.334
985	20.464	110.753	5.634	68.33	1.333
986	18.373	107.378	5.006	65.288	1.309
987	18.94	110.18	4.87	65.327	1.307
988	18.609	106.156	4.954	64.314	1.251
989	18.57	102.1	4.734	60.611	1.164
990	19.676	109.632	5.293	64.947	1.295
991	20.607	115.736	5.508	67.641	1.351
992	19.975	113.727	5.183	66.599	1.309
993	19.941	110.732	5.271	67.251	1.329
994	19.13	107.137	5.292	65.074	1.25
995	19.001	102.818	4.954	61.576	1.209
996	20.059	112.116	5.358	68.286	1.326
997	18.949	108.373	5.159	64.736	1.257
998	18.972	106.859	5.098	66.811	1.286
999	19.958	110.091	5.422	65.718	1.242
1000	19.473	109.899	5.129	65.993	1.276
