MutationType	ID83A	ID83B	ID83C	ID83D	ID83E	ID83F
1:Del:C:0	1.47E-09	1.18E-09	2.21E-09	1.39E-09	2.16E-09	3.97E-10
1:Del:C:1	1.15E-03	8.97E-04	2.08E-03	1.86E-04	1.75E-03	2.06E-04
1:Del:C:2	2.46E-04	2.84E-04	3.74E-04	5.60E-05	3.58E-04	5.63E-05
1:Del:C:3	1.42E-04	1.32E-04	2.65E-04	4.11E-05	2.16E-04	2.50E-05
1:Del:C:4	9.54E-05	1.04E-04	1.62E-04	1.03E-05	1.46E-04	1.31E-05
1:Del:C:5	8.11E-05	8.57E-05	1.49E-04	4.35E-05	1.31E-04	1.59E-05
1:Del:T:0	1.47E-09	1.18E-09	2.21E-09	1.39E-09	2.16E-09	3.97E-10
1:Del:T:1	6.68E-04	6.56E-04	1.41E-03	5.25E-05	1.17E-03	1.04E-04
1:Del:T:2	3.47E-04	3.66E-04	5.77E-04	1.14E-04	5.18E-04	5.14E-05
1:Del:T:3	3.07E-04	3.00E-04	5.14E-04	3.52E-05	4.53E-04	5.16E-05
1:Del:T:4	2.64E-04	2.94E-04	4.68E-04	7.48E-05	4.23E-04	6.38E-05
1:Del:T:5	2.30E-03	2.02E-03	3.13E-03	1.37E-03	3.24E-03	4.82E-04
1:Ins:C:0	1.59E-04	1.59E-04	2.82E-04	3.36E-05	2.47E-04	4.12E-05
1:Ins:C:1	1.07E-04	1.18E-04	1.69E-04	3.36E-05	1.38E-04	1.90E-05
1:Ins:C:2	9.90E-05	1.13E-04	1.60E-04	1.17E-05	1.53E-04	2.86E-05
1:Ins:C:3	9.04E-05	1.24E-04	1.52E-04	9.89E-06	1.58E-04	2.80E-05
1:Ins:C:4	7.80E-05	9.13E-05	1.47E-04	1.17E-05	1.41E-04	1.69E-05
1:Ins:C:5	5.45E-04	6.09E-04	8.06E-04	4.29E-05	8.46E-04	1.32E-04
1:Ins:T:0	2.41E-04	2.48E-04	3.78E-04	2.25E-05	3.40E-04	5.83E-05
1:Ins:T:1	3.61E-04	4.17E-04	5.74E-04	3.64E-05	5.18E-04	9.23E-05
1:Ins:T:2	2.00E-04	2.14E-04	3.10E-04	6.34E-05	2.78E-04	6.06E-05
1:Ins:T:3	1.75E-04	2.13E-04	3.05E-04	4.38E-05	2.97E-04	5.52E-05
1:Ins:T:4	1.84E-04	2.13E-04	2.90E-04	3.13E-05	2.60E-04	2.51E-05
1:Ins:T:5	4.77E-03	5.34E-03	2.80E-03	3.20E-03	5.78E-03	1.59E-03
2:Del:R:0	2.15E-03	1.53E-03	2.97E-03	1.88E-03	2.98E-03	5.87E-04
2:Del:R:1	5.65E-05	6.06E-05	1.13E-04	1.88E-05	9.43E-05	1.00E-05
2:Del:R:2	2.83E-05	2.58E-05	5.80E-05	1.47E-05	4.73E-05	2.02E-06
2:Del:R:3	7.10E-06	6.11E-06	1.07E-05	1.42E-05	9.95E-06	1.36E-06
2:Del:R:4	5.54E-06	5.22E-06	1.19E-05	3.38E-07	1.01E-05	6.81E-07
2:Del:R:5	2.89E-05	3.33E-05	4.28E-05	1.05E-05	4.34E-05	7.36E-06
3:Del:R:0	2.73E-04	2.99E-04	3.71E-04	1.24E-04	4.14E-04	4.75E-05
3:Del:R:1	7.45E-05	8.70E-05	1.09E-04	2.73E-05	1.20E-04	1.26E-05
3:Del:R:2	2.09E-05	1.98E-05	3.26E-05	2.54E-06	3.16E-05	4.11E-06
3:Del:R:3	1.47E-09	1.18E-09	2.21E-09	1.39E-09	2.16E-09	3.97E-10
3:Del:R:4	6.53E-06	6.17E-06	1.03E-05	7.47E-07	1.13E-05	5.15E-07
3:Del:R:5	1.47E-09	1.18E-09	2.21E-09	1.39E-09	2.16E-09	3.97E-10
4:Del:R:0	2.40E-04	2.63E-04	3.59E-04	7.12E-05	3.83E-04	6.15E-05
4:Del:R:1	2.16E-05	2.23E-05	4.02E-05	7.76E-06	3.69E-05	1.48E-06
4:Del:R:2	1.07E-05	1.27E-05	1.36E-05	3.05E-07	1.56E-05	1.80E-06
4:Del:R:3	1.47E-09	1.18E-09	2.21E-09	1.39E-09	2.16E-09	3.97E-10
4:Del:R:4	1.47E-09	1.18E-09	2.21E-09	1.39E-09	2.16E-09	3.97E-10
4:Del:R:5	1.47E-09	1.18E-09	2.21E-09	1.39E-09	2.16E-09	3.97E-10
5:Del:R:0	4.66E-04	4.70E-04	7.33E-04	7.18E-05	7.37E-04	1.19E-04
5:Del:R:1	4.01E-06	4.45E-06	1.34E-05	2.90E-09	8.90E-06	6.94E-07
5:Del:R:2	1.47E-09	1.18E-09	2.21E-09	1.39E-09	2.16E-09	3.97E-10
5:Del:R:3	1.47E-09	1.18E-09	2.21E-09	1.39E-09	2.16E-09	3.97E-10
5:Del:R:4	1.47E-09	1.18E-09	2.21E-09	1.39E-09	2.16E-09	3.97E-10
5:Del:R:5	1.47E-09	1.18E-09	2.21E-09	1.39E-09	2.16E-09	3.97E-10
2:Ins:R:0	1.89E-04	2.15E-04	3.21E-04	5.97E-05	3.16E-04	2.86E-05
2:Ins:R:1	1.24E-04	1.25E-04	2.17E-04	3.08E-05	2.02E-04	2.76E-05
2:Ins:R:2	8.35E-05	1.04E-04	1.35E-04	2.34E-05	1.32E-04	1.43E-05
2:Ins:R:3	3.27E-05	3.31E-05	6.89E-05	6.25E-06	5.20E-05	5.31E-06
2:Ins:R:4	5.00E-05	5.78E-05	8.16E-05	2.39E-05	7.21E-05	7.70E-06
2:Ins:R:5	1.01E-03	1.10E-03	1.67E-03	1.49E-04	1.67E-03	1.92E-04
3:Ins:R:0	9.71E-05	1.00E-04	1.42E-04	1.87E-05	1.51E-04	1.98E-05
3:Ins:R:1	1.16E-04	1.15E-04	1.65E-04	2.20E-05	1.60E-04	1.72E-05
3:Ins:R:2	2.20E-05	2.26E-05	4.12E-05	6.28E-06	3.42E-05	3.52E-06
3:Ins:R:3	1.47E-09	1.18E-09	2.21E-09	1.39E-09	2.16E-09	3.97E-10
3:Ins:R:4	5.35E-06	4.29E-06	6.41E-06	2.18E-06	6.11E-06	1.35E-07
3:Ins:R:5	3.03E-05	2.73E-05	5.00E-05	1.14E-05	4.42E-05	3.02E-06
4:Ins:R:0	7.33E-05	8.86E-05	1.59E-04	9.25E-06	1.38E-04	1.82E-05
4:Ins:R:1	1.63E-04	1.77E-04	2.44E-04	3.31E-06	2.33E-04	4.38E-05
4:Ins:R:2	1.29E-05	1.53E-05	2.48E-05	2.59E-06	2.32E-05	1.68E-06
4:Ins:R:3	1.47E-09	1.18E-09	2.21E-09	1.39E-09	2.16E-09	3.97E-10
4:Ins:R:4	1.29E-05	1.35E-05	2.86E-05	4.18E-06	2.90E-05	1.65E-06
4:Ins:R:5	2.33E-05	2.79E-05	5.01E-05	3.14E-06	3.74E-05	3.14E-06
5:Ins:R:0	1.30E-04	1.23E-04	2.23E-04	2.26E-05	1.94E-04	3.66E-05
5:Ins:R:1	1.97E-04	1.95E-04	4.00E-04	2.89E-05	3.52E-04	4.80E-05
5:Ins:R:2	9.36E-06	7.75E-06	1.47E-05	6.55E-06	1.42E-05	1.28E-06
5:Ins:R:3	5.86E-06	7.87E-06	1.04E-05	4.09E-07	1.12E-05	4.84E-07
5:Ins:R:4	6.42E-06	5.77E-06	2.03E-05	2.29E-09	1.45E-05	3.47E-07
5:Ins:R:5	6.31E-06	7.23E-06	1.05E-05	5.92E-07	1.12E-05	1.01E-06
2:Del:M:1	2.20E-04	2.38E-04	3.43E-04	3.62E-05	3.23E-04	5.17E-05
3:Del:M:1	3.06E-04	3.28E-04	3.75E-04	1.57E-04	4.28E-04	8.20E-05
3:Del:M:2	1.62E-04	1.74E-04	1.76E-04	7.73E-05	2.13E-04	2.96E-05
4:Del:M:1	1.59E-04	1.65E-04	2.31E-04	4.77E-05	2.25E-04	2.74E-05
4:Del:M:2	1.02E-04	1.03E-04	1.56E-04	4.84E-05	1.50E-04	1.44E-05
4:Del:M:3	3.21E-05	3.65E-05	5.05E-05	1.30E-05	5.39E-05	8.09E-06
5:Del:M:1	3.06E-04	3.00E-04	4.56E-04	5.29E-05	4.67E-04	6.55E-05
5:Del:M:2	1.53E-04	1.78E-04	2.73E-04	1.69E-05	2.84E-04	4.33E-05
5:Del:M:3	7.29E-05	7.61E-05	1.11E-04	1.50E-05	1.22E-04	1.74E-05
5:Del:M:4	2.73E-05	2.33E-05	3.99E-05	1.69E-06	3.88E-05	4.97E-06
5:Del:M:5	2.35E-05	2.38E-05	3.31E-05	7.27E-06	3.91E-05	8.23E-06
