Iteration	L1	L1 %	L2	L2 %	KL Divergence
1	2235.786	70.738	502.54	69.754	0.542
2	2224.936	71.034	501.721	70.165	0.542
3	2229.607	70.358	500.623	69.203	0.527
4	2217.836	71.183	498.934	69.931	0.549
5	2230.758	70.696	503.411	69.984	0.555
6	2225.626	71.615	501.099	70.136	0.547
7	2223.221	70.6	500.162	69.538	0.547
8	2226.236	71.006	501.493	69.502	0.55
9	2222.549	70.887	499.457	69.206	0.537
10	2224.435	70.611	500.746	70.097	0.544
11	2210.619	70.573	498.364	69.694	0.53
12	2210.721	70.846	500.0	69.376	0.562
13	2224.405	71.401	499.794	69.723	0.546
14	2214.828	70.308	501.306	69.701	0.546
15	2229.853	71.301	503.098	69.553	0.562
16	2226.164	71.116	503.778	69.742	0.545
17	2227.733	70.65	503.802	69.507	0.534
18	2226.493	71.287	503.025	70.461	0.551
19	2232.811	70.959	502.265	69.632	0.553
20	2219.97	71.765	504.13	69.89	0.57
21	2232.134	72.003	503.041	70.309	0.576
22	2234.606	71.256	502.414	69.655	0.562
23	2209.847	70.997	496.628	69.46	0.56
24	2219.75	70.782	505.927	70.072	0.548
25	2237.488	70.995	503.551	70.057	0.55
26	2221.484	71.277	500.142	69.819	0.55
27	2210.598	70.618	496.827	69.712	0.539
28	2226.435	71.152	500.634	69.781	0.538
29	2226.201	71.133	499.172	69.773	0.556
30	2229.87	70.963	502.331	69.881	0.542
31	2237.972	72.063	501.676	70.277	0.558
32	2239.128	70.63	505.103	69.632	0.532
33	2215.761	71.538	499.041	69.914	0.538
34	2237.292	71.571	504.089	69.633	0.555
35	2222.191	71.062	501.48	69.882	0.55
36	2215.46	71.08	499.858	69.975	0.558
37	2228.499	70.179	499.886	69.524	0.533
38	2224.55	71.529	502.026	70.288	0.542
39	2217.396	71.084	500.765	69.818	0.56
40	2221.47	71.01	502.403	69.895	0.552
41	2248.071	72.224	506.183	70.488	0.571
42	2211.379	71.14	496.328	69.66	0.546
43	2218.183	70.791	498.724	69.67	0.553
44	2230.548	70.762	505.01	69.553	0.537
45	2210.355	70.871	497.432	69.674	0.54
46	2217.664	70.645	501.145	69.232	0.532
47	2239.608	70.671	504.479	69.943	0.54
48	2232.5	71.692	501.385	70.031	0.562
49	2215.624	70.756	500.175	69.617	0.546
50	2226.746	71.569	502.831	70.149	0.548
51	2225.519	70.831	503.275	69.858	0.544
52	2228.51	70.866	501.159	70.036	0.535
53	2231.651	70.787	503.489	69.155	0.533
54	2220.223	70.574	497.07	69.332	0.54
55	2220.817	70.725	500.43	70.078	0.54
56	2209.017	70.301	503.608	69.816	0.548
57	2227.763	70.469	502.887	69.471	0.545
58	2228.38	71.362	501.804	69.796	0.55
59	2219.666	70.681	501.133	69.349	0.538
60	2225.843	71.782	501.37	69.987	0.569
61	2233.165	70.744	502.73	69.814	0.529
62	2227.79	71.078	505.55	69.846	0.54
63	2222.036	71.099	503.971	69.646	0.543
64	2229.981	69.957	502.761	69.188	0.518
65	2231.302	71.368	500.492	69.962	0.555
66	2222.68	71.801	501.985	70.046	0.56
67	2218.427	71.355	504.086	70.277	0.561
68	2212.007	70.976	502.84	70.153	0.544
69	2216.046	71.34	500.623	69.768	0.559
70	2212.956	70.777	500.619	69.851	0.546
71	2232.369	71.915	499.833	69.947	0.551
72	2227.145	71.015	498.32	69.858	0.55
73	2221.953	71.385	499.129	69.688	0.552
74	2228.775	70.57	499.706	69.107	0.547
75	2220.615	70.955	498.762	69.946	0.543
76	2219.065	69.936	501.799	69.029	0.521
77	2232.432	70.452	502.31	69.664	0.529
78	2213.289	71.414	498.917	69.601	0.561
79	2229.373	71.591	502.209	70.191	0.553
80	2220.799	71.401	498.967	69.58	0.548
81	2231.342	70.997	503.433	69.796	0.554
82	2234.313	71.613	503.449	69.983	0.562
83	2224.187	71.027	503.736	70.287	0.556
84	2225.003	71.257	498.679	69.778	0.55
85	2229.615	71.386	501.822	69.444	0.56
86	2205.068	70.9	498.145	69.297	0.561
87	2230.918	71.134	503.49	69.728	0.55
88	2217.083	70.307	498.255	69.38	0.538
89	2234.902	71.127	506.147	70.182	0.547
90	2234.017	71.356	504.241	70.182	0.554
91	2233.963	70.694	503.303	69.67	0.547
92	2228.702	70.805	504.156	69.813	0.563
93	2220.147	70.805	500.465	69.093	0.538
94	2234.566	70.655	504.702	69.978	0.538
95	2217.055	71.426	501.579	70.034	0.549
96	2206.122	70.179	495.878	69.318	0.541
97	2226.706	70.828	505.591	69.876	0.553
98	2224.313	70.795	499.13	69.761	0.538
99	2227.04	71.724	499.855	70.164	0.565
100	2224.662	71.438	503.217	70.183	0.558
101	2214.908	70.668	499.351	69.549	0.55
102	2213.651	70.564	499.227	69.498	0.53
103	2224.353	70.966	501.864	69.744	0.543
104	2235.431	70.682	501.525	69.586	0.537
105	2210.886	70.804	498.103	69.588	0.556
106	2229.64	69.831	500.18	68.926	0.532
107	2225.925	70.767	504.466	69.775	0.533
108	2226.572	71.237	503.285	70.001	0.555
109	2214.621	69.725	501.633	69.232	0.525
110	2226.6	70.886	499.874	69.481	0.546
111	2226.611	71.111	502.874	70.006	0.554
112	2209.635	70.851	499.577	69.512	0.562
113	2211.687	70.802	498.503	69.287	0.545
114	2226.445	71.35	503.674	70.063	0.556
115	2219.682	70.531	499.651	69.115	0.539
116	2222.41	70.36	498.887	69.347	0.534
117	2229.932	70.638	499.521	69.713	0.548
118	2232.865	70.828	501.829	69.537	0.544
119	2218.705	70.545	499.214	69.454	0.55
120	2221.406	70.888	501.073	69.515	0.531
121	2241.24	71.286	503.069	70.126	0.556
122	2233.176	70.227	504.833	69.673	0.537
123	2231.952	71.234	504.093	70.303	0.546
124	2224.171	71.093	500.449	69.435	0.528
125	2229.332	71.065	502.495	69.889	0.539
126	2236.725	71.396	505.308	70.366	0.552
127	2216.916	71.372	499.612	69.97	0.55
128	2222.836	70.623	500.989	69.831	0.536
129	2210.112	70.889	495.164	68.972	0.544
130	2217.948	70.648	499.946	69.447	0.557
131	2219.091	70.584	500.884	69.637	0.539
132	2220.755	71.399	498.159	69.823	0.562
133	2228.997	70.31	503.359	70.186	0.528
134	2231.113	70.603	502.839	69.35	0.539
135	2218.165	70.571	500.851	69.775	0.529
136	2212.368	70.655	497.764	69.724	0.532
137	2223.979	71.246	501.053	69.799	0.558
138	2223.13	71.244	502.026	69.49	0.549
139	2225.186	71.13	503.922	70.265	0.538
140	2218.003	70.149	501.209	69.089	0.527
141	2233.177	71.363	506.859	70.262	0.555
142	2230.642	70.3	504.112	69.661	0.529
143	2213.051	71.518	499.864	70.197	0.559
144	2232.054	70.865	502.11	69.705	0.546
145	2226.712	71.751	505.627	70.376	0.562
146	2212.858	70.86	500.328	69.514	0.546
147	2222.126	70.919	500.334	69.675	0.552
148	2219.13	70.742	499.065	69.581	0.535
149	2227.751	70.896	502.569	69.471	0.548
150	2227.238	70.788	506.054	70.001	0.552
151	2218.228	70.397	502.02	69.862	0.53
152	2225.912	70.151	501.653	69.396	0.539
153	2229.86	70.309	502.863	69.417	0.526
154	2231.86	71.452	501.71	70.1	0.554
155	2225.888	70.629	504.476	69.813	0.532
156	2222.471	70.817	503.202	69.867	0.532
157	2223.577	70.818	503.942	69.673	0.553
158	2228.578	71.166	501.491	69.578	0.541
159	2226.767	70.623	499.869	69.683	0.541
160	2229.937	71.301	501.377	69.733	0.541
161	2226.222	70.938	503.771	69.888	0.537
162	2224.071	70.573	498.93	68.921	0.537
163	2217.865	70.68	497.311	69.127	0.537
164	2211.911	71.122	498.602	69.619	0.557
165	2216.365	70.832	498.113	69.417	0.552
166	2217.854	71.133	500.829	69.815	0.551
167	2220.554	71.527	501.139	70.18	0.548
168	2216.532	70.528	498.666	69.161	0.545
169	2218.615	70.701	499.445	69.463	0.536
170	2224.76	70.363	501.647	69.384	0.542
171	2217.322	71.146	499.469	69.795	0.547
172	2221.229	70.316	503.157	69.164	0.538
173	2229.442	70.767	502.957	69.611	0.545
174	2225.587	71.247	507.072	70.382	0.539
175	2210.495	70.831	499.998	69.396	0.543
176	2232.523	71.831	500.735	69.881	0.571
177	2230.814	70.766	501.021	69.356	0.53
178	2214.061	70.531	501.479	69.795	0.541
179	2228.088	71.227	503.954	70.273	0.554
180	2233.874	70.826	500.742	69.434	0.537
181	2230.776	70.584	504.758	70.024	0.54
182	2228.119	71.163	502.757	69.601	0.551
183	2238.041	71.217	501.761	69.707	0.542
184	2221.61	70.367	500.961	69.7	0.527
185	2224.621	71.343	505.433	70.112	0.545
186	2233.186	70.892	503.098	69.93	0.533
187	2228.022	70.881	503.186	69.98	0.552
188	2229.131	71.114	502.806	69.98	0.545
189	2240.002	70.999	502.453	69.993	0.539
190	2217.433	71.183	500.198	70.129	0.549
191	2220.345	70.753	501.356	69.667	0.537
192	2231.954	71.362	502.811	69.894	0.548
193	2220.117	70.956	498.401	69.564	0.536
194	2226.444	71.003	502.522	69.614	0.552
195	2226.561	71.484	501.722	70.346	0.548
196	2217.938	71.36	498.793	69.709	0.557
197	2224.146	71.576	499.312	69.875	0.56
198	2222.374	70.398	502.518	69.799	0.536
199	2217.853	70.812	496.771	69.508	0.542
200	2225.952	70.529	503.916	69.677	0.546
201	2219.32	70.72	500.974	69.544	0.527
202	2227.758	70.664	499.577	69.571	0.532
203	2219.198	70.791	499.176	69.688	0.551
204	2233.932	70.719	505.6	69.674	0.541
205	2211.814	70.253	500.085	69.465	0.536
206	2220.582	72.06	498.329	69.962	0.571
207	2213.882	70.933	498.04	69.586	0.551
208	2230.111	70.94	501.882	69.677	0.537
209	2228.892	70.505	501.246	69.55	0.537
210	2209.008	70.854	499.092	69.621	0.546
211	2226.377	71.278	503.499	69.734	0.558
212	2216.611	71.233	497.457	69.876	0.547
213	2224.756	71.075	500.932	69.928	0.539
214	2231.008	70.89	500.706	69.581	0.544
215	2212.723	71.334	499.259	69.539	0.548
216	2223.712	70.185	501.648	69.855	0.529
217	2225.942	69.481	503.481	68.972	0.521
218	2228.867	71.428	502.6	70.074	0.553
219	2221.722	71.216	499.965	69.779	0.55
220	2225.824	71.461	504.859	70.099	0.553
221	2217.882	70.627	499.704	69.576	0.539
222	2217.464	71.448	500.107	69.859	0.565
223	2217.266	70.844	501.24	69.721	0.541
224	2236.575	71.355	505.378	69.918	0.547
225	2222.463	70.49	502.816	69.642	0.54
226	2230.176	71.58	498.873	69.874	0.56
227	2217.11	71.036	500.356	69.922	0.555
228	2216.487	70.747	500.502	69.761	0.547
229	2220.275	70.837	502.125	69.596	0.54
230	2223.721	70.434	503.986	69.556	0.538
231	2220.28	70.885	503.604	69.765	0.543
232	2219.202	70.528	499.854	69.639	0.544
233	2220.925	70.585	499.662	69.642	0.537
234	2220.573	71.002	500.49	69.47	0.547
235	2237.233	70.898	502.967	69.457	0.541
236	2223.792	71.328	500.148	69.71	0.554
237	2215.836	71.353	498.691	69.894	0.55
238	2241.248	71.637	503.495	70.237	0.554
239	2219.054	70.332	500.963	69.431	0.538
240	2231.445	70.823	504.235	70.151	0.541
241	2234.889	71.203	503.48	70.537	0.554
242	2222.781	71.356	501.955	70.358	0.556
243	2224.029	70.501	502.326	69.655	0.544
244	2209.87	70.981	497.572	69.806	0.548
245	2229.214	71.24	504.625	70.112	0.551
246	2219.301	71.424	502.011	70.005	0.566
247	2225.33	70.962	500.712	69.776	0.554
248	2222.22	70.676	501.684	70.017	0.536
249	2208.465	71.147	501.28	69.639	0.549
250	2231.8	70.758	501.238	69.649	0.537
251	2222.968	70.765	502.007	69.616	0.538
252	2220.79	71.045	501.243	69.464	0.544
253	2218.228	71.818	500.369	70.096	0.561
254	2223.417	70.796	499.789	69.938	0.554
255	2229.921	70.112	504.133	69.266	0.532
256	2234.56	70.679	503.838	70.155	0.536
257	2225.91	71.322	503.789	69.741	0.543
258	2229.67	71.586	504.444	70.186	0.564
259	2227.328	70.813	503.35	69.656	0.542
260	2215.323	70.507	498.556	69.547	0.547
261	2209.601	70.229	501.47	69.583	0.535
262	2230.651	71.164	502.363	70.089	0.555
263	2230.386	71.11	500.822	69.637	0.547
264	2220.019	70.387	498.605	69.143	0.528
265	2234.409	71.114	501.048	69.505	0.549
266	2229.67	71.42	503.65	70.019	0.561
267	2228.287	71.525	502.289	69.709	0.559
268	2233.102	70.17	504.055	69.306	0.53
269	2224.465	70.847	501.474	69.531	0.543
270	2214.455	70.204	499.498	69.351	0.528
271	2233.638	71.484	503.541	70.088	0.544
272	2218.861	70.355	498.585	69.026	0.534
273	2235.02	70.831	502.929	69.778	0.544
274	2214.018	70.754	500.515	68.964	0.54
275	2221.615	70.78	503.741	70.069	0.548
276	2216.198	70.804	500.287	69.398	0.543
277	2216.833	71.435	502.212	69.598	0.566
278	2222.609	70.788	498.593	69.109	0.547
279	2218.235	71.014	502.201	69.761	0.55
280	2221.275	70.569	501.254	69.527	0.534
281	2218.699	70.12	499.384	68.991	0.532
282	2217.16	70.975	501.053	69.976	0.538
283	2231.238	71.193	504.334	69.985	0.552
284	2241.875	71.397	506.107	69.994	0.535
285	2219.24	70.471	500.043	69.433	0.535
286	2223.084	70.321	501.412	69.621	0.531
287	2227.499	70.367	501.727	69.739	0.528
288	2222.044	70.699	499.595	69.229	0.539
289	2223.514	71.909	501.429	70.245	0.563
290	2218.479	70.505	504.202	69.471	0.54
291	2219.556	71.03	498.928	69.557	0.552
292	2222.511	71.215	499.911	69.937	0.549
293	2227.754	71.334	501.962	69.577	0.546
294	2217.278	71.102	498.038	69.692	0.554
295	2228.054	71.451	503.348	69.971	0.55
296	2223.256	71.018	500.805	69.825	0.534
297	2231.293	70.789	499.16	69.72	0.543
298	2223.066	70.794	499.201	69.656	0.543
299	2227.373	71.139	503.883	69.994	0.553
300	2217.973	71.591	502.443	70.246	0.55
301	2213.373	70.399	500.796	68.993	0.526
302	2221.753	70.124	500.404	69.607	0.523
303	2226.29	70.965	502.986	69.465	0.551
304	2220.062	71.468	499.129	69.783	0.553
305	2223.809	70.857	502.295	70.049	0.535
306	2238.366	71.138	502.241	69.761	0.539
307	2213.746	70.884	500.223	69.601	0.553
308	2228.143	70.699	499.378	69.315	0.55
309	2217.886	70.487	501.639	69.438	0.526
310	2232.394	71.474	504.209	70.064	0.539
311	2225.614	71.391	503.2	69.864	0.559
312	2230.229	71.341	502.764	70.052	0.567
313	2219.308	70.644	497.62	68.674	0.551
314	2211.466	70.176	500.825	69.461	0.555
315	2221.608	70.942	503.63	69.627	0.55
316	2228.002	71.054	502.649	69.81	0.544
317	2234.154	70.903	504.474	69.86	0.543
318	2223.732	70.474	503.01	69.819	0.536
319	2236.586	70.615	502.801	69.643	0.539
320	2232.652	70.665	502.893	69.627	0.541
321	2214.644	70.668	500.221	69.401	0.538
322	2225.075	70.944	502.871	70.143	0.537
323	2221.16	70.286	503.747	70.208	0.529
324	2231.646	71.279	504.197	70.198	0.55
325	2228.213	70.858	501.853	69.877	0.561
326	2214.137	70.995	500.439	69.591	0.553
327	2220.061	70.462	500.47	69.685	0.531
328	2219.932	70.81	502.185	70.026	0.539
329	2220.293	70.983	497.748	69.263	0.546
330	2224.782	71.242	498.99	69.781	0.547
331	2227.539	71.103	503.946	69.789	0.535
332	2228.484	70.757	498.817	69.23	0.543
333	2226.073	70.686	501.543	69.563	0.534
334	2213.334	69.837	499.998	69.015	0.523
335	2225.602	70.747	503.066	69.845	0.533
336	2230.586	70.762	502.222	69.494	0.532
337	2216.286	71.993	503.45	70.265	0.57
338	2216.373	71.483	500.74	70.104	0.552
339	2224.478	70.984	503.133	69.933	0.541
340	2220.666	70.577	498.852	69.12	0.539
341	2235.613	71.866	502.043	70.156	0.57
342	2220.391	70.903	501.874	69.917	0.54
343	2218.288	71.349	500.773	69.874	0.561
344	2218.963	70.591	500.08	69.292	0.535
345	2223.738	71.683	504.361	70.741	0.55
346	2231.535	71.607	502.69	69.922	0.565
347	2225.89	70.998	499.992	70.059	0.538
348	2224.018	71.069	500.278	69.714	0.55
349	2226.142	71.464	502.826	70.331	0.552
350	2235.098	71.889	503.981	70.203	0.559
351	2221.391	70.803	501.998	69.538	0.546
352	2211.937	71.279	501.616	69.579	0.544
353	2233.943	71.293	504.63	70.019	0.546
354	2222.323	71.244	502.686	69.941	0.548
355	2236.253	71.673	503.903	70.304	0.549
356	2233.128	71.379	505.108	70.057	0.568
357	2240.048	71.109	505.668	70.186	0.564
358	2229.737	71.425	504.919	70.368	0.549
359	2214.863	70.948	499.77	69.45	0.552
360	2216.941	70.676	500.64	69.64	0.537
361	2223.129	70.062	501.478	69.514	0.528
362	2217.053	70.773	498.517	69.289	0.54
363	2227.287	70.89	502.461	70.189	0.542
364	2229.582	71.29	505.476	70.498	0.538
365	2230.89	71.367	501.641	69.907	0.547
366	2227.626	70.839	502.569	70.152	0.541
367	2232.763	71.666	501.623	70.29	0.566
368	2222.966	71.344	501.912	70.181	0.553
369	2228.595	70.81	501.406	69.687	0.536
370	2205.048	70.348	496.644	69.326	0.535
371	2229.72	70.969	502.678	69.58	0.541
372	2221.473	71.245	502.077	69.99	0.552
373	2227.06	71.394	502.572	70.155	0.552
374	2219.71	70.644	499.632	69.515	0.533
375	2223.796	71.638	500.645	70.028	0.564
376	2220.272	70.871	500.791	69.899	0.536
377	2218.583	70.35	498.428	69.244	0.525
378	2232.674	71.133	503.119	69.731	0.544
379	2224.256	71.069	505.378	70.178	0.528
380	2223.866	70.576	501.11	69.473	0.538
381	2233.027	70.843	504.899	69.911	0.555
382	2223.513	70.968	501.396	69.627	0.542
383	2234.608	71.193	501.9	69.984	0.561
384	2215.087	70.729	501.798	69.789	0.542
385	2221.702	71.714	503.843	70.44	0.569
386	2223.668	71.13	499.739	69.533	0.561
387	2202.702	70.358	498.271	69.096	0.537
388	2227.947	70.439	503.398	69.226	0.525
389	2229.192	70.736	504.795	70.144	0.541
390	2217.088	70.981	501.661	69.634	0.532
391	2229.338	71.206	504.464	69.705	0.534
392	2230.978	71.126	502.378	70.299	0.546
393	2226.341	71.377	502.384	69.773	0.552
394	2228.036	70.72	500.168	69.505	0.532
395	2221.408	70.128	499.47	69.509	0.519
396	2210.147	71.142	498.425	69.785	0.551
397	2218.053	70.629	498.773	69.154	0.545
398	2207.122	70.438	499.742	69.715	0.544
399	2221.032	71.328	498.884	69.608	0.551
400	2230.56	70.989	504.414	69.305	0.547
401	2230.998	70.667	502.539	69.125	0.536
402	2227.224	71.041	503.396	70.227	0.556
403	2229.419	70.636	502.247	70.038	0.531
404	2221.65	70.576	501.289	69.463	0.542
405	2214.779	71.055	497.606	70.04	0.535
406	2229.366	70.704	500.043	69.696	0.54
407	2238.081	70.461	503.709	69.755	0.546
408	2221.394	71.764	500.932	70.121	0.554
409	2235.284	71.457	503.737	70.029	0.554
410	2224.428	70.948	501.517	70.04	0.548
411	2234.075	70.79	505.287	69.603	0.531
412	2233.313	71.528	502.264	69.997	0.547
413	2239.928	71.697	508.194	70.156	0.557
414	2226.441	70.378	503.271	69.296	0.538
415	2225.451	71.086	503.698	69.604	0.546
416	2236.328	71.329	503.633	70.069	0.544
417	2233.185	71.451	502.17	69.957	0.547
418	2228.734	71.055	503.741	69.779	0.541
419	2238.873	70.451	505.307	70.217	0.532
420	2235.587	71.251	503.512	70.135	0.542
421	2233.013	70.963	501.712	70.05	0.541
422	2217.984	70.935	497.988	69.691	0.556
423	2212.477	71.357	497.933	69.892	0.554
424	2227.568	71.335	501.357	70.142	0.558
425	2229.628	70.994	503.667	69.832	0.542
426	2243.308	70.966	505.058	69.673	0.548
427	2219.313	70.806	500.086	69.46	0.549
428	2202.081	70.059	499.025	69.456	0.531
429	2214.441	70.527	504.198	69.866	0.528
430	2224.044	71.545	503.51	69.976	0.557
431	2227.331	70.862	501.481	69.894	0.553
432	2233.982	70.759	507.496	70.125	0.537
433	2236.526	70.978	500.801	69.249	0.546
434	2214.242	70.894	500.542	69.596	0.541
435	2225.948	70.752	504.744	69.71	0.549
436	2236.036	71.607	502.732	70.259	0.56
437	2211.429	71.353	501.067	70.046	0.552
438	2228.729	70.597	501.316	69.17	0.529
439	2219.744	70.73	500.958	69.824	0.536
440	2215.479	70.342	498.714	69.346	0.54
441	2218.598	70.254	499.75	69.859	0.529
442	2221.64	70.596	499.773	69.357	0.542
443	2224.18	70.545	501.332	69.027	0.533
444	2218.256	70.802	500.206	69.485	0.545
445	2229.683	71.828	501.888	69.816	0.548
446	2215.471	70.985	497.794	69.337	0.544
447	2234.499	71.601	504.067	70.017	0.551
448	2232.285	70.972	504.235	69.649	0.541
449	2229.416	71.711	501.335	70.428	0.557
450	2237.572	70.588	503.476	69.706	0.537
451	2219.59	70.511	505.025	69.716	0.537
452	2228.626	70.828	503.156	69.49	0.549
453	2233.458	70.599	501.65	69.55	0.532
454	2219.496	71.602	500.418	69.624	0.565
455	2242.206	70.804	504.057	69.245	0.537
456	2207.986	71.413	496.684	69.887	0.558
457	2220.915	70.8	501.716	69.582	0.544
458	2219.195	70.551	499.668	70.113	0.542
459	2220.862	70.736	499.28	69.809	0.535
460	2233.55	71.12	503.613	69.93	0.54
461	2226.253	71.72	498.742	69.856	0.558
462	2223.979	71.504	502.273	69.66	0.559
463	2226.264	71.008	499.07	69.907	0.538
464	2228.117	71.232	501.701	70.07	0.551
465	2221.637	70.308	503.126	69.381	0.542
466	2231.825	71.03	502.242	69.674	0.553
467	2223.981	71.133	501.22	69.716	0.552
468	2212.502	71.372	498.907	70.067	0.546
469	2238.993	71.901	504.097	70.122	0.551
470	2228.411	71.184	500.529	70.274	0.537
471	2218.988	71.175	500.614	69.863	0.549
472	2235.284	71.642	504.708	70.473	0.563
473	2234.49	70.725	504.347	69.83	0.534
474	2222.835	71.31	501.48	70.316	0.545
475	2219.266	70.359	499.592	68.995	0.532
476	2223.426	71.155	501.101	69.721	0.564
477	2220.056	70.256	497.532	69.071	0.529
478	2224.507	71.097	502.14	70.191	0.556
479	2221.106	69.828	502.338	68.955	0.54
480	2222.446	70.946	500.972	69.39	0.566
481	2230.155	70.792	504.577	69.67	0.542
482	2215.931	71.017	500.903	69.698	0.552
483	2225.688	70.927	502.439	69.568	0.537
484	2229.208	70.56	503.606	69.346	0.534
485	2223.598	70.477	503.468	69.751	0.53
486	2227.323	70.424	504.561	69.634	0.545
487	2233.179	71.694	504.025	70.381	0.564
488	2217.279	70.214	499.502	69.484	0.52
489	2223.994	71.385	500.594	69.624	0.556
490	2216.297	71.284	495.529	69.838	0.554
491	2223.671	70.711	501.695	69.405	0.547
492	2225.047	70.732	502.697	69.774	0.532
493	2223.843	70.64	502.426	69.751	0.539
494	2220.165	71.785	500.831	70.129	0.566
495	2228.006	70.906	502.239	69.863	0.549
496	2222.815	70.737	503.742	69.921	0.542
497	2223.974	71.435	502.633	70.013	0.555
498	2220.736	70.393	496.661	69.255	0.533
499	2233.91	71.509	505.768	70.206	0.549
500	2236.154	71.675	502.82	70.326	0.564
501	2226.653	70.997	502.797	69.732	0.547
502	2232.782	71.91	501.532	70.357	0.567
503	2233.319	71.308	501.268	70.239	0.55
504	2214.575	71.036	500.78	69.627	0.548
505	2228.277	71.12	503.872	69.572	0.537
506	2234.741	71.47	500.67	70.056	0.559
507	2233.682	70.416	501.987	69.377	0.533
508	2227.385	70.878	500.104	69.294	0.543
509	2209.91	71.032	499.993	69.775	0.536
510	2229.94	71.548	500.879	70.191	0.546
511	2231.279	71.071	505.219	69.858	0.546
512	2234.705	70.958	504.029	69.837	0.542
513	2225.97	71.584	501.417	70.029	0.553
514	2229.701	71.432	505.749	69.907	0.556
515	2230.142	71.671	501.31	69.781	0.568
516	2208.956	70.414	498.753	69.234	0.56
517	2217.454	70.298	499.687	69.209	0.53
518	2221.732	70.936	502.563	69.845	0.554
519	2231.753	71.373	500.828	69.628	0.549
520	2230.849	71.923	502.193	70.532	0.558
521	2225.305	70.83	500.99	69.759	0.541
522	2225.125	70.906	501.721	69.624	0.55
523	2231.526	70.611	504.96	69.597	0.548
524	2216.141	70.336	500.032	69.588	0.537
525	2233.961	70.46	505.157	69.859	0.543
526	2230.192	70.89	504.231	70.263	0.545
527	2219.419	71.634	500.064	69.904	0.56
528	2232.306	71.839	500.184	69.988	0.555
529	2232.446	71.044	502.554	69.968	0.548
530	2230.871	70.834	501.039	69.654	0.534
531	2221.49	71.727	500.624	70.048	0.556
532	2221.642	70.384	504.66	69.746	0.531
533	2228.429	70.532	503.257	69.583	0.53
534	2228.978	71.67	500.934	70.254	0.56
535	2227.922	70.723	503.851	69.704	0.542
536	2228.26	71.556	501.803	70.318	0.547
537	2224.449	70.843	504.378	69.9	0.538
538	2215.293	70.86	497.129	69.652	0.536
539	2238.041	71.591	505.045	69.98	0.567
540	2220.949	70.864	500.437	69.959	0.553
541	2217.278	71.175	500.164	69.649	0.547
542	2224.812	70.805	501.518	69.57	0.557
543	2217.579	70.141	498.711	69.187	0.556
544	2213.985	70.382	498.257	68.999	0.538
545	2223.005	71.02	501.681	69.905	0.544
546	2211.65	71.26	501.823	69.704	0.554
547	2220.298	70.562	501.715	69.526	0.545
548	2223.863	71.898	502.203	69.816	0.56
549	2215.442	71.057	499.592	69.834	0.549
550	2232.018	70.967	502.015	69.958	0.558
551	2238.257	71.107	504.382	70.483	0.54
552	2214.933	70.42	501.104	69.374	0.549
553	2233.438	70.952	503.057	69.926	0.545
554	2214.535	69.84	501.981	68.668	0.53
555	2223.92	70.499	498.408	69.296	0.54
556	2235.426	70.463	503.071	69.348	0.531
557	2226.926	70.262	502.416	69.479	0.531
558	2217.915	71.395	502.257	70.193	0.566
559	2234.728	71.198	504.151	69.876	0.551
560	2227.837	70.366	504.787	69.798	0.544
561	2231.785	70.945	502.739	70.025	0.554
562	2223.236	70.97	503.654	69.529	0.54
563	2216.976	71.105	501.002	69.68	0.549
564	2223.531	71.079	502.815	69.91	0.541
565	2230.278	71.6	503.331	69.965	0.556
566	2215.536	70.396	501.402	69.633	0.538
567	2228.08	70.729	502.544	69.556	0.541
568	2219.012	71.085	502.706	69.833	0.544
569	2226.55	71.705	501.648	70.001	0.552
570	2221.839	70.488	503.903	69.587	0.551
571	2217.593	71.059	497.84	69.33	0.554
572	2226.47	70.478	501.823	69.442	0.526
573	2213.568	71.14	498.147	69.935	0.547
574	2212.345	70.189	501.233	69.604	0.536
575	2222.179	70.764	498.162	69.655	0.527
576	2216.446	70.599	501.464	69.21	0.528
577	2233.877	70.515	504.004	69.075	0.539
578	2231.334	71.687	502.05	69.932	0.546
579	2215.951	71.391	497.553	69.706	0.55
580	2228.118	70.714	502.403	69.619	0.536
581	2213.387	70.801	500.695	69.765	0.55
582	2230.893	70.854	502.827	69.671	0.547
583	2221.345	70.887	503.709	70.185	0.554
584	2224.531	71.105	500.724	69.146	0.553
585	2226.529	71.842	503.224	70.559	0.569
586	2231.304	71.435	501.226	69.862	0.559
587	2228.342	71.821	500.45	70.246	0.559
588	2221.721	70.239	501.991	69.3	0.519
589	2236.033	70.901	503.467	69.468	0.546
590	2225.684	70.487	503.418	69.592	0.545
591	2239.41	70.953	506.373	69.593	0.547
592	2230.623	71.228	502.398	69.929	0.559
593	2225.172	71.151	500.086	69.75	0.546
594	2238.767	71.456	501.229	69.476	0.548
595	2224.883	70.392	501.693	69.723	0.529
596	2223.292	70.966	501.628	69.814	0.551
597	2227.418	71.978	501.366	70.261	0.557
598	2222.838	70.345	502.325	69.598	0.538
599	2239.74	71.186	505.839	70.557	0.539
600	2223.877	70.494	497.308	68.756	0.535
601	2227.261	70.673	502.703	69.648	0.55
602	2224.497	71.074	500.834	70.335	0.542
603	2236.102	70.937	504.274	70.005	0.541
604	2230.58	71.433	505.991	70.17	0.562
605	2214.219	70.786	501.128	69.444	0.546
606	2221.047	70.215	501.597	69.781	0.532
607	2239.85	71.957	503.942	70.303	0.552
608	2218.117	70.805	499.288	69.612	0.538
609	2223.579	70.796	497.337	69.643	0.535
610	2222.179	70.675	504.52	69.763	0.535
611	2224.777	70.091	503.776	68.953	0.522
612	2227.293	71.042	504.173	70.316	0.546
613	2233.166	70.524	501.426	69.342	0.542
614	2240.136	70.19	502.816	69.589	0.519
615	2213.353	71.331	501.181	69.805	0.56
616	2215.642	70.499	501.218	69.569	0.537
617	2217.228	71.18	501.169	69.836	0.535
618	2244.05	71.668	503.563	69.822	0.55
619	2223.306	70.867	501.291	70.246	0.534
620	2216.197	70.278	499.085	69.299	0.527
621	2226.303	71.069	501.454	69.654	0.55
622	2226.692	71.309	503.073	69.54	0.546
623	2232.215	71.417	501.178	69.693	0.544
624	2222.011	70.806	500.8	70.072	0.545
625	2221.857	70.874	500.672	69.294	0.545
626	2224.549	70.784	501.97	69.425	0.543
627	2230.244	71.607	505.447	70.483	0.559
628	2217.727	70.89	497.643	69.491	0.543
629	2226.232	71.244	500.967	69.961	0.544
630	2221.944	71.165	503.297	70.326	0.554
631	2225.043	69.889	504.163	69.512	0.529
632	2218.937	70.475	502.728	69.529	0.547
633	2231.452	70.539	500.184	69.707	0.529
634	2220.032	70.654	502.342	69.372	0.536
635	2237.515	70.954	503.017	69.752	0.532
636	2224.226	70.881	497.341	69.46	0.537
637	2228.258	71.344	501.468	69.904	0.558
638	2226.218	70.997	502.705	70.005	0.554
639	2221.828	71.452	498.691	69.878	0.55
640	2223.046	70.979	502.826	70.183	0.54
641	2218.264	71.809	500.828	70.698	0.564
642	2219.63	70.351	501.447	69.575	0.541
643	2234.302	71.593	503.791	70.276	0.555
644	2223.62	70.05	496.697	68.998	0.514
645	2218.513	70.805	500.581	69.336	0.544
646	2223.125	70.925	500.419	69.502	0.543
647	2243.787	72.579	504.685	70.395	0.582
648	2218.477	70.947	500.598	69.932	0.545
649	2225.525	71.319	499.523	69.957	0.554
650	2209.059	70.982	499.953	69.589	0.548
651	2222.247	71.445	499.659	70.063	0.558
652	2219.742	70.4	499.84	69.803	0.543
653	2220.68	71.464	498.528	69.628	0.542
654	2201.941	70.273	500.78	69.72	0.537
655	2233.703	70.786	501.927	69.738	0.546
656	2217.081	70.26	497.874	69.411	0.539
657	2224.39	70.662	501.991	69.684	0.539
658	2229.612	71.017	501.75	69.258	0.537
659	2233.976	70.953	505.017	70.128	0.534
660	2227.939	70.262	500.3	69.151	0.539
661	2222.605	71.525	500.016	70.131	0.557
662	2232.524	71.976	506.642	70.083	0.563
663	2219.854	71.134	498.962	69.514	0.543
664	2232.728	71.369	504.252	69.87	0.552
665	2233.733	71.903	501.92	70.256	0.563
666	2229.843	71.037	502.75	70.241	0.544
667	2231.962	71.105	502.79	69.818	0.539
668	2227.147	70.874	502.357	69.662	0.542
669	2225.215	71.033	499.061	69.495	0.559
670	2212.581	70.519	498.225	69.639	0.547
671	2219.968	71.802	505.718	70.576	0.562
672	2227.012	71.271	501.512	69.918	0.553
673	2225.114	71.195	503.575	69.779	0.561
674	2221.056	71.332	499.375	69.805	0.554
675	2234.685	71.465	502.832	70.393	0.551
676	2222.16	71.027	501.272	70.089	0.546
677	2220.723	71.095	501.239	69.717	0.554
678	2228.913	71.565	501.742	70.155	0.56
679	2231.132	70.256	502.667	69.229	0.542
680	2227.596	71.542	502.007	70.33	0.564
681	2226.391	70.36	502.627	69.21	0.535
682	2214.24	70.518	500.283	69.437	0.539
683	2230.632	70.685	502.249	69.677	0.544
684	2219.423	71.039	498.931	69.931	0.56
685	2221.676	70.646	499.732	69.957	0.556
686	2224.764	70.93	500.828	70.277	0.55
687	2219.349	70.751	499.052	69.016	0.546
688	2225.854	71.145	498.088	69.429	0.558
689	2218.102	70.406	500.735	69.033	0.53
690	2227.22	71.328	505.581	70.347	0.551
691	2238.77	71.29	506.482	70.635	0.553
692	2222.868	71.505	499.266	69.923	0.546
693	2221.394	70.314	501.279	68.857	0.533
694	2229.873	71.197	502.269	70.033	0.545
695	2200.805	70.15	497.342	69.044	0.547
696	2226.439	70.376	502.421	69.378	0.545
697	2219.387	70.181	497.09	68.963	0.552
698	2227.905	71.098	502.924	70.009	0.554
699	2222.456	70.854	501.404	69.823	0.536
700	2226.342	70.577	497.917	69.59	0.53
701	2222.095	70.634	502.531	69.648	0.539
702	2217.951	70.98	499.598	70.309	0.544
703	2235.937	71.853	501.826	70.609	0.557
704	2228.804	70.332	504.621	69.613	0.529
705	2225.578	71.05	499.135	69.68	0.541
706	2213.392	70.716	499.658	69.593	0.527
707	2227.862	70.815	500.298	69.995	0.541
708	2223.798	71.389	502.13	70.005	0.554
709	2216.866	70.507	501.736	69.833	0.528
710	2234.878	71.125	504.756	70.17	0.548
711	2228.787	70.854	502.236	69.585	0.53
712	2228.719	71.92	501.329	70.35	0.559
713	2230.564	70.818	503.006	69.733	0.534
714	2215.141	70.067	499.957	69.24	0.533
715	2236.393	71.439	504.117	70.094	0.561
716	2226.551	71.87	503.999	70.43	0.565
717	2219.82	70.832	499.998	69.619	0.544
718	2231.393	71.003	502.005	70.19	0.545
719	2222.981	70.795	500.998	69.949	0.545
720	2213.442	70.23	501.184	69.631	0.541
721	2224.188	70.763	502.452	69.737	0.538
722	2220.837	70.787	500.05	69.696	0.534
723	2223.563	70.622	498.763	69.632	0.541
724	2223.367	70.848	502.685	69.299	0.549
725	2233.368	71.288	502.682	69.895	0.544
726	2213.122	70.224	500.428	69.533	0.528
727	2225.353	71.144	505.417	70.037	0.55
728	2213.705	70.687	498.384	69.669	0.543
729	2213.924	70.84	499.716	69.55	0.548
730	2232.109	71.341	502.468	70.164	0.542
731	2221.22	71.492	501.823	69.748	0.552
732	2213.239	70.727	500.685	69.582	0.545
733	2218.687	71.05	499.452	69.17	0.546
734	2228.066	70.649	504.49	69.785	0.558
735	2223.439	70.937	501.501	69.485	0.546
736	2237.054	71.737	507.607	70.464	0.555
737	2218.755	71.183	501.692	70.004	0.569
738	2226.225	70.827	502.099	69.886	0.544
739	2231.326	70.788	499.697	69.662	0.534
740	2233.101	70.442	499.166	69.146	0.537
741	2228.411	71.481	506.345	69.931	0.574
742	2213.468	70.485	502.41	69.951	0.526
743	2233.136	70.92	503.478	69.787	0.548
744	2229.651	71.109	499.206	70.106	0.551
745	2212.919	70.024	500.047	69.384	0.519
746	2219.053	71.383	501.757	69.916	0.559
747	2224.009	69.782	500.488	68.909	0.542
748	2216.062	70.043	500.197	69.287	0.544
749	2233.286	71.149	501.813	69.659	0.547
750	2233.124	70.574	502.211	69.506	0.538
751	2223.198	70.453	501.602	69.42	0.532
752	2227.692	71.663	500.311	69.999	0.556
753	2235.074	71.428	505.329	70.451	0.553
754	2236.032	70.956	503.723	69.758	0.543
755	2237.553	72.126	506.145	70.327	0.568
756	2228.579	71.231	501.595	70.082	0.543
757	2217.553	70.51	502.07	69.208	0.536
758	2218.195	70.692	503.382	69.639	0.547
759	2222.104	70.982	499.513	69.488	0.537
760	2236.644	71.489	502.972	70.633	0.551
761	2217.695	70.902	502.239	69.554	0.545
762	2246.511	71.339	504.378	69.697	0.552
763	2224.051	71.14	501.505	69.878	0.546
764	2235.606	71.718	503.338	70.0	0.544
765	2237.341	70.752	504.148	70.202	0.54
766	2223.659	70.5	502.619	69.822	0.534
767	2208.193	71.002	499.888	69.444	0.562
768	2231.603	71.153	502.171	69.923	0.561
769	2237.241	71.441	504.552	70.18	0.556
770	2216.822	71.211	498.199	69.719	0.547
771	2220.016	71.269	500.079	69.884	0.552
772	2240.544	71.001	503.229	69.737	0.543
773	2233.734	70.839	503.577	69.774	0.545
774	2231.375	71.711	503.071	70.431	0.56
775	2225.84	71.761	502.693	70.259	0.56
776	2222.45	70.014	500.276	68.971	0.532
777	2226.625	70.314	501.873	69.299	0.525
778	2227.853	70.778	500.771	69.47	0.541
779	2234.365	70.918	504.3	69.538	0.541
780	2230.288	71.095	502.697	69.804	0.55
781	2214.459	71.459	499.619	69.729	0.556
782	2236.271	71.744	500.386	69.723	0.557
783	2232.573	70.742	505.102	69.572	0.552
784	2223.567	71.041	503.53	70.104	0.555
785	2219.016	71.174	500.971	69.242	0.559
786	2225.588	70.982	502.437	69.864	0.547
787	2233.123	70.715	501.723	69.872	0.55
788	2229.543	71.152	503.069	69.564	0.556
789	2220.433	70.589	502.926	69.849	0.526
790	2244.606	70.897	505.275	69.605	0.539
791	2221.492	70.988	504.378	69.701	0.546
792	2221.43	71.159	501.515	69.82	0.541
793	2230.415	71.505	502.135	69.945	0.55
794	2215.612	70.453	502.638	69.594	0.528
795	2241.676	71.102	506.982	70.225	0.548
796	2220.045	70.779	503.293	69.873	0.549
797	2222.313	71.16	502.808	69.769	0.553
798	2226.042	70.579	501.777	69.067	0.555
799	2216.171	70.347	501.311	69.548	0.54
800	2229.027	70.481	500.123	69.372	0.533
801	2220.904	70.774	500.656	69.862	0.539
802	2227.388	71.185	502.828	69.953	0.55
803	2204.52	70.909	497.747	69.701	0.549
804	2220.065	70.827	497.806	69.549	0.545
805	2226.897	71.853	500.502	70.126	0.557
806	2213.558	70.441	501.434	69.613	0.539
807	2224.633	71.436	500.135	69.548	0.572
808	2214.668	71.04	498.77	69.719	0.544
809	2223.868	70.612	503.291	69.788	0.539
810	2234.468	70.733	502.398	69.524	0.549
811	2225.432	70.581	502.187	69.687	0.534
812	2222.592	70.797	499.79	69.573	0.538
813	2224.497	71.345	502.454	70.214	0.541
814	2224.124	70.792	502.009	69.512	0.535
815	2220.455	71.537	502.319	70.055	0.552
816	2216.881	71.016	498.408	69.694	0.544
817	2231.225	71.388	503.434	70.116	0.554
818	2229.358	70.75	503.542	69.485	0.54
819	2210.356	71.035	500.072	70.156	0.535
820	2216.065	70.234	498.308	69.734	0.541
821	2223.907	71.399	503.738	70.028	0.557
822	2224.571	70.432	500.107	69.218	0.538
823	2233.208	71.231	502.237	69.721	0.547
824	2212.811	70.573	500.922	69.443	0.552
825	2222.182	72.282	504.24	70.968	0.573
826	2214.568	70.9	498.112	69.022	0.55
827	2212.269	70.42	497.009	68.947	0.536
828	2242.044	70.531	506.543	69.753	0.536
829	2232.589	70.769	501.298	69.793	0.54
830	2220.418	71.289	504.253	69.993	0.551
831	2224.754	70.801	502.552	69.663	0.538
832	2221.843	71.34	501.238	70.209	0.556
833	2208.991	71.149	497.39	69.943	0.543
834	2215.506	70.829	501.648	69.367	0.551
835	2220.876	71.08	500.096	69.669	0.546
836	2235.271	71.079	505.571	69.556	0.549
837	2224.488	70.766	499.586	69.827	0.548
838	2229.156	71.137	504.188	70.007	0.545
839	2226.755	70.723	499.22	69.438	0.531
840	2236.761	71.548	505.614	69.802	0.569
841	2221.633	71.074	501.668	69.902	0.553
842	2228.789	70.83	501.725	69.765	0.549
843	2228.839	70.556	503.637	69.768	0.543
844	2228.909	71.629	503.1	70.422	0.557
845	2229.135	70.838	501.741	69.571	0.548
846	2234.374	70.992	502.521	69.749	0.535
847	2228.156	71.158	499.286	69.811	0.548
848	2225.365	70.814	499.615	69.794	0.538
849	2224.067	71.216	501.747	70.099	0.554
850	2197.272	70.113	497.208	69.255	0.541
851	2239.171	72.348	505.545	70.647	0.569
852	2239.445	70.965	502.752	69.682	0.557
853	2226.938	70.8	502.109	69.884	0.539
854	2235.352	71.268	503.68	70.116	0.566
855	2230.601	71.055	502.178	70.092	0.536
856	2233.952	70.905	502.039	69.886	0.543
857	2221.97	71.074	504.88	70.132	0.534
858	2214.425	70.288	497.683	69.258	0.528
859	2223.601	70.829	502.177	69.434	0.549
860	2221.241	71.2	503.105	69.866	0.55
861	2228.791	70.549	498.22	69.359	0.534
862	2224.431	70.927	500.374	69.867	0.55
863	2220.081	71.306	502.045	69.819	0.552
864	2217.256	70.994	502.396	70.187	0.549
865	2227.128	70.914	503.915	69.456	0.546
866	2227.613	70.493	503.132	69.508	0.532
867	2220.949	70.588	499.57	69.216	0.536
868	2234.398	71.91	502.62	70.417	0.562
869	2228.775	70.681	503.71	69.893	0.547
870	2218.611	70.789	499.396	69.783	0.547
871	2228.616	70.568	503.713	68.845	0.552
872	2212.638	70.548	498.037	69.207	0.539
873	2241.137	71.035	503.259	70.027	0.56
874	2236.853	70.93	499.057	69.78	0.551
875	2230.174	70.717	503.506	69.86	0.526
876	2239.132	71.482	503.691	70.069	0.556
877	2240.013	71.353	503.558	69.786	0.564
878	2217.226	70.497	503.236	69.447	0.536
879	2222.421	70.33	499.35	69.835	0.536
880	2211.344	70.629	501.535	69.795	0.538
881	2210.746	71.331	501.74	70.569	0.559
882	2219.893	70.289	499.081	69.095	0.538
883	2227.724	71.508	501.962	70.053	0.551
884	2224.162	70.619	504.156	69.647	0.532
885	2229.021	71.305	503.789	70.075	0.555
886	2228.669	71.373	502.282	70.005	0.567
887	2219.879	70.941	499.413	69.692	0.542
888	2221.541	70.299	499.943	69.623	0.534
889	2206.62	70.221	497.728	69.186	0.54
890	2226.569	70.376	501.715	69.38	0.54
891	2219.53	70.707	501.05	69.654	0.547
892	2228.138	70.628	503.374	69.85	0.539
893	2219.653	71.265	502.109	69.804	0.535
894	2219.562	70.666	499.658	69.608	0.537
895	2222.267	70.019	500.648	68.895	0.532
896	2222.982	70.719	498.785	69.869	0.543
897	2224.657	71.37	501.862	69.541	0.548
898	2223.886	71.645	501.227	70.1	0.552
899	2212.309	70.361	498.97	69.415	0.54
900	2221.527	71.071	503.517	69.661	0.544
901	2230.241	70.895	503.767	69.669	0.555
902	2220.484	70.468	497.35	69.54	0.533
903	2229.555	71.859	501.658	70.396	0.561
904	2221.464	71.631	500.847	69.796	0.542
905	2222.257	71.464	501.994	69.756	0.56
906	2216.223	69.868	501.78	69.633	0.524
907	2217.669	70.751	499.999	69.474	0.537
908	2223.266	70.857	500.896	69.37	0.537
909	2229.851	70.674	502.746	69.583	0.545
910	2221.312	71.171	499.65	69.974	0.559
911	2228.075	70.483	501.817	69.278	0.534
912	2214.303	70.17	502.314	69.338	0.542
913	2234.081	71.48	502.77	70.206	0.558
914	2231.759	70.764	502.784	69.918	0.536
915	2225.166	71.472	501.449	70.011	0.553
916	2225.191	71.076	503.155	70.214	0.553
917	2226.47	71.397	501.448	69.903	0.545
918	2233.578	71.158	502.05	69.796	0.543
919	2228.974	71.242	502.514	69.939	0.556
920	2225.366	71.399	502.148	70.11	0.545
921	2225.383	71.392	503.335	70.193	0.561
922	2229.568	71.055	504.134	69.915	0.542
923	2239.301	71.125	504.965	70.007	0.559
924	2230.456	71.419	501.368	70.0	0.563
925	2228.0	70.929	502.033	69.349	0.554
926	2225.886	71.183	503.741	70.055	0.535
927	2228.7	71.043	500.304	69.953	0.551
928	2227.855	70.746	502.151	69.501	0.546
929	2232.269	71.603	503.167	70.106	0.554
930	2233.234	71.737	503.985	70.136	0.556
931	2236.415	71.287	503.807	69.858	0.56
932	2237.754	71.034	505.167	70.009	0.538
933	2228.89	71.423	503.607	69.962	0.549
934	2243.656	71.36	502.881	70.094	0.55
935	2223.799	70.596	501.45	69.498	0.544
936	2229.136	70.156	500.942	69.403	0.537
937	2229.281	71.368	500.187	70.049	0.546
938	2217.027	70.846	498.667	69.542	0.535
939	2219.157	70.451	501.184	69.46	0.538
940	2225.873	70.546	502.216	69.73	0.533
941	2226.312	70.948	501.21	69.61	0.548
942	2231.259	70.816	503.805	69.662	0.557
943	2225.362	70.444	500.843	69.406	0.539
944	2217.764	69.955	500.2	69.009	0.521
945	2235.665	72.26	502.014	70.501	0.575
946	2223.764	70.927	498.951	69.528	0.546
947	2223.86	70.098	503.57	69.636	0.53
948	2235.165	70.395	503.219	69.263	0.536
949	2222.365	70.87	501.567	69.727	0.549
950	2222.108	70.591	499.953	69.49	0.536
951	2234.568	71.701	504.803	70.49	0.556
952	2239.988	71.979	505.364	71.009	0.558
953	2224.007	70.883	502.438	69.757	0.558
954	2217.938	71.059	500.416	70.148	0.552
955	2219.562	70.885	500.421	69.569	0.559
956	2239.353	72.022	501.293	70.002	0.567
957	2242.48	72.023	505.777	70.273	0.561
958	2231.786	70.231	501.546	69.322	0.53
959	2223.254	70.175	500.715	69.361	0.514
960	2218.23	70.327	502.153	69.538	0.54
961	2238.521	70.787	503.664	69.732	0.544
962	2241.398	70.36	505.478	69.942	0.537
963	2233.185	70.867	501.98	69.416	0.543
964	2220.791	71.606	500.227	69.954	0.558
965	2222.37	70.981	499.672	70.102	0.551
966	2218.824	70.903	501.066	69.816	0.549
967	2231.423	71.601	503.409	69.633	0.569
968	2214.139	71.003	498.445	69.384	0.554
969	2228.066	70.917	503.596	69.653	0.551
970	2230.728	71.003	502.951	69.841	0.542
971	2219.483	70.48	502.858	69.411	0.55
972	2213.585	70.715	498.627	69.071	0.536
973	2226.091	70.72	502.891	69.71	0.542
974	2224.429	71.191	505.322	69.817	0.539
975	2232.592	71.136	503.254	69.795	0.546
976	2219.091	71.606	502.548	69.878	0.566
977	2208.397	70.858	498.169	69.225	0.532
978	2225.129	71.002	503.383	70.087	0.554
979	2233.005	71.335	503.094	70.077	0.544
980	2219.428	71.258	500.642	69.832	0.542
981	2227.577	70.577	503.646	69.674	0.534
982	2250.345	71.411	508.564	70.204	0.539
983	2223.386	71.177	502.293	69.806	0.559
984	2222.302	70.748	501.195	69.54	0.542
985	2235.805	70.246	502.785	69.275	0.524
986	2228.6	71.31	500.711	70.069	0.561
987	2227.85	71.484	499.154	69.804	0.549
988	2220.242	70.794	500.726	69.289	0.553
989	2210.884	71.535	500.63	70.375	0.567
990	2230.462	70.713	502.756	69.601	0.542
991	2218.473	71.408	499.251	70.191	0.55
992	2224.558	70.985	500.387	69.755	0.552
993	2228.946	70.266	502.239	69.299	0.542
994	2233.097	71.222	504.153	70.029	0.548
995	2217.678	70.954	503.58	69.938	0.544
996	2227.285	70.768	505.125	69.753	0.54
997	2222.618	71.05	502.419	69.479	0.56
998	2216.544	71.617	501.265	70.245	0.554
999	2230.461	70.188	507.297	69.967	0.532
1000	2211.905	70.709	498.687	69.994	0.54
