MutationType	ID83A	ID83B	ID83C	ID83D	ID83E	ID83F	ID83G	ID83H	ID83I	ID83J	ID83K	ID83L	ID83M
1:Del:C:0	4.4488562372153046e-08	8.208136031922315e-08	1.732253464411684e-07	2.3909906962377124e-07	7.264645187611819e-08	2.826940896002656e-08	1.1687616067732207e-08	1.3829931563784208e-07	1.3351597854915572e-07	1.675818039262039e-07	4.3917137460452056e-08	8.711657137661818e-08	1.1605432979561035e-07
1:Del:C:1	0.011241231379473702	0.03514788518494872	0.019227088079250422	0.019290541053643785	0.016673024523822588	0.025268726997620807	0.014268506700243965	0.04757223174113286	0.07049371638830614	0.04647873106953537	0.02749866280951817	0.02537250715923009	0.03522486808164453
1:Del:C:2	0.0028242986151242083	0.006953429875549395	0.006006054747287366	0.006940718595765157	0.004631795315479908	0.006994816111732222	0.005309030006635631	0.01878898181706135	0.01955142096208513	0.014794440900475065	0.006299457588114581	0.007259982532521277	0.008674286055506446
1:Del:C:3	0.0012900775251174406	0.0031957183564325486	0.0028173903674969187	0.003190280590291217	0.0021963138146937834	0.003269230292423675	0.0023055893513902114	0.009345546931625752	0.007540367719111604	0.0062660582734647115	0.002497850155213546	0.00419361692463588	0.003924305220747006
1:Del:C:4	0.0008707837149249201	0.002186896324981002	0.0016226003466912648	0.0017977731228457099	0.001363462045293177	0.0017148690816247993	0.0015528822525271943	0.0037104214250207237	0.006487088309118338	0.004475939458082326	0.001930654291913266	0.0018245667761699995	0.0028174829971027828
1:Del:C:5	0.0015494871813695864	0.002492412803081286	0.0021919551319180526	0.003910349226782419	0.0015895942870178678	0.0023300321759009545	0.0018195515175838586	0.004119341957394792	0.004227031664374467	0.003936987989306169	0.0023125461041287737	0.002778975330585405	0.0031424082502866145
1:Del:T:0	4.4488562372153046e-08	8.208136031922315e-08	1.732253464411684e-07	2.3909906962377124e-07	7.264645187611819e-08	2.826940896002656e-08	1.1687616067732207e-08	1.3829931563784208e-07	1.3351597854915572e-07	1.675818039262039e-07	4.3917137460452056e-08	8.711657137661818e-08	1.1605432979561035e-07
1:Del:T:1	0.007686908913354827	0.015513278233900536	0.015017098271609679	0.013916192982564628	0.01246035437914238	0.015820501096022337	0.011327905063254705	0.053410787496820905	0.04682651056262681	0.03406162822958337	0.013322271026251642	0.01891681802881279	0.022143247507515063
1:Del:T:2	0.003906256586304227	0.010078397010180928	0.008665273962715651	0.00970785329772589	0.005951868555802063	0.0084930816743625	0.006774329115806979	0.02416365543260499	0.025975302088582945	0.019188483787518164	0.008701117649478238	0.009844721383576343	0.012619308410852917
1:Del:T:3	0.003935044277250718	0.009106435003765278	0.0068469765820258375	0.006758184250010178	0.005419016631288116	0.00789216031375356	0.006006097144343858	0.019100844884631294	0.021662698981749634	0.015976107025286766	0.007769080626350166	0.008759974194874854	0.009974323521557516
1:Del:T:4	0.0030356297672459675	0.005754875952942676	0.006742089934963472	0.008362895946937225	0.004762587185108401	0.0052909348678892385	0.005220685561801517	0.022848844075844154	0.02148064896818244	0.017789641544857637	0.005481187422519406	0.007432708875875939	0.008659544075753822
1:Del:T:5	0.11467806244524706	0.20716858660423312	0.250373639259264	0.2936042426056188	0.15247377107712037	0.07006114134404377	0.05386068440870618	0.053435293298595525	0.2977845486210581	0.25565473207126765	0.1466028283819372	0.12554277772767014	0.22736060834957134
1:Ins:C:0	0.002022328000502867	0.003713297934753802	0.0039643407666938805	0.00442652376170117	0.002633633920238018	0.003537717045883743	0.0028271259997992345	0.0103146083380342	0.008597214428086274	0.008020855519372231	0.0024094273039735182	0.0047438410805606445	0.00474909050929681
1:Ins:C:1	0.0010592601829429661	0.0024701171639236906	0.0014433001321654117	0.001927526580934846	0.0014214422819271658	0.0023655474791641684	0.002177318502294478	0.0037284166994882816	0.0039636467385951585	0.002993348486099735	0.002293917044303085	0.0024485462169039855	0.002698339168156949
1:Ins:C:2	0.0008586619608674962	0.001480587216559513	0.0014411908931338017	0.001820694068624234	0.0016022025996212024	0.0022196331573134326	0.0018158549317799564	0.004660762601440076	0.002312751104314976	0.0024917415338911197	0.0013151759116643482	0.0020746504553601896	0.001905775665464691
1:Ins:C:3	0.0008126364910476467	0.0007698283718868413	0.0011183342152277112	0.001238461233164674	0.0008566776710373491	0.0015489217074305458	0.001601979224090289	0.0031041511050218266	0.0017241760825981482	0.0020032421754718676	0.0008089222067667086	0.0014983891606057769	0.0011005086494631636
1:Ins:C:4	0.0007388978755277606	0.0013990570869862207	0.0017234718905235202	0.0017188558940835605	0.0012824885260518432	0.0014493911421378219	0.0011298616480243187	0.00521865071806751	0.0036104966478297047	0.0034070053676623175	0.0012160762839079921	0.0020221286244187175	0.002030626840821681
1:Ins:C:5	0.0053826438820581525	0.007710576721180134	0.0076201091818566755	0.009640570771098674	0.006396646915022767	0.009984718873192666	0.011867406418495614	0.019685046913058453	0.023851028071606186	0.019966274459355865	0.009173855250882754	0.010227256812245353	0.012247994502707292
1:Ins:T:0	0.005808405341166004	0.006042542215596378	0.005940161019830231	0.007286163460101036	0.005755271652368247	0.009301439330341903	0.007881422056003843	0.018027626205665597	0.011468801111080337	0.009831644599703102	0.0061525490341372375	0.00907586218098681	0.007330622744378451
1:Ins:T:1	0.004118623601489491	0.010231300322450594	0.006114760660017454	0.006331187546944153	0.00576782928867623	0.012558380285727921	0.009871086263448308	0.014358026204520485	0.018661307039427207	0.01315832805625584	0.010198561560948192	0.010237478813002392	0.010355478273131703
1:Ins:T:2	0.002954937625336404	0.004722689016971545	0.005235738116219392	0.006201400463279251	0.00358395786182379	0.006168000805650781	0.004811165077080394	0.011942817709064432	0.008721673812735874	0.007897720968284639	0.004470923675542959	0.006241356997430084	0.005536408125513979
1:Ins:T:3	0.0023635319404025517	0.0033926732583417765	0.004697989375184065	0.00665959895545438	0.0036672174533275144	0.004766142455566207	0.0037559178717779663	0.015605909584283342	0.008886391868054842	0.00848219037557377	0.0028832353579365416	0.005569194134292877	0.0055275599140583165
1:Ins:T:4	0.0026445105080803205	0.004180115387214596	0.003534778046133348	0.003747857232432978	0.002668406883317272	0.004668989794620967	0.004993044330198796	0.009977506367351712	0.010060599295975654	0.007759273752536447	0.004298637433495583	0.005125673018232854	0.005340370182109802
1:Ins:T:5	0.6459995752162383	0.4645611598164169	0.24481062477337054	0.05414707341464491	0.5315263678446777	0.6194380906295252	0.7034739144067567	0.05790547832955838	0.04731348700665735	0.04197104917727735	0.592212744707687	0.4102501183817266	0.31693781228241097
2:Del:R:0	0.10002881437628594	0.08040323109811047	0.2714353588519824	0.3779769013824309	0.1285625724218703	0.054696107218235125	0.026055196690133734	0.2942992414387969	0.07027133943173122	0.21419912402177496	0.036446628784162674	0.17149194673494692	0.13953767580562493
2:Del:R:1	0.000547905493079705	0.0009583889650442201	0.0008763359047241702	0.0015778061750410413	0.0007932017529189163	0.0011084449106946255	0.0009925408447068902	0.003671852910936447	0.0020071626272954524	0.0023715978880759817	0.0007766406802254862	0.0013738878575780009	0.0010103612703381874
2:Del:R:2	0.00018191336624679395	0.0005512380656266127	0.0005115158401465973	0.0004658651034460209	0.00030566626195962154	0.00031399724653944245	0.00021080544097345558	0.00108132015149247	0.0013892009869049839	0.0009403051215309101	0.0003962494059868813	0.000554835226370374	0.0006806839502397333
2:Del:R:3	6.40936802973604e-05	4.7866248189555684e-05	0.0002583828757937425	0.00042143423137443	6.500954485913718e-05	6.061155488702233e-05	5.411740739736295e-05	0.00028063857276627857	0.00012316879699241791	0.00016745030222297254	3.9664598735050835e-05	0.00011925048770362824	0.00011159663901966138
2:Del:R:4	2.0466429448329718e-05	3.273290094063571e-05	3.4382194577997144e-05	5.160794365614072e-05	4.33575822829686e-05	3.590396703538426e-05	2.861052535956601e-05	0.00019979969013916228	3.585457435641719e-05	0.00010428007311634976	2.4883187667008116e-05	7.379411487800725e-05	5.2832456845940186e-05
2:Del:R:5	0.0005144669453781251	0.0007395435441095077	0.0006248039868379729	0.0010301996075949404	0.0007487782817600318	0.0006535052512655942	0.0005010161168262476	0.0010611788321569667	0.0009525656497559838	0.0014375398238768468	0.00047674260137393833	0.0010990027702634827	0.0007157794985237395
3:Del:R:0	0.005157703625251003	0.007747929526500865	0.010934286392363437	0.01404811621219962	0.0066313158024856765	0.007030999356927028	0.005585886594472246	0.016640991900766795	0.018722087765151007	0.016031895182914056	0.006743093128601769	0.010268282381108683	0.011267848589165788
3:Del:R:1	0.0005944814663022342	0.0009630176409358731	0.001290906188907302	0.0014823665486793471	0.0006426862796431261	0.0010197206224756964	0.0010583848251103562	0.0017027999076255859	0.0022860324693968147	0.0018374041575584337	0.0009091676216337772	0.0010893242711653838	0.001484738965324299
3:Del:R:2	0.00011382565294240029	0.00021745337215037176	0.00020097700868231948	0.0001486931966944457	0.0001896254625276442	0.00022124212724568688	0.00020640693364613175	0.0005187458978831648	0.0005553260551918465	0.00046252655656737996	0.00020347147191684977	0.00022380605562656524	0.0002816987219715995
3:Del:R:3	4.4488562372153046e-08	8.208136031922315e-08	1.732253464411684e-07	2.3909906962377124e-07	7.264645187611819e-08	2.826940896002656e-08	1.1687616067732207e-08	1.3829931563784208e-07	1.3351597854915572e-07	1.675818039262039e-07	4.3917137460452056e-08	8.711657137661818e-08	1.1605432979561035e-07
3:Del:R:4	2.4606016888464607e-05	5.542335176703763e-05	4.6038238370170616e-05	4.903876002199573e-05	2.8199908723634825e-05	3.7379408393158256e-05	4.337433389758686e-05	9.057749854923946e-05	0.00012173159863362285	8.662259807809478e-05	3.6820058656428594e-05	4.813552958780995e-05	6.963729230027769e-05
3:Del:R:5	4.4488562372153046e-08	8.208136031922315e-08	1.732253464411684e-07	2.3909906962377124e-07	7.264645187611819e-08	2.826940896002656e-08	1.1687616067732207e-08	1.3829931563784208e-07	1.3351597854915572e-07	1.675818039262039e-07	4.3917137460452056e-08	8.711657137661818e-08	1.1605432979561035e-07
4:Del:R:0	0.002422783829816606	0.003938781731311532	0.005146784702671867	0.008182743114622791	0.0031307061709796176	0.005085609813821357	0.00408472135783475	0.0134682839351776	0.008777478373679311	0.01032950702574771	0.0030860168913105952	0.006254542758062829	0.0052748867360377
4:Del:R:1	0.0001119499086518444	0.00023566067158323827	0.00021452702594062828	0.00029626478143757174	0.00017587884290898753	0.0002462418765331716	0.00024304910926761317	0.0006740828180948947	0.0007047131938128222	0.0006113058563799897	0.00020979052489089877	0.0003425725606295968	0.00034690549616058755
4:Del:R:2	5.2177789070571984e-05	6.916901302689373e-05	6.40001379178561e-05	9.421576276115473e-05	5.848154628316465e-05	0.00011767220404531234	9.868795127822262e-05	0.00013781050997238752	0.00011681890535943806	0.0001317102825159981	8.378335649213936e-05	9.298579359476704e-05	0.00010395990329347216
4:Del:R:3	4.4488562372153046e-08	8.208136031922315e-08	1.732253464411684e-07	2.3909906962377124e-07	7.264645187611819e-08	2.826940896002656e-08	1.1687616067732207e-08	1.3829931563784208e-07	1.3351597854915572e-07	1.675818039262039e-07	4.3917137460452056e-08	8.711657137661818e-08	1.1605432979561035e-07
4:Del:R:4	4.4488562372153046e-08	8.208136031922315e-08	1.732253464411684e-07	2.3909906962377124e-07	7.264645187611819e-08	2.826940896002656e-08	1.1687616067732207e-08	1.3829931563784208e-07	1.3351597854915572e-07	1.675818039262039e-07	4.3917137460452056e-08	8.711657137661818e-08	1.1605432979561035e-07
4:Del:R:5	4.4488562372153046e-08	8.208136031922315e-08	1.732253464411684e-07	2.3909906962377124e-07	7.264645187611819e-08	2.826940896002656e-08	1.1687616067732207e-08	1.3829931563784208e-07	1.3351597854915572e-07	1.675818039262039e-07	4.3917137460452056e-08	8.711657137661818e-08	1.1605432979561035e-07
5:Del:R:0	0.005301676320452362	0.014126529698550999	0.01118299453021746	0.012948086992568542	0.008659656575116343	0.013280627014673483	0.008699897574066721	0.029831373454660685	0.029227292706294906	0.02565521625402672	0.012527262745596535	0.013954021484437746	0.016921434265461003
5:Del:R:1	2.28129310874423e-05	4.253983350157424e-05	4.677839808778539e-05	3.271350879810153e-05	3.719088215131873e-05	2.9932780314390472e-05	3.318562658511498e-05	0.00024651940678304134	0.00012914676701154536	0.00010951377718536663	4.2039467914974964e-05	4.7458634761147736e-05	4.6656205555271584e-05
5:Del:R:2	4.4488562372153046e-08	8.208136031922315e-08	1.732253464411684e-07	2.3909906962377124e-07	7.264645187611819e-08	2.826940896002656e-08	1.1687616067732207e-08	1.3829931563784208e-07	1.3351597854915572e-07	1.675818039262039e-07	4.3917137460452056e-08	8.711657137661818e-08	1.1605432979561035e-07
5:Del:R:3	4.4488562372153046e-08	8.208136031922315e-08	1.732253464411684e-07	2.3909906962377124e-07	7.264645187611819e-08	2.826940896002656e-08	1.1687616067732207e-08	1.3829931563784208e-07	1.3351597854915572e-07	1.675818039262039e-07	4.3917137460452056e-08	8.711657137661818e-08	1.1605432979561035e-07
5:Del:R:4	4.4488562372153046e-08	8.208136031922315e-08	1.732253464411684e-07	2.3909906962377124e-07	7.264645187611819e-08	2.826940896002656e-08	1.1687616067732207e-08	1.3829931563784208e-07	1.3351597854915572e-07	1.675818039262039e-07	4.3917137460452056e-08	8.711657137661818e-08	1.1605432979561035e-07
5:Del:R:5	4.4488562372153046e-08	8.208136031922315e-08	1.732253464411684e-07	2.3909906962377124e-07	7.264645187611819e-08	2.826940896002656e-08	1.1687616067732207e-08	1.3829931563784208e-07	1.3351597854915572e-07	1.675818039262039e-07	4.3917137460452056e-08	8.711657137661818e-08	1.1605432979561035e-07
2:Ins:R:0	0.003003089886262618	0.005436032205061977	0.00613875629978973	0.008022384624010268	0.004366429197209765	0.0049749393918186195	0.004041973162509985	0.01731384550291985	0.014187123644216862	0.013363945920939367	0.004443544096808696	0.007278990177786516	0.007578778112085344
2:Ins:R:1	0.0010450796031519743	0.002412668089762037	0.0020821328896341133	0.003190463861788153	0.0016442871682074544	0.002467760821023921	0.0018537432005400513	0.006948972703937697	0.005869966774927314	0.00625722786454023	0.00215396980837725	0.0029774960294377205	0.003057415271112422
2:Ins:R:2	0.0008898059714250759	0.0010429377377841349	0.001182246750032445	0.001482514883001407	0.0010349605551565025	0.0015635700660214331	0.0018665745729829944	0.002699723096453341	0.002492377602871421	0.0023551935914280344	0.0014494940087977255	0.0018689455629074079	0.001543015381261199
2:Ins:R:3	0.0002801974450057134	0.0004459325474200736	0.0004715481765550814	0.0005026364592082792	0.0004758903868836352	0.0006148954594419156	0.0004885676039794013	0.0013785031929275011	0.0013554207493502095	0.0011562739079615655	0.000408657824073685	0.0006131884200136013	0.0007125789508833874
2:Ins:R:4	0.0005346707523669989	0.0008284184320033823	0.0010735715813713436	0.0014248731761410491	0.0007642926355635725	0.00121070402896589	0.0008940450556422467	0.002118683899380227	0.0017593442944832322	0.0015846139400792535	0.0007410450564465267	0.001432590029629435	0.0013272532059643081
2:Ins:R:5	0.024895810962874364	0.01901565552152437	0.024474796880035923	0.02941725059354186	0.028009614916520355	0.028902701489954784	0.034404909963883325	0.06780128333968846	0.05004811219681214	0.054777894755062805	0.020566103761836273	0.035205138942326686	0.029349089925151516
3:Ins:R:0	0.0008406783054095877	0.0009425015954130441	0.0010815221421245308	0.0015161691549743	0.0010615761399043113	0.0015670422474606835	0.0014255189180285442	0.0025527126154927323	0.0020372056660968143	0.0026041465610449686	0.0010772215537348015	0.001478336685261501	0.0016044131222691797
3:Ins:R:1	0.0008949732285405476	0.0017812354547261588	0.001739567603021845	0.0015728538307125384	0.001309684701931874	0.002185453081534552	0.002047378186296416	0.0038210777434219113	0.004717910341702211	0.0037116747595158177	0.00163826094121938	0.00228371836665114	0.0022666010102791343
3:Ins:R:2	0.00011622311319833608	0.00034490223091044757	0.0002145551088494137	0.00025838833081922365	0.00019234635585510044	0.0001931422408558252	0.0001847904498096932	0.0005058499868241044	0.0005749469706585607	0.0005071923538102457	0.0003010625493853509	0.00033340047406328426	0.00037846528874915954
3:Ins:R:3	4.4488562372153046e-08	8.208136031922315e-08	1.732253464411684e-07	2.3909906962377124e-07	7.264645187611819e-08	2.826940896002656e-08	1.1687616067732207e-08	1.3829931563784208e-07	1.3351597854915572e-07	1.675818039262039e-07	4.3917137460452056e-08	8.711657137661818e-08	1.1605432979561035e-07
3:Ins:R:4	1.873436315347469e-05	6.805814308886483e-05	1.620921542784548e-05	2.6270654497663125e-05	2.227310484390667e-05	3.4827228622371946e-05	2.050323614778387e-05	1.6745775488679318e-05	0.00011013770586201058	4.259672289030503e-05	7.367619989401424e-05	1.5439167882531528e-05	8.529914564860395e-05
3:Ins:R:5	0.0002100914254831953	0.0004964531241549674	0.000419762030319904	0.0004528077551299601	0.0003237106689209034	0.000354054824467007	0.0002812424357360973	0.0006237744139048898	0.0012078199988423003	0.000922371118591453	0.0004582963223509173	0.0005652200564585297	0.000626581483064494
4:Ins:R:0	0.0006944926361764578	0.0006884323569700697	0.001029158492159128	0.0018176170244455529	0.000929147459069873	0.0012825842118841496	0.0011721980045005145	0.005330070844051505	0.001954088023814024	0.002656930621067444	0.0006674348203336695	0.0017490016540560908	0.0013583588509021292
4:Ins:R:1	0.0014006446245855453	0.002051740399578744	0.0019516288302810162	0.0025703763800517	0.001521479090312703	0.0034936098858993556	0.003406610853430503	0.0053712556338903926	0.005254286379341202	0.004736349552225493	0.002159232874169084	0.0031158676208441665	0.0028476472588727605
4:Ins:R:2	6.660146016561173e-05	8.994299048789594e-05	0.0001601856024633546	0.00016685423539209454	8.876661351606446e-05	0.00013921323524332407	0.00011857517256259913	0.0003214339019649094	0.00020199833170306432	0.0002780366060240027	7.919869364583543e-05	0.00018989072269466302	0.0001642330034100173
4:Ins:R:3	4.4488562372153046e-08	8.208136031922315e-08	1.732253464411684e-07	2.3909906962377124e-07	7.264645187611819e-08	2.826940896002656e-08	1.1687616067732207e-08	1.3829931563784208e-07	1.3351597854915572e-07	1.675818039262039e-07	4.3917137460452056e-08	8.711657137661818e-08	1.1605432979561035e-07
4:Ins:R:4	4.116669411736812e-05	0.00011193898455825521	0.00011981753846379244	0.00019778124411372116	8.708403341333149e-05	8.927949225154241e-05	4.752222104670767e-05	0.00032595793665152797	0.0004323036869092914	0.0004620464140628839	8.450471075472142e-05	0.00011773886143901789	0.00021583976083215425
4:Ins:R:5	0.00020232996079661618	0.0003100739208226949	0.00020740958538288543	0.0003058886746356361	0.0002426650933950874	0.00035087838865765554	0.00028727936152112276	0.0009340673584451118	0.0005272845603165106	0.000604012857254854	0.0003162594659970419	0.00047876808083866396	0.0003997788286923213
5:Ins:R:0	0.0011765556175373391	0.0022175457004828428	0.0023494209352565368	0.002339512067655573	0.0016321700956068083	0.0023636029381695696	0.001966363114433249	0.008182724686741968	0.006002928440086508	0.005163952941841087	0.0016779395522813923	0.002963540790998907	0.002985435979542049
5:Ins:R:1	0.001537362902218492	0.0037441746869341197	0.00399474776205421	0.00424974529325196	0.0027593487435924697	0.0030564622583713623	0.00269168189116258	0.009773893038228215	0.013043762098637599	0.010190937592407032	0.0029383804578411955	0.004671262192902345	0.006161711171564327
5:Ins:R:2	2.345895715957154e-05	0.0001172609986380104	0.00010177236541683176	8.940934013026107e-05	4.8459725684942975e-05	6.75103869703707e-05	4.843733079486961e-05	0.00011941353685977498	0.0003018190756661575	0.00019172089298706582	5.869926464570906e-05	9.057616538424593e-05	0.00016953096015597137
5:Ins:R:3	1.386606124399509e-05	5.20107372073007e-05	3.323280268895762e-05	5.24440955643401e-05	2.3072684334338873e-05	4.2408979563494085e-05	2.3786094888754425e-05	5.148674896112967e-05	0.00015466963789121247	0.00010316188174272984	3.501498268244618e-05	5.2497428259230605e-05	6.751272628341461e-05
5:Ins:R:4	3.1658357881113505e-05	9.0690098007398e-05	9.6440758155311e-05	5.2373341912192354e-05	6.479438988454096e-05	5.4890990788386025e-05	4.76963783511071e-05	0.0003057691450567495	0.0002901430347283482	0.00021437012453056874	5.1010094920163134e-05	0.00010487697905409462	0.00011673983898039015
5:Ins:R:5	2.188340943029267e-05	3.462150316241937e-05	3.149046895148259e-05	4.121070109677425e-05	3.225327514471901e-05	3.148802529570892e-05	4.515929016679096e-05	7.867021463635199e-05	0.0001343294988367112	0.0001063801106667334	2.9821340568840952e-05	5.488711122697842e-05	7.066675619159352e-05
2:Del:M:1	0.0022553976971038613	0.004946789780530431	0.0051951765846571475	0.0065814338255121545	0.0042068965357676315	0.00500249412045288	0.0030093261040186007	0.014301399733437208	0.013841890177795252	0.011006392935722533	0.004072043883906104	0.005933571002307845	0.0063861735823706215
3:Del:M:1	0.0084152188642706	0.010986146372552371	0.01633146601764422	0.018738530921820297	0.00876327367330514	0.0099233183102656	0.00909984137145324	0.015269023982033492	0.01715669947186734	0.014928229859163174	0.011061765169718931	0.014689230105696179	0.01321019152674576
3:Del:M:2	0.001561271540863931	0.003325202237849575	0.0035967516535484368	0.005108664362058048	0.001974397664897726	0.0027163355071804355	0.0028465394900214105	0.00348158068145176	0.005697195708402841	0.0041578850589451405	0.003356046029765091	0.003984114128430048	0.004216822110759058
4:Del:M:1	0.0012974552946038633	0.004447790442539542	0.0023370584647745647	0.0025650438094816995	0.001878822275939041	0.002796666364459807	0.002320215738916288	0.0030203664602076012	0.00687982040960048	0.005291629216476197	0.003815935394829312	0.00278865019924782	0.004813225702094595
4:Del:M:2	0.0019785708581245855	0.00267897102609186	0.0025740226630090114	0.0030630127158639796	0.0022139031317587113	0.002338954881721408	0.0025378475898177647	0.0042804415820967764	0.005555015980602872	0.004487646826426008	0.0023747192291656972	0.002687029306273869	0.003356334320814845
4:Del:M:3	0.00023441569961421156	0.0006565975622584174	0.0004761826572629458	0.0004414841266353336	0.0003173775299410847	0.0005885698799649815	0.00043849223944770647	0.0007287162474044008	0.0013106438527188441	0.0007910999488994595	0.0005668177629030128	0.0006781167691063008	0.000785223903216197
5:Del:M:1	0.003107471034694775	0.008167386360384159	0.006546172804891899	0.007114617266276486	0.005537572473700065	0.008020006366257985	0.005896211439375095	0.017450391312720845	0.020459774578992607	0.016755493527341285	0.007589354424520942	0.008154816007782766	0.01031579160325593
5:Del:M:2	0.0014057904189336795	0.00232550190154094	0.00257447718277724	0.0034753805371529494	0.0023704881597452145	0.002754519492498181	0.0026377841609092033	0.007194604212400263	0.0065476501793570235	0.006525391398151246	0.0024970630830235	0.003063432521679597	0.003472152221492789
5:Del:M:3	0.0005599208568209651	0.0011573086275486048	0.0009288769512872693	0.0011782790809270526	0.0009698497821449332	0.0012428926378174926	0.0008973122835284636	0.0018699031392192826	0.0021606192866514204	0.0022376556303511856	0.0009195049259489092	0.0013300934885249155	0.0014376680874301324
5:Del:M:4	0.00017722286935974556	0.00020661634786063322	0.00023326211592939445	0.0002963909006157149	0.00021726336198456682	0.0002402791992731349	0.0002378177716963455	0.000566901452769542	0.0003709574707633665	0.0003839694610313831	0.00020275947569525866	0.00033312056074236195	0.00034443395324458705
5:Del:M:5	0.00012583991384286644	0.00037602930081340094	0.00021128912547819855	0.0002532300677008845	0.00015864594266100542	0.0002541140495141409	0.00016666418979197542	0.00032879122714045623	0.0007391910880482177	0.0003599727409343534	0.0002826549651357784	0.00024033040422994316	0.000365863126478403
