Iteration	L1	L1 %	L2	L2 %	KL Divergence
1	71.37	6.322	19.157	2.911	0.021
2	69.323	6.263	17.351	2.771	0.022
3	68.459	6.186	16.692	2.598	0.024
4	73.673	6.733	19.883	3.177	0.023
5	67.923	5.989	17.592	2.631	0.021
6	70.871	6.554	18.297	3.048	0.023
7	60.929	5.57	13.577	2.182	0.022
8	70.933	6.466	17.86	2.858	0.023
9	68.6	6.16	17.173	2.73	0.022
10	67.607	6.048	16.505	2.573	0.023
11	69.909	6.308	17.299	2.726	0.022
12	76.202	6.724	20.442	3.087	0.023
13	68.267	6.168	16.642	2.631	0.024
14	73.413	6.659	18.93	2.987	0.023
15	68.195	6.027	17.294	2.637	0.021
16	69.723	6.233	17.843	2.715	0.023
17	74.798	6.707	20.307	3.13	0.023
18	70.108	6.371	18.466	2.898	0.023
19	69.202	6.198	17.85	2.758	0.022
20	66.534	5.941	15.906	2.48	0.022
21	67.675	6.091	17.02	2.643	0.022
22	68.604	6.172	17.37	2.715	0.023
23	69.975	6.351	17.921	2.79	0.023
24	70.189	6.303	17.605	2.747	0.022
25	69.316	6.228	17.568	2.744	0.021
26	70.579	6.252	18.015	2.745	0.022
27	69.707	6.398	17.83	2.92	0.022
28	68.41	6.224	17.05	2.713	0.022
29	66.88	6.025	16.862	2.593	0.022
30	70.569	6.38	17.406	2.732	0.024
31	68.34	6.061	16.768	2.537	0.022
32	72.418	6.481	19.167	3.005	0.023
33	68.092	6.083	17.427	2.679	0.023
34	69.159	6.068	17.269	2.603	0.021
35	66.136	6.007	15.8	2.531	0.022
36	68.007	6.094	17.763	2.739	0.022
37	69.071	6.264	17.569	2.785	0.023
38	70.321	6.254	18.317	2.758	0.023
39	72.184	6.442	18.785	2.867	0.023
40	68.622	6.133	17.21	2.666	0.022
41	69.657	6.289	17.354	2.726	0.023
42	67.91	6.178	16.502	2.613	0.023
43	71.088	6.341	18.377	2.84	0.022
44	71.448	6.525	18.78	3.033	0.023
45	71.114	6.442	18.399	2.891	0.023
46	75.135	6.692	20.638	3.104	0.023
47	71.155	6.458	18.548	2.909	0.022
48	69.707	6.362	17.788	2.843	0.023
49	70.182	6.203	17.309	2.631	0.022
50	66.671	6.028	16.872	2.635	0.022
51	75.753	6.824	20.755	3.219	0.023
52	68.468	6.087	17.156	2.593	0.023
53	66.775	5.963	16.407	2.508	0.022
54	68.237	6.073	17.262	2.637	0.022
55	72.647	6.59	18.219	2.853	0.024
56	68.408	6.096	17.538	2.643	0.022
57	67.936	6.172	17.677	2.751	0.022
58	76.476	6.965	20.435	3.244	0.023
59	73.472	6.621	20.087	3.124	0.022
60	70.079	6.339	16.827	2.652	0.024
61	72.968	6.608	19.259	2.999	0.023
62	73.595	6.661	20.279	3.17	0.021
63	71.696	6.48	18.568	2.971	0.023
64	71.788	6.396	18.441	2.765	0.023
65	67.578	5.989	16.736	2.543	0.022
66	71.538	6.39	18.009	2.767	0.024
67	72.329	6.456	19.236	2.924	0.021
68	66.154	5.912	16.026	2.49	0.022
69	64.982	5.926	15.497	2.483	0.023
70	68.836	6.179	18.283	2.815	0.022
71	68.206	6.0	17.021	2.548	0.022
72	68.728	6.05	17.15	2.585	0.022
73	75.58	6.754	20.971	3.144	0.023
74	75.022	6.698	21.049	3.155	0.023
75	69.317	6.225	17.337	2.695	0.023
76	70.264	6.387	18.584	2.908	0.022
77	70.086	6.318	18.721	2.897	0.022
78	68.329	6.151	17.162	2.674	0.022
79	73.875	6.62	18.918	2.892	0.024
80	73.961	6.514	18.988	2.883	0.022
81	62.683	5.572	14.983	2.326	0.022
82	71.249	6.475	19.107	3.057	0.023
83	69.139	6.203	17.292	2.743	0.022
84	72.032	6.566	18.848	3.011	0.023
85	70.247	6.279	17.619	2.681	0.023
86	71.405	6.405	18.298	2.844	0.022
87	66.449	6.001	17.113	2.632	0.021
88	67.507	5.962	16.757	2.526	0.021
89	65.008	5.845	15.94	2.523	0.021
90	69.723	6.255	18.387	2.849	0.022
91	68.805	6.118	17.038	2.58	0.023
92	64.203	5.78	15.301	2.385	0.023
93	68.621	6.15	17.231	2.72	0.021
94	70.299	6.42	18.901	3.01	0.022
95	69.066	6.111	18.143	2.721	0.022
96	77.679	6.97	20.957	3.224	0.023
97	69.216	6.119	16.942	2.573	0.022
98	74.117	6.635	20.001	3.066	0.023
99	68.725	6.191	17.636	2.734	0.022
100	67.942	5.976	17.238	2.581	0.021
101	69.668	6.265	17.908	2.785	0.022
102	70.408	6.203	17.903	2.664	0.022
103	64.745	5.732	15.112	2.304	0.023
104	71.563	6.402	18.471	2.859	0.022
105	69.104	6.25	16.899	2.634	0.023
106	63.137	5.745	14.799	2.393	0.022
107	70.899	6.367	18.606	2.894	0.022
108	72.098	6.424	17.579	2.7	0.024
109	70.545	6.362	18.162	2.862	0.022
110	72.131	6.45	19.196	2.913	0.022
111	64.837	5.754	15.601	2.422	0.022
112	70.573	6.379	17.761	2.77	0.023
113	69.146	6.208	17.351	2.673	0.023
114	79.751	7.212	22.88	3.537	0.024
115	71.691	6.439	19.071	2.936	0.023
116	66.212	5.874	15.941	2.431	0.022
117	65.827	5.945	15.486	2.425	0.022
118	73.127	6.436	19.334	2.944	0.022
119	64.043	5.8	15.079	2.413	0.022
120	67.701	6.096	16.763	2.561	0.023
121	71.335	6.363	18.937	2.948	0.021
122	74.289	6.585	20.268	3.019	0.023
123	73.469	6.722	20.396	3.128	0.023
124	69.597	6.193	17.892	2.751	0.022
125	67.761	6.118	17.698	2.762	0.022
126	66.687	5.968	16.846	2.614	0.022
127	71.473	6.361	18.243	2.777	0.023
128	67.347	6.004	16.48	2.539	0.021
129	71.353	6.391	19.024	2.897	0.023
130	73.198	6.535	19.541	3.049	0.022
131	67.834	6.136	16.693	2.599	0.023
132	71.158	6.352	18.482	2.89	0.022
133	69.374	6.272	17.606	2.831	0.022
134	70.709	6.299	17.855	2.732	0.023
135	69.293	6.329	17.209	2.721	0.023
136	65.041	5.836	15.654	2.45	0.022
137	66.267	5.89	16.679	2.512	0.021
138	73.912	6.707	19.975	3.169	0.023
139	71.662	6.451	19.302	3.042	0.022
140	67.848	6.009	16.914	2.593	0.022
141	69.701	6.279	17.524	2.725	0.023
142	74.534	6.707	19.671	3.062	0.024
143	73.362	6.531	19.626	2.984	0.022
144	70.376	6.392	17.651	2.791	0.023
145	71.052	6.395	17.902	2.811	0.023
146	65.065	5.932	15.892	2.552	0.022
147	68.17	6.149	17.271	2.669	0.022
148	70.652	6.319	17.84	2.747	0.023
149	71.28	6.4	18.512	2.848	0.023
150	71.552	6.345	18.882	2.82	0.023
151	63.783	5.68	15.539	2.394	0.022
152	66.856	6.006	16.827	2.592	0.021
153	68.128	6.048	16.853	2.548	0.022
154	69.54	6.289	17.822	2.802	0.023
155	65.224	5.75	16.36	2.465	0.022
156	72.78	6.567	18.782	2.929	0.023
157	69.097	6.179	17.107	2.642	0.023
158	68.667	6.192	17.585	2.725	0.023
159	71.613	6.328	18.829	2.838	0.022
160	69.918	6.254	17.609	2.765	0.022
161	67.98	6.16	17.607	2.786	0.022
162	69.85	6.318	17.164	2.69	0.023
163	64.669	5.783	16.268	2.498	0.021
164	65.944	5.848	15.76	2.431	0.022
165	72.822	6.459	19.408	2.922	0.022
166	74.062	6.744	19.984	3.16	0.023
167	66.44	5.929	15.717	2.452	0.022
168	68.558	6.082	16.993	2.593	0.022
169	71.827	6.448	18.693	2.866	0.023
170	69.125	6.148	17.898	2.721	0.022
171	69.398	6.181	17.079	2.566	0.024
172	67.212	5.98	16.661	2.545	0.022
173	69.815	6.305	17.365	2.724	0.022
174	67.66	5.959	16.424	2.467	0.023
175	68.299	6.199	17.521	2.723	0.023
176	65.432	5.801	16.107	2.455	0.022
177	63.109	5.689	15.067	2.35	0.022
178	69.183	6.231	17.253	2.696	0.023
179	66.485	6.015	16.372	2.571	0.022
180	75.133	6.603	19.642	2.944	0.023
181	70.01	6.297	17.284	2.683	0.023
182	63.968	5.761	14.935	2.342	0.022
183	69.192	6.221	17.547	2.732	0.022
184	68.916	6.207	17.061	2.692	0.022
185	69.922	6.352	18.006	2.887	0.022
186	71.279	6.454	18.355	2.892	0.022
187	69.599	6.236	17.862	2.732	0.022
188	68.036	6.116	16.83	2.647	0.022
189	70.947	6.369	18.007	2.772	0.022
190	71.648	6.437	19.646	3.008	0.022
191	71.78	6.428	18.867	2.873	0.023
192	66.493	5.999	16.406	2.576	0.022
193	65.849	5.845	15.86	2.443	0.022
194	67.55	6.221	16.813	2.759	0.023
195	66.783	6.049	16.913	2.626	0.022
196	66.041	6.01	15.54	2.489	0.023
197	70.053	6.349	18.222	2.846	0.023
198	66.907	6.05	15.799	2.504	0.023
199	67.724	6.065	17.509	2.698	0.022
200	71.054	6.318	18.483	2.833	0.022
201	72.048	6.508	18.226	2.826	0.024
202	70.404	6.269	17.636	2.738	0.023
203	71.538	6.458	17.063	2.675	0.024
204	71.823	6.57	19.781	3.143	0.022
205	74.097	6.569	19.973	3.007	0.022
206	69.151	6.205	17.543	2.701	0.022
207	69.338	6.235	17.335	2.69	0.022
208	63.841	5.609	15.169	2.293	0.021
209	69.772	6.307	17.916	2.792	0.022
210	67.07	6.05	16.378	2.549	0.023
211	68.847	6.189	17.144	2.686	0.022
212	69.877	6.254	18.487	2.859	0.022
213	69.89	6.286	18.729	2.87	0.022
214	70.815	6.216	18.272	2.718	0.022
215	73.12	6.572	19.731	3.044	0.023
216	73.244	6.518	19.562	2.963	0.023
217	74.762	6.768	19.952	3.113	0.023
218	71.785	6.399	18.733	2.872	0.022
219	71.153	6.481	18.621	2.9	0.022
220	69.549	6.248	17.065	2.65	0.022
221	79.059	7.142	22.63	3.513	0.023
222	71.751	6.454	18.68	2.968	0.023
223	71.679	6.507	17.809	2.876	0.024
224	71.74	6.506	18.55	2.905	0.023
225	70.557	6.34	17.655	2.764	0.022
226	73.226	6.631	19.704	3.085	0.023
227	69.748	6.219	17.794	2.729	0.022
228	70.097	6.371	18.246	2.92	0.022
229	69.636	6.193	17.17	2.683	0.023
230	74.224	6.693	20.301	3.172	0.023
231	66.587	6.035	15.702	2.469	0.023
232	70.011	6.274	18.615	2.89	0.021
233	67.801	6.151	16.576	2.652	0.023
234	68.096	6.118	17.767	2.7	0.023
235	72.094	6.489	19.159	2.955	0.023
236	70.601	6.494	18.657	2.988	0.023
237	70.743	6.436	18.495	2.91	0.023
238	68.855	6.177	18.233	2.797	0.022
239	71.231	6.33	18.251	2.734	0.023
240	73.521	6.604	19.345	2.985	0.023
241	66.746	5.955	16.227	2.504	0.022
242	68.849	6.124	16.779	2.583	0.023
243	66.473	6.037	16.528	2.603	0.021
244	71.427	6.433	18.499	2.903	0.023
245	72.033	6.358	18.201	2.79	0.023
246	67.556	6.085	16.601	2.58	0.023
247	69.414	6.25	17.299	2.759	0.023
248	67.603	6.102	17.286	2.678	0.022
249	68.51	6.236	17.298	2.738	0.022
250	72.019	6.501	19.089	2.974	0.022
251	67.619	6.094	16.655	2.594	0.023
252	71.609	6.468	18.72	2.918	0.022
253	73.016	6.505	19.986	3.013	0.022
254	69.472	6.137	17.816	2.654	0.022
255	76.102	6.765	20.222	3.078	0.023
256	69.246	6.162	16.546	2.511	0.023
257	67.675	6.245	17.004	2.773	0.023
258	71.054	6.405	18.53	2.918	0.022
259	67.334	6.065	16.394	2.53	0.022
260	68.233	6.122	17.557	2.713	0.022
261	73.321	6.587	19.473	3.014	0.023
262	72.204	6.571	19.519	3.045	0.023
263	67.869	6.235	17.831	2.879	0.022
264	66.553	6.021	16.712	2.716	0.022
265	62.343	5.703	14.142	2.257	0.023
266	71.349	6.394	18.381	2.858	0.023
267	74.487	6.799	20.008	3.161	0.024
268	69.831	6.182	18.375	2.783	0.022
269	66.311	5.976	15.966	2.475	0.023
270	67.613	5.973	16.453	2.458	0.022
271	67.514	6.043	16.799	2.579	0.021
272	66.854	6.017	16.326	2.518	0.023
273	68.74	6.138	17.326	2.621	0.023
274	72.739	6.586	18.687	2.936	0.023
275	74.638	6.692	20.103	3.095	0.024
276	71.429	6.374	19.099	2.892	0.023
277	69.977	6.314	18.228	2.826	0.023
278	68.76	6.166	17.48	2.657	0.023
279	73.471	6.59	19.136	3.028	0.022
280	74.251	6.724	19.721	3.043	0.024
281	64.359	5.763	15.263	2.337	0.022
282	63.704	5.693	15.039	2.329	0.022
283	71.245	6.349	17.987	2.754	0.023
284	71.864	6.482	18.76	2.884	0.023
285	67.446	6.081	15.982	2.513	0.024
286	65.631	5.898	15.701	2.455	0.022
287	73.247	6.617	19.768	3.071	0.021
288	71.465	6.384	19.045	2.897	0.022
289	74.227	6.635	19.369	3.018	0.022
290	76.07	6.817	20.374	3.127	0.024
291	68.048	6.149	16.26	2.56	0.023
292	74.027	6.528	19.139	2.929	0.022
293	74.846	6.746	20.539	3.204	0.022
294	67.148	5.989	16.821	2.579	0.022
295	65.152	5.839	15.805	2.415	0.022
296	72.501	6.506	18.456	2.838	0.024
297	64.792	5.894	15.845	2.528	0.022
298	69.823	6.26	18.2	2.806	0.022
299	66.708	6.05	15.544	2.457	0.024
300	69.156	6.224	17.641	2.731	0.022
301	70.569	6.404	18.364	2.943	0.021
302	69.218	6.17	16.927	2.635	0.022
303	69.293	6.216	17.474	2.676	0.023
304	68.008	6.097	16.884	2.574	0.023
305	67.864	6.104	17.599	2.757	0.022
306	75.658	6.72	19.923	3.006	0.023
307	66.434	6.023	16.945	2.686	0.021
308	65.578	5.855	15.468	2.384	0.022
309	75.659	6.745	20.428	3.113	0.023
310	66.981	5.97	16.193	2.468	0.023
311	71.743	6.473	19.403	3.076	0.023
312	69.439	6.211	16.791	2.603	0.023
313	74.767	6.659	19.797	3.04	0.023
314	69.573	6.181	17.876	2.712	0.022
315	71.825	6.42	19.107	2.946	0.022
316	69.293	6.258	17.72	2.752	0.023
317	71.289	6.53	18.966	3.135	0.023
318	70.299	6.244	17.143	2.623	0.023
319	67.607	6.049	16.479	2.537	0.022
320	71.355	6.399	18.311	2.807	0.023
321	73.081	6.591	19.375	2.985	0.023
322	64.749	5.819	15.514	2.395	0.023
323	69.26	6.38	18.178	2.955	0.023
324	71.969	6.56	18.095	2.838	0.024
325	69.801	6.354	17.717	2.796	0.023
326	66.44	5.864	16.574	2.481	0.021
327	68.902	6.219	17.476	2.744	0.022
328	68.542	6.196	17.438	2.763	0.022
329	66.936	6.025	16.253	2.538	0.023
330	68.748	6.156	18.036	2.753	0.022
331	69.655	6.288	17.758	2.818	0.023
332	66.035	5.947	15.993	2.516	0.023
333	69.195	6.203	17.885	2.778	0.022
334	69.668	6.178	18.056	2.728	0.022
335	67.628	6.01	16.92	2.553	0.022
336	69.023	6.155	17.592	2.694	0.022
337	71.14	6.373	18.791	2.861	0.023
338	74.416	6.65	19.886	3.03	0.023
339	70.823	6.457	18.362	2.905	0.022
340	71.282	6.497	18.126	2.952	0.023
341	64.653	5.827	16.146	2.526	0.022
342	67.601	6.037	16.595	2.564	0.022
343	68.879	6.205	17.982	2.784	0.022
344	68.237	6.123	17.464	2.751	0.022
345	66.326	5.884	16.172	2.465	0.022
346	72.705	6.551	18.866	2.961	0.023
347	70.092	6.239	17.595	2.691	0.022
348	70.203	6.304	18.358	2.826	0.022
349	73.762	6.775	19.18	3.136	0.024
350	64.37	5.821	15.604	2.437	0.022
351	66.362	5.971	16.535	2.618	0.023
352	61.34	5.554	13.354	2.143	0.023
353	67.703	6.113	17.632	2.774	0.021
354	71.35	6.392	17.932	2.764	0.023
355	72.552	6.457	18.803	2.868	0.023
356	68.877	6.175	17.698	2.718	0.023
357	68.049	6.112	17.064	2.625	0.022
358	66.239	5.923	16.12	2.523	0.022
359	61.376	5.59	13.833	2.212	0.023
360	70.29	6.306	17.311	2.668	0.024
361	72.339	6.511	19.244	3.036	0.022
362	71.699	6.319	18.044	2.697	0.023
363	70.324	6.315	17.831	2.728	0.022
364	72.665	6.495	18.706	2.905	0.023
365	74.098	6.656	19.949	3.114	0.023
366	65.685	5.882	15.839	2.422	0.022
367	69.453	6.296	17.861	2.9	0.023
368	68.176	6.066	16.869	2.561	0.022
369	69.724	6.235	18.079	2.798	0.022
370	71.385	6.461	18.894	2.938	0.023
371	67.861	6.133	16.701	2.581	0.023
372	76.024	6.762	21.23	3.204	0.023
373	68.816	6.206	17.122	2.666	0.023
374	71.009	6.333	18.668	2.803	0.023
375	67.893	6.107	16.594	2.577	0.023
376	74.005	6.739	20.273	3.195	0.023
377	65.947	6.015	16.071	2.616	0.022
378	63.545	5.605	15.098	2.288	0.021
379	63.315	5.661	13.917	2.161	0.023
380	70.546	6.334	18.043	2.817	0.022
381	70.976	6.323	18.112	2.719	0.023
382	69.194	6.296	18.558	2.891	0.022
383	68.574	6.203	17.184	2.734	0.023
384	72.485	6.467	18.495	2.831	0.023
385	66.39	5.952	15.798	2.494	0.022
386	65.514	5.988	16.825	2.652	0.022
387	67.559	6.091	17.225	2.68	0.022
388	66.859	6.083	16.709	2.665	0.022
389	67.897	6.119	16.917	2.604	0.022
390	66.216	5.925	15.946	2.503	0.023
391	68.836	6.171	17.128	2.634	0.022
392	69.707	6.197	17.352	2.628	0.023
393	69.018	6.406	16.545	2.702	0.024
394	68.28	6.18	17.568	2.746	0.023
395	68.151	6.124	17.015	2.62	0.022
396	67.344	6.01	17.29	2.621	0.022
397	69.327	6.109	17.841	2.649	0.022
398	71.193	6.335	17.955	2.77	0.022
399	66.885	6.02	17.003	2.61	0.022
400	70.068	6.22	17.861	2.708	0.023
401	71.459	6.441	18.807	2.874	0.023
402	62.358	5.505	14.463	2.206	0.022
403	69.869	6.306	18.141	2.763	0.022
404	66.832	6.044	16.786	2.623	0.022
405	68.621	6.252	16.827	2.66	0.024
406	71.925	6.298	18.76	2.792	0.022
407	77.543	6.87	21.277	3.227	0.023
408	73.126	6.529	19.211	2.948	0.023
409	68.582	6.102	17.355	2.663	0.022
410	70.013	6.345	17.895	2.804	0.022
411	70.712	6.352	18.133	2.806	0.023
412	70.248	6.332	17.985	2.771	0.023
413	65.446	5.966	16.33	2.627	0.021
414	70.46	6.4	17.517	2.769	0.023
415	67.578	6.132	16.567	2.607	0.023
416	69.102	6.285	17.609	2.754	0.022
417	75.429	6.81	20.562	3.229	0.023
418	71.593	6.451	19.067	2.962	0.023
419	73.27	6.504	18.671	2.8	0.023
420	67.809	6.087	17.092	2.644	0.022
421	68.754	6.199	17.208	2.739	0.022
422	68.902	6.107	17.947	2.738	0.022
423	66.728	5.961	16.939	2.611	0.021
424	72.949	6.461	19.845	2.997	0.022
425	71.136	6.231	18.474	2.774	0.022
426	73.144	6.463	19.225	2.95	0.022
427	67.627	6.074	16.576	2.586	0.023
428	72.172	6.528	18.681	2.909	0.024
429	74.825	6.848	19.583	3.096	0.024
430	71.891	6.348	18.318	2.759	0.022
431	72.104	6.358	18.634	2.836	0.021
432	75.17	6.742	20.11	3.141	0.023
433	77.306	6.991	21.133	3.258	0.024
434	67.591	6.022	16.344	2.493	0.023
435	71.637	6.466	17.684	2.792	0.023
436	63.27	5.703	14.341	2.252	0.022
437	72.429	6.42	19.467	2.976	0.022
438	72.944	6.712	19.739	3.223	0.023
439	71.058	6.266	18.004	2.729	0.023
440	66.444	5.914	15.876	2.452	0.022
441	66.737	6.139	16.988	2.763	0.022
442	73.504	6.668	20.041	3.184	0.023
443	71.674	6.282	18.454	2.723	0.023
444	75.244	6.779	20.091	3.198	0.024
445	70.477	6.324	18.483	2.891	0.023
446	66.131	5.92	16.292	2.547	0.022
447	69.448	6.251	17.544	2.679	0.023
448	68.031	6.068	17.244	2.657	0.022
449	68.342	6.155	16.814	2.597	0.024
450	68.972	6.258	17.22	2.763	0.023
451	73.155	6.483	19.344	2.954	0.022
452	69.417	6.189	17.176	2.647	0.022
453	73.053	6.478	19.188	2.914	0.023
454	66.225	5.943	16.093	2.484	0.023
455	68.714	6.058	17.566	2.645	0.023
456	70.192	6.298	18.404	2.832	0.022
457	68.468	6.117	16.389	2.54	0.023
458	68.459	6.062	17.416	2.609	0.022
459	70.455	6.356	18.314	2.857	0.022
460	69.783	6.261	17.829	2.78	0.022
461	68.162	6.179	17.206	2.685	0.022
462	67.719	6.086	16.371	2.515	0.023
463	72.654	6.679	18.499	2.995	0.024
464	66.284	5.938	16.349	2.535	0.022
465	72.154	6.449	19.272	2.951	0.022
466	73.257	6.424	19.418	2.908	0.022
467	72.042	6.412	18.894	2.928	0.022
468	71.412	6.41	18.922	2.926	0.022
469	78.036	7.052	20.975	3.28	0.024
470	64.483	5.798	15.522	2.431	0.023
471	74.448	6.605	19.272	2.929	0.023
472	71.152	6.385	17.272	2.711	0.023
473	73.707	6.599	19.223	2.981	0.023
474	66.514	6.035	16.478	2.598	0.022
475	73.402	6.574	20.301	3.033	0.023
476	65.445	5.833	15.462	2.392	0.022
477	68.72	6.363	17.677	2.934	0.023
478	69.786	6.296	18.251	2.872	0.021
479	65.267	5.914	15.717	2.496	0.023
480	68.447	6.142	17.341	2.698	0.023
481	69.328	6.184	17.095	2.62	0.023
482	66.322	5.943	16.461	2.544	0.022
483	66.478	5.897	17.232	2.603	0.022
484	73.151	6.615	18.891	2.931	0.024
485	72.124	6.564	19.418	3.059	0.023
486	67.531	6.01	17.622	2.645	0.021
487	66.603	5.923	16.941	2.597	0.021
488	70.868	6.363	18.177	2.791	0.022
489	69.903	6.328	18.41	2.89	0.022
490	69.52	6.112	17.698	2.648	0.022
491	64.683	5.848	15.531	2.428	0.023
492	71.971	6.605	19.403	3.127	0.023
493	70.989	6.297	18.395	2.785	0.022
494	69.029	6.135	16.885	2.561	0.023
495	68.21	6.182	17.13	2.716	0.023
496	71.926	6.451	18.94	2.9	0.022
497	65.75	5.941	16.011	2.455	0.022
498	71.795	6.481	19.23	2.935	0.023
499	68.528	6.246	18.022	2.862	0.022
500	70.466	6.335	18.222	2.828	0.022
501	67.678	5.943	16.618	2.487	0.022
502	65.682	5.908	15.556	2.391	0.023
503	70.185	6.351	17.944	2.785	0.023
504	70.926	6.403	17.973	2.832	0.023
505	73.32	6.512	19.767	2.99	0.023
506	69.973	6.214	17.749	2.744	0.022
507	69.16	6.296	17.081	2.724	0.023
508	71.927	6.505	19.056	2.989	0.022
509	71.291	6.37	17.925	2.774	0.022
510	73.206	6.645	19.874	3.111	0.023
511	65.132	5.828	15.944	2.444	0.022
512	68.154	6.172	16.643	2.672	0.023
513	71.75	6.506	17.843	2.906	0.023
514	71.207	6.418	17.907	2.833	0.024
515	62.65	5.539	14.139	2.155	0.022
516	71.361	6.435	19.419	2.972	0.023
517	71.305	6.401	18.517	2.876	0.023
518	73.86	6.453	19.789	2.94	0.022
519	72.812	6.478	18.928	2.862	0.024
520	67.465	6.146	16.559	2.688	0.022
521	72.799	6.513	18.871	2.892	0.023
522	73.419	6.643	19.745	3.027	0.024
523	72.55	6.318	19.247	2.833	0.022
524	76.175	6.655	20.57	2.97	0.023
525	72.479	6.498	19.222	2.974	0.023
526	67.9	6.083	16.841	2.589	0.022
527	67.933	6.064	16.987	2.646	0.023
528	68.735	6.255	16.927	2.69	0.024
529	69.462	6.334	18.003	2.859	0.022
530	68.079	6.223	16.943	2.732	0.023
531	68.735	6.23	17.698	2.84	0.021
532	68.191	6.177	17.595	2.726	0.022
533	71.118	6.307	18.005	2.754	0.023
534	70.817	6.379	18.647	2.986	0.022
535	67.759	6.138	17.501	2.786	0.022
536	73.239	6.434	18.791	2.805	0.022
537	73.346	6.584	20.017	3.097	0.022
538	66.576	5.919	16.151	2.45	0.022
539	67.938	6.132	16.094	2.512	0.023
540	74.974	6.67	19.467	2.981	0.023
541	74.525	6.575	20.355	3.045	0.022
542	72.282	6.524	18.876	2.976	0.023
543	78.751	7.018	22.128	3.413	0.023
544	65.763	5.843	16.328	2.474	0.022
545	64.989	5.823	15.583	2.421	0.021
546	74.803	6.668	20.461	3.091	0.022
547	72.12	6.453	19.05	2.968	0.022
548	71.879	6.454	18.706	2.954	0.023
549	72.478	6.564	18.519	2.963	0.022
550	65.588	5.873	15.677	2.446	0.023
551	71.468	6.407	18.925	2.931	0.022
552	76.92	6.922	21.396	3.257	0.023
553	67.037	5.982	16.026	2.46	0.023
554	68.332	6.076	17.195	2.615	0.022
555	64.539	5.74	15.962	2.419	0.022
556	62.403	5.653	14.696	2.337	0.023
557	72.613	6.506	18.773	2.899	0.023
558	68.418	6.177	16.325	2.563	0.024
559	69.929	6.45	17.581	2.826	0.023
560	67.924	6.225	16.831	2.685	0.023
561	67.721	6.041	16.931	2.606	0.021
562	69.997	6.255	17.513	2.685	0.023
563	69.881	6.2	18.088	2.773	0.022
564	70.495	6.359	17.725	2.779	0.023
565	72.256	6.451	18.936	2.874	0.022
566	70.277	6.36	18.101	2.847	0.023
567	65.985	5.886	16.045	2.439	0.023
568	70.558	6.184	17.788	2.675	0.022
569	72.818	6.419	18.629	2.821	0.023
570	66.719	6.058	16.036	2.549	0.023
571	67.321	6.009	16.78	2.521	0.022
572	77.991	7.057	21.497	3.39	0.024
573	65.091	5.759	15.307	2.342	0.022
574	65.77	5.93	15.326	2.396	0.023
575	69.405	6.441	17.237	2.814	0.023
576	65.976	6.026	16.589	2.628	0.022
577	75.577	6.788	20.974	3.201	0.023
578	73.591	6.656	19.473	3.101	0.023
579	70.428	6.285	18.189	2.765	0.022
580	70.008	6.307	17.897	2.842	0.023
581	66.917	6.034	16.999	2.633	0.022
582	66.157	5.951	15.772	2.435	0.023
583	68.458	6.18	16.161	2.528	0.024
584	66.441	5.93	16.438	2.55	0.022
585	67.819	6.174	17.502	2.789	0.022
586	69.333	6.287	17.798	2.798	0.023
587	70.744	6.388	17.99	2.795	0.023
588	62.85	5.644	14.796	2.269	0.023
589	70.98	6.41	18.189	2.809	0.023
590	75.25	6.775	20.041	3.142	0.023
591	64.875	5.736	14.864	2.249	0.022
592	73.866	6.631	18.756	2.891	0.024
593	73.692	6.49	19.834	2.971	0.022
594	69.825	6.347	17.8	2.788	0.023
595	69.028	6.239	17.112	2.67	0.023
596	72.131	6.398	18.996	2.885	0.022
597	70.369	6.282	18.611	2.829	0.021
598	70.353	6.22	18.873	2.853	0.021
599	72.26	6.511	18.75	2.971	0.023
600	68.716	6.056	17.41	2.621	0.022
601	66.425	6.058	15.886	2.547	0.023
602	69.041	6.121	16.845	2.569	0.023
603	76.068	6.961	21.384	3.372	0.023
604	72.959	6.638	19.484	3.105	0.023
605	70.375	6.262	18.185	2.776	0.022
606	76.837	6.86	20.667	3.159	0.024
607	68.179	6.31	16.989	2.764	0.024
608	70.606	6.359	17.489	2.749	0.023
609	74.532	6.718	19.91	3.087	0.023
610	70.947	6.365	18.293	2.796	0.023
611	69.497	6.243	17.709	2.737	0.022
612	69.245	6.339	17.309	2.78	0.023
613	68.359	6.178	17.215	2.667	0.023
614	73.271	6.427	19.628	2.887	0.022
615	63.342	5.699	14.912	2.334	0.022
616	71.395	6.419	18.342	2.818	0.023
617	75.973	6.818	20.308	3.145	0.024
618	69.55	6.121	17.503	2.652	0.022
619	68.104	6.077	16.946	2.583	0.022
620	70.977	6.31	17.784	2.715	0.023
621	74.575	6.719	19.921	3.13	0.024
622	69.332	6.195	17.546	2.715	0.023
623	72.481	6.605	19.195	3.081	0.022
624	69.105	6.134	17.042	2.604	0.023
625	67.641	5.979	16.579	2.523	0.021
626	75.918	6.689	20.902	3.108	0.022
627	70.182	6.363	18.363	2.892	0.022
628	64.086	5.747	15.198	2.338	0.022
629	62.006	5.571	13.958	2.201	0.022
630	73.038	6.594	19.827	3.054	0.023
631	68.791	6.124	16.895	2.649	0.022
632	75.521	6.802	20.811	3.196	0.023
633	72.502	6.55	18.778	2.959	0.023
634	69.059	6.191	16.835	2.591	0.024
635	70.779	6.356	18.729	2.896	0.023
636	66.47	5.967	15.988	2.466	0.023
637	70.019	6.228	18.277	2.763	0.022
638	74.639	6.657	20.194	3.035	0.023
639	74.095	6.651	21.11	3.238	0.022
640	70.943	6.412	17.609	2.782	0.022
641	66.153	5.938	16.073	2.468	0.024
642	73.313	6.517	19.054	2.848	0.023
643	63.882	5.826	15.016	2.386	0.023
644	73.867	6.606	19.331	2.945	0.024
645	65.715	5.895	16.618	2.552	0.023
646	67.991	6.128	16.988	2.672	0.023
647	71.363	6.503	18.843	3.014	0.022
648	64.368	5.796	14.984	2.365	0.023
649	68.339	6.088	17.024	2.589	0.022
650	73.543	6.707	19.306	3.058	0.023
651	69.533	6.307	17.577	2.792	0.023
652	73.194	6.573	20.145	3.106	0.022
653	62.104	5.617	14.076	2.246	0.023
654	69.903	6.271	17.057	2.636	0.023
655	70.635	6.245	18.126	2.765	0.022
656	71.456	6.354	18.844	2.852	0.023
657	70.861	6.366	18.152	2.821	0.023
658	67.522	6.042	17.071	2.565	0.023
659	72.569	6.431	18.692	2.843	0.022
660	67.837	6.161	17.998	2.818	0.021
661	77.108	6.783	21.369	3.153	0.023
662	72.838	6.512	19.125	2.914	0.024
663	67.921	6.143	16.841	2.644	0.023
664	72.439	6.565	19.567	3.039	0.023
665	70.371	6.244	17.624	2.691	0.023
666	70.142	6.198	17.725	2.714	0.021
667	73.883	6.681	19.897	3.196	0.023
668	71.517	6.314	18.419	2.756	0.023
669	64.014	5.715	15.429	2.347	0.022
670	74.667	6.718	19.85	3.092	0.023
671	69.506	6.327	17.763	2.829	0.023
672	70.359	6.25	17.982	2.783	0.022
673	72.311	6.506	18.513	2.862	0.023
674	65.033	5.851	15.483	2.415	0.023
675	73.013	6.62	18.951	3.03	0.023
676	70.315	6.23	18.36	2.761	0.022
677	65.943	5.953	16.186	2.556	0.023
678	71.796	6.494	18.525	2.846	0.023
679	68.474	6.007	16.855	2.527	0.022
680	66.914	6.03	16.304	2.553	0.022
681	70.98	6.387	18.314	2.874	0.022
682	72.832	6.463	19.048	2.908	0.023
683	76.574	6.749	21.344	3.19	0.022
684	67.818	6.182	16.863	2.664	0.023
685	62.583	5.698	14.366	2.301	0.022
686	65.069	5.867	15.132	2.361	0.023
687	65.589	5.975	16.69	2.644	0.021
688	65.634	5.798	15.576	2.375	0.021
689	76.007	6.925	21.254	3.34	0.023
690	66.28	5.955	16.846	2.621	0.022
691	69.597	6.271	17.863	2.715	0.023
692	67.839	6.075	17.684	2.767	0.02
693	65.6	5.845	15.249	2.356	0.023
694	69.234	6.202	16.893	2.62	0.024
695	69.528	6.184	18.069	2.779	0.021
696	69.385	6.169	17.458	2.645	0.023
697	71.168	6.442	18.605	2.952	0.022
698	68.21	6.126	16.86	2.581	0.023
699	68.436	6.167	16.991	2.639	0.022
700	69.105	6.236	17.594	2.726	0.022
701	70.747	6.411	17.769	2.889	0.023
702	72.497	6.544	18.572	2.937	0.024
703	67.502	6.14	17.803	2.821	0.022
704	63.707	5.836	15.494	2.485	0.022
705	69.953	6.351	17.651	2.741	0.023
706	70.895	6.344	18.305	2.821	0.022
707	68.663	6.171	17.809	2.833	0.021
708	70.645	6.273	17.813	2.76	0.022
709	68.078	6.162	17.331	2.691	0.023
710	72.042	6.379	19.006	2.879	0.022
711	70.681	6.359	17.117	2.673	0.023
712	73.202	6.714	19.97	3.188	0.023
713	69.05	6.28	17.644	2.777	0.023
714	68.225	5.973	17.848	2.668	0.021
715	65.844	5.834	16.535	2.532	0.02
716	75.107	6.832	20.588	3.242	0.023
717	65.666	5.931	16.588	2.561	0.022
718	67.324	5.992	16.621	2.56	0.022
719	69.569	6.17	18.058	2.72	0.022
720	61.234	5.443	13.769	2.117	0.022
721	68.528	6.186	17.112	2.692	0.023
722	68.334	6.122	17.207	2.642	0.022
723	65.387	5.8	15.518	2.405	0.023
724	70.447	6.249	18.087	2.729	0.023
725	73.501	6.667	18.95	3.032	0.023
726	69.622	6.223	18.393	2.814	0.021
727	69.432	6.345	17.638	2.899	0.022
728	66.834	5.955	16.037	2.474	0.022
729	65.746	5.868	16.413	2.474	0.021
730	68.319	6.146	17.087	2.666	0.022
731	68.944	6.133	17.076	2.606	0.022
732	71.65	6.421	18.033	2.773	0.023
733	73.233	6.535	20.216	3.026	0.023
734	69.924	6.404	18.247	2.951	0.023
735	69.927	6.363	17.634	2.85	0.022
736	59.474	5.282	13.026	2.019	0.022
737	69.012	6.143	17.964	2.756	0.021
738	69.127	6.165	16.877	2.634	0.023
739	64.417	5.915	15.152	2.476	0.023
740	72.92	6.508	19.369	2.984	0.022
741	67.954	6.03	16.956	2.611	0.022
742	70.025	6.25	17.996	2.711	0.022
743	70.051	6.303	18.422	2.894	0.022
744	65.951	5.953	16.266	2.554	0.022
745	64.362	5.81	15.311	2.412	0.022
746	65.174	5.859	15.382	2.404	0.023
747	68.743	6.101	17.594	2.638	0.022
748	67.595	6.043	16.625	2.54	0.022
749	69.595	6.233	17.581	2.701	0.022
750	74.686	6.755	20.616	3.241	0.023
751	69.674	6.248	17.931	2.767	0.022
752	73.684	6.56	19.403	2.969	0.022
753	68.121	6.063	17.028	2.612	0.023
754	66.243	5.876	15.941	2.45	0.022
755	72.295	6.607	19.437	3.092	0.023
756	69.76	6.235	17.969	2.72	0.022
757	69.159	6.215	17.419	2.666	0.024
758	68.499	6.262	17.536	2.785	0.022
759	73.889	6.609	19.426	2.95	0.023
760	69.563	6.214	17.766	2.716	0.022
761	65.886	5.917	15.881	2.479	0.022
762	73.158	6.448	19.021	2.905	0.022
763	64.683	5.812	15.049	2.338	0.022
764	69.022	6.138	17.607	2.65	0.022
765	67.852	6.126	17.257	2.699	0.022
766	73.845	6.664	18.89	2.99	0.023
767	74.48	6.649	20.656	3.09	0.022
768	67.458	6.082	17.43	2.693	0.022
769	66.565	6.034	17.154	2.747	0.022
770	68.219	6.14	16.348	2.565	0.023
771	72.389	6.61	18.62	3.033	0.024
772	69.385	6.194	17.615	2.724	0.023
773	72.42	6.557	19.878	3.142	0.022
774	68.635	6.184	17.344	2.723	0.022
775	71.167	6.441	19.334	3.02	0.022
776	71.194	6.363	18.442	2.885	0.022
777	68.551	6.154	18.128	2.859	0.022
778	68.62	6.182	17.465	2.689	0.022
779	67.626	6.044	16.832	2.588	0.022
780	69.726	6.297	17.208	2.633	0.024
781	66.907	5.982	16.289	2.558	0.022
782	68.448	6.207	16.81	2.713	0.023
783	69.692	6.196	17.925	2.707	0.023
784	75.634	6.807	19.964	3.07	0.023
785	72.95	6.478	19.312	2.971	0.022
786	69.405	6.204	17.203	2.642	0.023
787	70.183	6.345	18.101	2.829	0.022
788	67.556	6.068	16.432	2.536	0.022
789	68.473	6.068	16.733	2.545	0.023
790	69.497	6.264	18.031	2.77	0.023
791	70.145	6.385	18.086	2.859	0.023
792	65.662	5.887	15.716	2.432	0.022
793	67.324	6.155	16.655	2.684	0.023
794	66.933	6.008	16.617	2.598	0.022
795	78.846	6.998	22.235	3.361	0.023
796	69.589	6.261	17.734	2.797	0.022
797	68.745	6.168	17.719	2.735	0.022
798	65.455	5.887	15.072	2.368	0.023
799	68.641	6.208	16.774	2.639	0.023
800	69.164	6.191	17.464	2.717	0.022
801	64.871	5.859	14.907	2.347	0.024
802	71.788	6.354	18.186	2.785	0.022
803	70.269	6.252	17.412	2.656	0.023
804	68.728	6.229	16.941	2.676	0.024
805	71.156	6.402	18.223	2.865	0.023
806	70.141	6.316	18.266	2.837	0.023
807	71.751	6.483	18.888	2.937	0.023
808	72.095	6.47	18.961	2.886	0.023
809	69.306	6.226	17.359	2.674	0.022
810	66.466	5.857	15.932	2.405	0.022
811	72.366	6.375	19.358	2.92	0.022
812	70.105	6.218	18.149	2.751	0.021
813	71.395	6.333	18.145	2.754	0.023
814	67.768	6.109	16.946	2.628	0.023
815	69.745	6.241	16.727	2.606	0.024
816	69.728	6.328	18.41	2.886	0.024
817	67.226	6.014	15.816	2.433	0.023
818	76.397	6.8	20.766	3.176	0.023
819	66.707	6.035	16.756	2.605	0.022
820	72.427	6.5	19.204	2.973	0.023
821	63.469	5.68	14.97	2.319	0.022
822	67.207	6.043	16.393	2.549	0.022
823	71.433	6.405	18.572	2.832	0.022
824	67.104	5.981	16.038	2.463	0.023
825	69.652	6.42	17.954	2.978	0.023
826	71.066	6.47	18.133	2.875	0.024
827	73.28	6.457	20.291	3.031	0.022
828	69.742	6.215	17.311	2.653	0.022
829	65.909	5.907	16.493	2.583	0.021
830	67.532	6.052	16.779	2.568	0.023
831	69.437	6.341	16.945	2.694	0.023
832	70.259	6.353	17.355	2.748	0.023
833	74.459	6.693	19.87	3.051	0.022
834	68.426	6.191	16.664	2.628	0.022
835	66.185	5.971	15.979	2.482	0.022
836	64.357	5.797	15.337	2.43	0.023
837	71.883	6.446	18.494	2.882	0.023
838	72.947	6.618	19.842	3.146	0.022
839	76.044	6.844	20.122	3.139	0.023
840	69.389	6.164	17.156	2.633	0.023
841	72.548	6.502	18.614	2.908	0.022
842	72.058	6.603	18.553	3.012	0.024
843	72.823	6.496	19.724	3.071	0.022
844	66.762	6.036	15.974	2.515	0.023
845	68.41	6.178	17.376	2.698	0.023
846	69.916	6.272	17.201	2.641	0.023
847	67.147	6.022	16.488	2.571	0.023
848	73.268	6.627	19.588	3.044	0.023
849	68.215	6.109	18.126	2.807	0.021
850	71.393	6.341	18.617	2.902	0.022
851	71.817	6.449	18.193	2.84	0.023
852	70.422	6.304	17.871	2.758	0.023
853	74.444	6.533	20.0	2.964	0.022
854	69.477	6.345	17.365	2.713	0.023
855	70.304	6.302	17.675	2.717	0.024
856	71.288	6.421	19.108	2.929	0.023
857	67.58	6.087	16.375	2.568	0.023
858	70.414	6.368	17.162	2.715	0.023
859	67.659	6.124	15.745	2.484	0.023
860	71.083	6.373	18.608	2.864	0.023
861	71.75	6.434	19.347	3.033	0.021
862	68.547	6.169	16.978	2.649	0.022
863	64.316	5.845	15.166	2.391	0.022
864	65.319	5.766	14.87	2.266	0.022
865	65.02	5.919	14.863	2.383	0.023
866	74.028	6.759	20.002	3.198	0.023
867	71.631	6.435	19.557	3.086	0.021
868	66.657	5.974	15.804	2.509	0.022
869	68.336	6.118	16.708	2.574	0.023
870	69.265	6.243	16.892	2.654	0.023
871	73.687	6.671	19.642	3.089	0.024
872	67.001	6.124	16.676	2.684	0.022
873	63.825	5.778	15.128	2.443	0.022
874	71.509	6.495	19.077	3.048	0.022
875	66.027	5.849	16.201	2.46	0.022
876	70.838	6.359	18.264	2.821	0.022
877	65.042	5.746	15.327	2.303	0.022
878	65.115	5.927	15.8	2.501	0.023
879	66.002	5.91	15.64	2.437	0.023
880	68.017	6.032	16.661	2.544	0.022
881	71.534	6.367	18.324	2.766	0.023
882	74.221	6.776	19.742	3.182	0.023
883	63.732	5.763	15.855	2.548	0.021
884	69.591	6.297	17.601	2.789	0.022
885	74.829	6.704	19.588	2.994	0.024
886	74.193	6.553	19.458	2.942	0.023
887	69.163	6.214	17.858	2.793	0.022
888	70.454	6.27	17.994	2.76	0.022
889	74.892	6.722	20.329	3.112	0.023
890	74.205	6.517	19.627	2.964	0.022
891	72.773	6.506	19.008	2.912	0.023
892	70.384	6.331	18.652	2.848	0.022
893	75.064	6.743	20.55	3.158	0.022
894	70.477	6.34	17.829	2.799	0.022
895	71.875	6.492	18.453	2.872	0.022
896	66.391	5.924	15.793	2.429	0.023
897	69.543	6.288	17.445	2.71	0.023
898	71.166	6.356	18.786	2.877	0.022
899	71.667	6.452	18.225	2.841	0.023
900	67.61	6.066	16.531	2.578	0.022
901	71.567	6.422	17.727	2.742	0.024
902	67.318	6.031	16.787	2.599	0.022
903	66.857	6.007	16.722	2.546	0.023
904	71.978	6.4	18.61	2.786	0.024
905	69.942	6.251	17.643	2.743	0.023
906	69.135	6.228	17.883	2.76	0.022
907	68.953	6.194	18.116	2.8	0.022
908	63.324	5.695	14.516	2.251	0.022
909	71.088	6.321	19.217	2.87	0.022
910	76.589	6.909	20.528	3.203	0.023
911	70.233	6.371	18.39	2.881	0.022
912	72.6	6.509	19.415	2.95	0.022
913	65.949	5.897	16.448	2.513	0.022
914	69.573	6.257	18.165	2.772	0.023
915	63.333	5.691	15.393	2.431	0.021
916	67.295	5.936	16.583	2.531	0.022
917	68.546	6.179	16.838	2.637	0.023
918	71.34	6.327	18.876	2.792	0.023
919	68.145	6.041	17.335	2.606	0.021
920	69.025	6.135	17.615	2.656	0.022
921	72.473	6.507	19.433	3.035	0.022
922	71.509	6.418	19.037	2.93	0.022
923	66.742	5.951	15.875	2.451	0.022
924	69.516	6.279	17.673	2.739	0.022
925	70.248	6.321	18.136	2.806	0.023
926	80.376	7.176	22.897	3.487	0.023
927	68.201	6.15	17.477	2.673	0.022
928	69.606	6.154	17.893	2.684	0.022
929	68.422	6.243	17.04	2.728	0.022
930	72.58	6.593	19.055	3.098	0.023
931	69.626	6.258	17.329	2.686	0.022
932	66.902	5.946	16.095	2.485	0.022
933	72.261	6.524	19.079	2.972	0.023
934	75.41	6.709	19.938	3.02	0.024
935	73.314	6.624	19.248	3.018	0.022
936	67.21	5.961	15.705	2.425	0.024
937	71.183	6.417	18.767	2.867	0.023
938	71.307	6.365	18.771	2.892	0.022
939	69.546	6.323	17.292	2.723	0.023
940	70.203	6.321	18.118	2.829	0.022
941	72.234	6.521	18.069	2.855	0.024
942	72.677	6.698	19.506	3.126	0.022
943	74.458	6.6	19.21	2.965	0.023
944	67.673	5.985	16.58	2.553	0.022
945	68.006	6.281	16.51	2.736	0.023
946	68.464	6.107	17.38	2.668	0.021
947	67.621	6.07	16.448	2.525	0.023
948	70.391	6.351	18.15	2.965	0.022
949	71.716	6.488	19.189	2.902	0.024
950	71.164	6.535	18.291	2.921	0.024
951	66.07	5.902	15.788	2.438	0.022
952	66.88	5.946	16.846	2.543	0.022
953	72.369	6.67	19.292	3.105	0.023
954	73.46	6.704	19.839	3.119	0.023
955	73.232	6.59	20.107	3.125	0.022
956	68.579	6.11	17.638	2.7	0.021
957	76.943	6.942	22.045	3.384	0.023
958	73.277	6.523	19.124	2.901	0.023
959	74.237	6.677	20.134	3.136	0.023
960	65.855	5.892	15.526	2.393	0.023
961	66.783	6.054	16.27	2.623	0.023
962	70.885	6.329	17.38	2.664	0.024
963	70.157	6.215	18.319	2.777	0.022
964	68.541	6.155	16.765	2.654	0.022
965	70.322	6.28	17.524	2.712	0.024
966	69.532	6.368	17.672	2.831	0.023
967	74.345	6.548	19.867	2.973	0.022
968	67.977	6.132	16.797	2.65	0.023
969	72.589	6.548	19.632	3.011	0.023
970	73.155	6.532	19.26	2.934	0.023
971	67.043	6.062	16.688	2.668	0.022
972	70.433	6.29	19.024	2.894	0.023
973	69.192	6.268	17.591	2.705	0.023
974	68.221	6.126	16.83	2.605	0.023
975	65.506	5.972	15.488	2.484	0.022
976	69.344	6.182	16.525	2.556	0.024
977	68.816	6.25	16.468	2.631	0.023
978	73.223	6.58	19.13	2.948	0.023
979	67.011	6.04	16.96	2.636	0.022
980	69.114	6.212	17.209	2.705	0.022
981	67.61	6.115	16.563	2.586	0.023
982	72.445	6.473	18.448	2.793	0.024
983	72.646	6.565	19.199	2.993	0.023
984	75.357	6.631	19.873	2.983	0.023
985	62.494	5.598	14.664	2.31	0.021
986	71.708	6.41	18.692	2.868	0.023
987	68.841	6.141	17.298	2.64	0.022
988	71.115	6.47	17.885	2.83	0.023
989	73.419	6.449	19.4	2.903	0.023
990	68.883	6.23	17.838	2.842	0.022
991	71.935	6.356	18.823	2.845	0.022
992	70.485	6.252	18.143	2.727	0.022
993	70.432	6.389	17.25	2.753	0.024
994	72.717	6.457	19.728	3.037	0.023
995	70.623	6.339	17.957	2.82	0.023
996	67.113	5.955	16.847	2.537	0.021
997	81.246	7.304	22.74	3.489	0.024
998	68.777	6.242	17.83	2.788	0.022
999	67.952	6.036	16.61	2.502	0.022
1000	73.49	6.629	19.051	3.018	0.023
