MutationType	SBS96A	SBS96B	SBS96C	SBS96D	SBS96E	SBS96F	SBS96G	SBS96H	SBS96I	SBS96J
A[C>A]A	0.0012788783280289482	0.019865296330928126	0.0042744505224035605	0.014306906896362118	0.011720527057869495	0.008616720527186143	0.004855466444329281	0.012676914001411304	0.01822996625964852	0.0044423611003676765
A[C>A]C	0.0014160767950267194	0.005313907317182756	0.012411179617626321	0.014195336997374252	0.007803969153362347	0.002209954105357545	0.004658871447974361	0.00942258480428527	0.017699499763613475	0.0017652150910747882
A[C>A]G	0.00017676343001345776	0.0014041249734857094	0.00018952146479763474	0.0009233112908829554	0.001850473044819024	0.00040221298592091624	0.0006746008741297111	0.0014906779585538601	0.002303479502185908	0.0013058688300767504
A[C>A]T	0.0005754853369770764	0.009285333125141574	0.0043775335016372876	0.007904324862529583	0.005465301541953151	0.004576385320735178	0.0030772880643191868	0.009760434800076328	0.016518965273775946	0.003624641766022628
A[C>G]A	0.003329941960315974	0.006600577800811454	0.0005556298520015934	0.016334070838120426	0.007271048354907183	0.007832453945623027	0.0235285397853714	0.0034229293709105812	0.0035881390400522213	0.005967858781428307
A[C>G]C	0.001524229542603881	0.004381796096809418	0.002024124817739794	0.013421918370218656	0.0027387896058851096	0.004691642462935682	0.010500836425075395	0.006741457691226012	0.001485254128553212	0.0032541435174266047
A[C>G]G	0.00032528607371475017	0.0011865955680251971	0.00011843509404920373	0.0035024318969638104	0.0017566341016918997	0.0006688095929624631	0.0010871419701384887	0.0012045773993701121	0.0004211380626575567	0.0006366704408682077
A[C>G]T	0.005048180113666304	0.001785086813381143	0.0009092221069148384	0.012689415295223735	0.004668246892701021	0.01263701399125107	0.014167240235847506	0.005396484867350655	0.011154702405893389	0.003522198622153717
A[C>T]A	0.0007678113266958346	0.01075640857426405	0.039032144117575863	0.02857712298551195	0.009259672386856859	0.01940997804697036	0.009302204081001051	0.02034465770687548	0.019387216661919206	0.008885774914340483
A[C>T]C	0.026603032164842423	2.176056922748096e-05	0.07569600085270038	0.01531845901413783	0.0037766354924959698	0.003520547127210329	0.004940936502434978	0.004664687377905116	0.0032335515084922673	0.0008061939869479905
A[C>T]G	0.00030047550472167285	0.012017048274833953	0.0074107599240007364	0.05876454805730692	0.03799479949460497	0.025763926724286918	0.010764307320919242	0.039300739209390215	0.005396767627669682	0.019266172200574104
A[C>T]T	0.005722326722588825	0.01338187252589728	0.08388729985066579	0.01686796195190074	0.0057993739579570245	0.006083394643687277	7.265841921135367e-06	0.014508974776779546	0.011885902962727651	0.0018469468055655094
A[T>A]A	0.007073666991512841	0.004669078908189682	0.0019709405774907605	0.014347384817491532	0.005297150701226642	0.0015561248689052933	0.011045487790320272	0.01406395026332827	0.01399075709439743	0.0037915659835206484
A[T>A]C	0.0018038034310522554	0.0032989948846260894	0.0031907483578597125	0.012104258512561234	0.0043921191045531004	0.004163555030130085	0.0035417329838872574	0.005010767986326666	0.0070836055532253975	0.002030264599596434
A[T>A]G	0.0008413886238081169	0.009043183403678485	0.0018491551819406228	0.0066986708478104845	0.006028500279956027	0.0010150887123948004	0.005343799061912276	0.011713522824417785	0.008094755594026832	0.0021959250529252406
A[T>A]T	0.005558383481674491	0.01481806188203824	0.0025006779135739866	0.022093464180189534	0.0068980552874000995	0.0021489100364733334	0.004678737745721405	0.011884894921662814	0.0146211397147726	0.0038470829659345077
A[T>C]A	0.008244964841630143	0.009486611537349542	0.003888867973857412	0.030407847800791758	0.015866863755462448	0.011285988676842513	0.00960273877625616	0.0159382683716918	0.02440727482847377	0.006465659106739215
A[T>C]C	0.001314897769277029	0.00290816117875581	0.0022780261214846486	0.01199283069789179	0.0049162175214881865	0.004495363412391798	0.0049930540334156585	0.007349469196937825	0.014126222797720306	0.0034560404093962305
A[T>C]G	0.0022545773178486747	0.00639419710519552	0.001528922312036929	0.013590921985853634	0.006626914285238071	0.008404866517037004	0.0035558707242628125	0.009999458345246832	0.01047328911728819	0.10105100434900686
A[T>C]T	0.00641669845894253	0.006910363845603476	0.0034411768054950047	0.02740589003842548	0.011568282879281471	0.009377224532806705	0.008205805671696317	0.022242139106278577	0.022850633331592474	0.007785410919353536
A[T>G]A	0.003754864859153512	0.0001059468123600881	0.00046734659260681285	0.008018210708877099	0.0002391631618770435	0.0017577161059572491	0.012170068406954847	0.013713720905977009	0.007562023053245744	0.001007180900423173
A[T>G]C	0.00138729967290086	0.0008128923317924018	1.4964774138382629e-05	0.004108406068612203	0.000400033751860407	0.001199682420100872	0.004702468346464731	0.002569980963863042	0.003682854232762303	0.00020044181618757715
A[T>G]G	0.007601699530764437	0.010962572521711724	0.0007463184430314486	0.0013756092691743387	0.0017406931278573312	0.0003077090850899225	0.0023750537506381994	0.04687827864319829	0.0004898800770149145	0.0051465396192233795
A[T>G]T	0.001266935421404277	0.0033168610151635843	0.000885160144635706	0.00522366448560602	0.0026369410682276994	0.0012123360299185273	0.005720811270793141	0.008359033348533284	0.022766136611535173	0.001545871557930145
C[C>A]A	0.00432179698465352	0.008188757425548187	0.02764516719159247	0.0006739904067157478	0.2800967881982116	0.009763152020947916	0.04020395639503441	0.0058364958380207575	0.017003572994900594	0.0013081119865587204
C[C>A]C	0.0016256432401492308	0.005027667308254335	0.009691452556477126	0.00455340237684063	0.03599185507708779	0.012958749784175714	0.025530137032501767	0.0045118610530864205	0.007496932391330698	0.003116338146633008
C[C>A]G	7.934768365351521e-05	0.001059810653858586	0.004220276184823044	0.0014251287362899462	0.03440446669047753	2.906365076436236e-06	0.0062452425955801015	0.0010886435030645068	0.0031756177824611353	0.0010229963989166924
C[C>A]T	0.0019410357946612468	0.010802604170712866	0.023391766382616433	0.0014413744679401214	0.12277652839234306	0.008363957078009772	0.07059006769035275	0.00371410753010692	0.0005209767118322426	0.001698637124510078
C[C>G]A	0.00036243564264264817	0.005974916118944275	0.0008057848527804947	0.0034073378368347684	0.0036982428316899006	0.01096167151297994	0.006591580974589359	0.004453143392888976	0.00446424525952317	0.001961713374379241
C[C>G]C	0.0004798445432188364	0.004290317991347917	0.0011324502794000432	0.004605040140324505	0.005030796049567292	0.007387986203929794	0.008349345116309909	0.0020729525506278565	0.0035410140715004435	0.0019107335027525932
C[C>G]G	0.0001605222780225963	0.0012088071259528659	0.0006733318735091409	0.002208451886176815	0.0006512051622621464	0.001673000174112446	0.001342566697377102	0.0006007385525268764	0.0011514451116320457	0.000388612468279749
C[C>G]T	0.0027839861269970357	0.004296239223312531	0.00131165214571833	0.0036389132501226155	0.004590304528162424	0.0200874598866617	0.007211613907226413	0.006133971027097315	0.008571526388953449	0.0020262044219473154
C[C>T]A	0.04822818196699545	0.047292839950699814	0.030809093089478337	0.011128373687803152	0.004688674177457994	0.01842532908263327	0.016855124875880187	0.021737420326909125	0.00671428237175126	0.009611082681206544
C[C>T]C	0.06547596139139458	0.0334578478468124	0.17334666162598505	3.67738134789831e-05	0.001358334379497737	0.0003169769823181435	0.08391590144891638	0.0004724105780391762	0.00013409311810937978	0.0010499127438067602
C[C>T]G	0.00924059478906066	0.00979630466558702	0.006497352016860848	0.03552690043807017	0.016330028605888038	0.016267653460714765	0.008355053949950397	0.014258909864531094	0.00699463222010132	0.012273355846013311
C[C>T]T	0.04240655827433692	0.06708115539778728	0.09771949770197473	0.0005225909443327021	0.0006717872989819772	0.011466457566353859	0.04653775673639398	0.013174824505702013	0.006988938798708906	0.0007825239639655793
C[T>A]A	0.002103760872385768	0.0038493373108279324	0.006446727235643248	0.0018546654790953306	0.0015461872974559714	0.0006692570018009303	0.017333757130652508	0.0032460919657317736	0.0058045264333172674	0.003851076210609316
C[T>A]C	0.0002618265671715243	0.004962801616136798	0.004652411917360884	0.0032297119926781876	0.003552479617471824	0.002275220421143909	0.011983368323497015	0.0055327647714936866	0.009963520627180849	0.0028451146235837907
C[T>A]G	0.002045996883021884	0.008018753704322012	0.0067260845068266096	0.0010412395092539676	0.0025926829333197967	0.00045693142315532897	0.012722447128262714	0.0057062371882968905	0.009585457442131223	0.002711687657897662
C[T>A]T	0.0013300339481504813	0.006193366795556378	0.006618128049595119	0.002705390022167579	0.0037648870999454874	0.0003081776695127239	0.02581783120609255	0.005108159010231468	0.019130523978237716	0.0004043062952501676
C[T>C]A	0.0030736935356132475	0.00559071141144044	0.0022529886190252677	0.010339651027055606	0.00505432523691446	0.0045934361891283425	0.014391810578103006	0.005340981780451916	0.005354737922336574	0.015620620942673798
C[T>C]C	0.0017906401288565923	0.0044938793280250525	0.0031540143024129724	0.00946981713996042	0.0030035899798575853	0.004676484721048583	0.024542420074427453	0.006146339384349958	0.027053003650668445	0.0342035513633254
C[T>C]G	0.0007923741293707534	0.005535905208470918	0.0029980104018359536	0.007611911535915133	0.007262254380757477	0.003984151562048798	0.009289984842920828	0.007026267417165286	0.010990616093328732	0.06237374880106444
C[T>C]T	0.003830971827353274	0.011928172664008628	0.0037692630017060074	0.002408055005000493	0.004481940971658801	0.00471189075759605	0.01861968435621555	0.014301043252647219	0.04616862626150508	0.005309357889193995
C[T>G]A	0.0011472268622052548	0.001474235453789833	0.0009306019801683456	0.0035791523885203977	0.0021627860196270746	0.0009832930424313736	0.0027043843143485244	0.004389531705824786	0.004479260704125408	0.005599596302229436
C[T>G]C	0.00041987177269286503	0.0024614780686847055	0.0006336342750616346	0.0024445801957218853	0.0018180526654398626	0.0009090403116240473	0.0029385990505054237	0.0016259144670314769	0.009856201990641614	0.003943473026391286
C[T>G]G	0.0020243420198887553	0.014181523899793163	0.0018371966349193536	0.0007725313596687476	0.002379651012408644	0.0043677108076905285	0.005826806107096198	0.018447677729263656	0.007536775463870185	0.005095517668211692
C[T>G]T	0.0014939090922110449	0.003933403963134574	0.0012794968272197473	0.0002029131143075954	0.0024937122330206075	0.0015690090405160587	0.007420115332489359	0.0007271218701961007	0.10885512249150804	0.0028105996392727636
G[C>A]A	0.0005212079952013984	0.01637345540314269	0.002983930272193791	0.009565902345490715	0.013932327347025597	0.006567324456696136	0.006182053752717915	0.003608045057735797	0.00396361547252359	0.0015090200482294489
G[C>A]C	0.0013319864795674394	0.0032479508484031193	0.008046844389442207	0.004931028447161769	0.0073381899754804475	0.0034356557413071464	0.012685883834410638	0.003866196269719395	0.009658581952786825	0.0014538046475540303
G[C>A]G	9.211567494286068e-06	0.001694139912080609	2.9925295617000184e-05	0.0012168639419777455	0.0011658314745576228	0.001611230738777625	0.0002748034428098053	0.000978676540324211	0.0005227750228819623	0.00015374143463939787
G[C>A]T	0.0003790805826436142	0.010412131196629796	0.003328222555511388	0.01080736023409694	0.008320538535990466	0.005974935792034387	0.003016647067738922	0.0023992175154357483	0.005459744124583008	0.0019593267839348523
G[C>G]A	1.4601393244448524e-05	0.00407616166303979	0.0006161016471706963	0.005980205244388092	0.003451306732396149	0.004092436473181918	0.008699943446480623	0.004142945233882463	0.0027998121751444667	0.002407591523486241
G[C>G]C	0.003452122706856082	0.0012455768611942832	0.0020292800691741526	0.00916671411436508	0.00010347344611501536	0.003926959803444345	0.015938166829552555	0.0009418841911829407	0.00406284616249952	0.0023379985998868928
G[C>G]G	0.0004612704831210429	0.0005194392672982266	1.7311018820422306e-05	0.0006169717345076188	0.0011628935540743714	0.0005320385994709749	0.00011958791359747342	0.0001646302539161332	0.0011897569657853336	0.000614238079018282
G[C>G]T	0.0014553285856332247	0.0036334324692887826	0.0013280424018703295	0.006532630795171775	0.003964170011129374	0.009709958847904418	0.005535016885046509	0.0016820933720970597	0.004931251571130163	0.0017898887923501038
G[C>T]A	0.0030907944229448645	0.012031457867874063	0.010366590034352512	0.022184292877580048	0.00810181647606118	0.022758461458495898	0.019093004001584455	0.008694461087232333	0.002321389401457185	0.007168209711843647
G[C>T]C	0.019510731932828627	0.006097849568151523	0.011435631053968616	0.027475240731268186	0.005982502351440356	0.01219405788604462	0.014201088020219306	0.004072836684930763	0.0054915111916954695	0.002825133127520253
G[C>T]G	0.003037141750251096	0.006621766565842388	0.004554333146327253	0.058773598594877824	0.02956783283766132	0.013820622322472649	0.011078366981484717	0.029872527388310324	0.0070665046746531245	0.014266622888300304
G[C>T]T	0.013534759290266684	0.016912235012043003	0.01144821860714185	0.01745938279302879	0.008348404476084198	0.011137856996477881	0.007010889412499996	0.012799854619843693	0.012880031963808295	0.005466668806883117
G[T>A]A	0.001112401652159853	0.002681615015031058	0.0004223292461797622	0.002455701727385296	0.0027915284593034474	0.000307943226258353	0.004023583454857073	0.0050874963370986905	0.004727404384937563	0.0014361135698759105
G[T>A]C	0.0003391721469398077	0.0015591473163255594	0.001942433181970309	0.002146589809907617	0.002893407984811504	0.0024872490754084377	0.0018637815289689517	0.002839783252564482	0.005788271066573219	0.0005990617860091317
G[T>A]G	0.0012556733920424726	0.0028559582997579112	0.0012015425526556358	0.003037576218852319	0.003105186011511934	0.0019424733998270462	0.0017146908835906952	0.006325429776083128	0.00603425967985965	0.0022239087148508783
G[T>A]T	0.0012325772599818278	0.0037563429755747275	0.0011094687880365548	0.0030913200841540217	0.0023865651651471965	0.0016433257818085577	0.0040585477076773456	0.005600193299171277	0.00749436948209957	0.0019733829935129625
G[T>C]A	0.0025774049633783282	0.0036824781986341936	0.002467430236485174	0.020191976238731875	0.005194139962902539	0.00923903596754268	0.009585223341204952	0.017208568240253415	0.011363104417169726	0.00443493019407242
G[T>C]C	0.0014135804019652838	0.0004895069570380818	0.002703146469301486	0.02313330286329466	0.0021345913185001086	0.0009149125311474359	0.022240276155398708	0.009850979425079157	0.012210293170832333	0.002296361262381578
G[T>C]G	0.0015256237882762948	0.00018022743962496475	0.0020817050789633806	0.011807379778618881	0.002689441754580316	2.567756727482799e-05	0.0046838831889952515	0.0033805877845758357	0.006677881359068035	0.20184588565284373
G[T>C]T	0.027956107989197794	0.002540738298291262	0.0036947093294505753	0.021140793371408194	0.008702457239208275	0.000978793280449573	0.0069227467342476545	0.06319328199843548	0.012272987618113467	0.006730688917463956
G[T>G]A	0.0006802164016411025	0.001678867643966399	0.0006883005402823929	0.001948287055342761	8.916842250173726e-05	0.0013724412974512729	0.0017520041320901636	0.0043908010955694705	0.003674366580265087	0.0010396084204573322
G[T>G]C	0.0002836240180953506	0.0004075085715660719	0.0010281416666874064	0.002684562974344996	0.0010143335668913	0.001085230554206477	0.002607118441647638	0.003849933263899599	0.0029905192699105874	0.0008568496719917486
G[T>G]G	0.010832098288328052	0.00934628022238379	0.0008097675998435354	0.000763380213677641	0.0017329857252069698	0.0026756079649485846	0.001399566978072687	0.05060225300142668	0.004265634078033296	0.02136345622410154
G[T>G]T	0.0010275601241391543	0.0022318492563110706	0.001274495174699217	0.004704335089521675	0.0005300204610940484	0.001995397569005536	0.004914844370590492	0.006507405515110737	0.03410217344809601	0.0005830797309265016
T[C>A]A	0.006315368585060406	0.014557416257319263	0.0026159148512113857	0.01791756757748357	0.011763264713519723	0.03705079312912069	0.010848262694411887	0.004960224657582861	0.0060111238182265405	0.0037441344462724045
T[C>A]C	0.0014486009667752228	0.009669863008773054	0.009959690476545305	0.008837802696152884	0.010996111469432723	0.027884326188766715	0.010433855990500953	0.010596981355974698	0.00117820690489909	0.002513992208499312
T[C>A]G	0.00028611093215279924	0.001415871046344961	0.0004831569923631952	0.0028406701551104423	0.0019137665081667915	0.0008729722308045204	9.066070964532084e-05	0.0017894917978062822	0.0020277218178254165	0.0008281973543949415
T[C>A]T	0.006474977497382148	0.017436709217153436	0.007382142636174349	0.034904071700723946	0.029582437572699675	0.04183480467118519	0.012478807851839004	0.0043887950485766575	0.008368861874892542	0.007388797846599835
T[C>G]A	0.0063258330195170645	0.004702461067369395	0.0009244524929842245	0.0055269445216775195	0.006435787819469869	0.08477180714202377	0.007999299131498506	0.008033130604333997	0.00024019756454127486	0.001053010208266745
T[C>G]C	0.004328938391601702	0.0006412147336997983	0.0022470000998532987	0.0037900745026732178	0.00707988609562215	0.03241881440667741	0.008893361675169291	0.006660374371780488	0.005141288668489942	0.0025755068356420443
T[C>G]G	0.0004672970861768307	0.00019900846223193703	0.00019172459688456334	0.0017079983244339112	7.715592841877628e-05	0.0023872592203370777	0.0007516440080954001	0.001173125923308064	0.001363523239919838	0.0008026520229221516
T[C>G]T	0.013426191804689971	0.0005445873277305346	0.00404493810574386	0.0047217586696923185	0.014824814487939765	0.13412168436768507	0.013544648344977601	0.017834602395287818	0.006699522789673708	0.0008713754835839249
T[C>T]A	0.12524858223071528	0.12143003208615949	0.03251955346258202	0.004822458863080666	0.004103434189332601	0.09257151259918577	0.006938056568143731	0.023577706977752178	0.0016624320395274045	0.0035647267889563866
T[C>T]C	0.2606476214886793	0.05903468409621761	0.09061097333977923	0.00816427447266922	0.004388078768269738	0.014123501024768174	0.0012951163129004337	0.019777611146546234	0.005547998270631485	0.0018283943637349101
T[C>T]G	0.060540938985198994	0.020910247885309145	0.0023736529968350663	0.020163323962449953	0.012483547404686848	0.00524628477811715	0.002606953896733833	0.022293962156111825	0.0024324761049140556	0.009974679717593023
T[C>T]T	0.08012043801038772	0.0962840138791299	0.08392140721408248	0.007845288889723655	0.005922588881697705	0.07375174580394853	0.0015356952775946945	0.032657969961803805	0.008689891114150916	0.004037576777721836
T[T>A]A	0.0050916476438798795	0.005459421170258698	0.0022307574177675045	0.027574432230950803	0.009609825820740747	0.00335871629748922	0.011453753562430129	0.018263231751755857	0.031661514063545663	0.0035671161566251694
T[T>A]C	0.0008301426864966795	0.006288106341967445	0.0012255780632105774	0.0072506861901797	0.0020325682034608907	0.0020115850721649344	0.0035062457172340983	0.006136036754977838	0.005424535975817466	0.0019479658965544451
T[T>A]G	0.0020976579290051148	0.0077859293999058285	0.00107071734518729	0.0034936077781091666	0.0014951953166525958	0.00010885651801894544	0.0045203656031921075	0.0055650508195228	0.005239329198399593	0.0012812108058721516
T[T>A]T	0.005200279766564483	0.021059449360603808	0.0021833853031875527	0.005613819666680769	0.004338989388015604	0.0030270169775796084	0.009821658190075109	0.024636748245883557	0.018474731507038548	0.0028251247139504986
T[T>C]A	0.008510901368008916	0.013651021520730267	0.001403046383802248	0.013320691646434218	0.008637475419105175	0.0028418474511237805	0.011475887743347115	0.019025087240755616	0.016572956734281444	0.005451093110040405
T[T>C]C	0.004520294120979965	0.00821546928897632	0.0009825623837622472	0.02286935537809208	0.005139045742110021	0.00664549955436125	0.02635691284502962	0.00552398804691586	0.013101397825141898	0.0045773988334985
T[T>C]G	0.0028710882162684913	0.005866292807899821	0.0003551455453534333	0.0002987198062425551	0.0022111138036051197	0.00358098931654008	0.0019145455130192516	0.0005015915308316212	0.0002664027293037677	0.2648531908409632
T[T>C]T	0.007489446375124451	0.014947051361472664	0.0011583318918769762	0.01885389776653046	0.009969371641979752	0.0064877521657854265	0.011631878588729367	0.02157569133303793	0.020655430053573526	0.005526577641517461
T[T>G]A	0.002893818994402388	0.0034676460168468867	0.0006473110552175942	0.00892553901031934	0.0014536315283921568	0.002483447527678355	0.011433236787348464	0.009532971816962922	0.011145417404093708	0.001864575133476779
T[T>G]C	0.0009005973042251643	0.0024276919867039287	0.0003832377217729755	0.0055386156007809825	0.00011705624989818134	0.0007238796971395527	0.0038323605018280443	0.0036354480740308777	0.005459225706250001	0.0016406206082372249
T[T>G]G	0.0015398674210616123	0.011436982941555844	0.0016451184278718906	0.0032374621943023194	0.0012998985515428857	0.004780977569990216	0.006715235110097329	0.016049592814744003	0.00820863307933714	0.0013506312014073605
T[T>G]T	0.0033808575055745914	0.008465141206685296	0.001640650266549468	0.014964676492258215	0.002303874356527437	0.005966790990086366	0.011499955450165505	0.009438289862955479	0.0494892907987176	0.0028299730057780303
