MutationType	SBS96A	SBS96B	SBS96C	SBS96D	SBS96E	SBS96F	SBS96G	SBS96H	SBS96I	SBS96J
A[C>A]A	1.41E-04	1.67E-04	1.39E-04	1.02E-04	2.66E-05	6.46E-05	2.59E-05	2.85E-04	5.85E-05	4.03E-05
A[C>A]C	9.24E-05	7.23E-05	6.36E-05	5.51E-05	2.38E-05	5.20E-05	3.21E-05	1.12E-04	4.45E-05	3.07E-05
A[C>A]G	3.00E-05	1.99E-05	2.04E-05	1.50E-05	4.83E-06	1.53E-05	4.08E-06	3.15E-05	1.88E-05	1.36E-05
A[C>A]T	8.99E-05	7.22E-05	6.55E-05	5.68E-05	1.52E-05	4.51E-05	1.87E-05	1.15E-04	4.04E-05	3.02E-05
A[C>G]A	8.66E-05	6.51E-05	8.86E-05	7.15E-05	2.46E-05	9.86E-05	1.56E-05	1.24E-04	4.81E-05	4.05E-05
A[C>G]C	5.45E-05	5.32E-05	5.48E-05	5.12E-05	1.99E-05	6.47E-05	1.39E-05	8.90E-05	3.35E-05	3.01E-05
A[C>G]G	1.69E-05	1.89E-05	2.46E-05	2.26E-05	7.13E-06	1.90E-05	3.50E-06	3.39E-05	1.79E-05	1.19E-05
A[C>G]T	1.05E-04	4.64E-05	7.50E-05	8.06E-05	2.63E-05	8.32E-05	1.43E-05	1.11E-04	4.30E-05	3.10E-05
A[C>T]A	1.56E-04	1.16E-04	1.18E-04	1.05E-04	3.02E-05	8.28E-05	8.20E-05	2.10E-04	6.21E-05	5.36E-05
A[C>T]C	1.20E-04	9.34E-06	8.77E-05	8.59E-05	7.73E-05	7.15E-05	1.18E-04	1.69E-04	5.84E-05	3.68E-05
A[C>T]G	1.46E-04	1.59E-04	1.62E-04	1.53E-04	2.84E-05	1.67E-04	4.73E-05	2.57E-04	9.74E-05	8.66E-05
A[C>T]T	1.77E-04	1.37E-04	1.11E-04	1.08E-04	6.39E-05	4.30E-06	1.49E-04	2.23E-04	6.95E-05	5.40E-05
A[T>A]A	9.80E-05	5.21E-05	7.34E-05	4.51E-05	3.33E-05	6.69E-05	1.65E-05	1.26E-04	4.04E-05	3.24E-05
A[T>A]C	6.50E-05	4.80E-05	5.22E-05	4.90E-05	1.84E-05	4.13E-05	1.43E-05	8.82E-05	3.42E-05	2.56E-05
A[T>A]G	6.76E-05	4.84E-05	4.88E-05	3.41E-05	1.69E-05	4.21E-05	1.60E-05	1.04E-04	3.83E-05	2.48E-05
A[T>A]T	1.02E-04	7.90E-05	8.81E-05	5.37E-05	3.56E-05	6.45E-05	2.04E-05	1.59E-04	4.55E-05	4.01E-05
A[T>C]A	1.24E-04	8.09E-05	9.29E-05	8.39E-05	3.66E-05	8.73E-05	2.34E-05	1.57E-04	5.83E-05	5.28E-05
A[T>C]C	8.81E-05	4.30E-05	6.42E-05	4.66E-05	1.99E-05	4.90E-05	1.36E-05	9.66E-05	3.59E-05	2.89E-05
A[T>C]G	9.11E-05	5.31E-05	6.92E-05	6.75E-05	2.53E-05	6.35E-05	1.55E-05	1.00E-04	5.53E-05	1.75E-04
A[T>C]T	1.22E-04	7.38E-05	1.03E-04	7.58E-05	4.08E-05	7.61E-05	2.08E-05	1.85E-04	5.75E-05	4.76E-05
A[T>G]A	1.42E-04	1.52E-05	1.24E-04	4.57E-05	3.56E-05	1.07E-04	1.20E-05	2.25E-04	1.25E-05	2.35E-05
A[T>G]C	5.63E-05	2.04E-05	4.17E-05	2.74E-05	1.26E-05	4.44E-05	1.44E-06	6.03E-05	1.18E-05	8.11E-06
A[T>G]G	3.93E-05	1.06E-04	7.73E-05	2.40E-05	5.96E-05	4.76E-05	2.06E-05	4.34E-04	3.91E-05	5.68E-05
A[T>G]T	9.74E-05	4.28E-05	5.07E-05	3.13E-05	1.56E-05	4.91E-05	1.06E-05	7.79E-05	2.81E-05	2.08E-05
C[C>A]A	5.01E-04	3.25E-04	6.54E-05	1.85E-04	4.50E-05	9.89E-04	2.77E-04	3.16E-04	4.06E-04	7.28E-05
C[C>A]C	1.10E-04	6.54E-05	7.16E-05	7.57E-05	2.56E-05	1.27E-04	4.37E-05	1.02E-04	8.08E-05	3.23E-05
C[C>A]G	7.77E-05	4.34E-05	3.22E-05	1.48E-06	4.15E-06	1.28E-04	3.70E-05	4.17E-05	6.90E-05	1.90E-05
C[C>A]T	1.00E-04	1.77E-04	7.93E-05	1.15E-04	3.38E-05	4.25E-04	1.29E-04	1.71E-04	2.01E-04	5.40E-05
C[C>G]A	6.95E-05	4.70E-05	5.81E-05	6.18E-05	1.21E-05	4.41E-05	1.09E-05	8.48E-05	3.50E-05	2.22E-05
C[C>G]C	6.12E-05	3.87E-05	4.70E-05	5.43E-05	1.14E-05	4.44E-05	1.15E-05	5.99E-05	3.39E-05	2.05E-05
C[C>G]G	2.72E-05	1.79E-05	2.25E-05	2.36E-05	5.09E-06	2.10E-05	6.47E-06	2.82E-05	1.43E-05	9.39E-06
C[C>G]T	8.22E-05	4.20E-05	6.64E-05	7.87E-05	2.62E-05	5.00E-05	1.33E-05	1.01E-04	4.05E-05	2.33E-05
C[C>T]A	1.23E-04	1.82E-04	1.00E-04	1.37E-04	7.93E-05	9.28E-05	7.15E-05	2.52E-04	6.23E-05	5.20E-05
C[C>T]C	3.47E-05	2.55E-04	1.60E-05	4.81E-05	1.33E-04	4.14E-04	2.41E-04	9.42E-05	5.69E-05	5.51E-05
C[C>T]G	1.12E-04	8.97E-05	1.07E-04	1.01E-04	3.98E-05	1.00E-04	2.56E-05	1.78E-04	6.58E-05	6.06E-05
C[C>T]T	1.70E-04	2.03E-04	4.51E-05	1.38E-04	1.10E-04	2.45E-04	1.40E-04	2.88E-04	3.82E-05	3.92E-05
C[T>A]A	7.00E-05	4.09E-05	3.56E-05	2.62E-05	1.59E-05	7.75E-05	2.36E-05	6.45E-05	2.92E-05	2.79E-05
C[T>A]C	7.63E-05	4.43E-05	4.36E-05	4.27E-05	9.52E-06	5.81E-05	2.02E-05	6.60E-05	3.41E-05	2.42E-05
C[T>A]G	7.74E-05	5.19E-05	3.25E-05	2.16E-05	1.61E-05	6.91E-05	2.35E-05	7.67E-05	3.13E-05	2.43E-05
C[T>A]T	1.11E-04	6.56E-05	5.10E-05	2.14E-05	1.73E-05	1.07E-04	2.77E-05	8.60E-05	3.51E-05	1.78E-05
C[T>C]A	7.73E-05	4.17E-05	5.29E-05	4.98E-05	2.23E-05	6.60E-05	1.60E-05	8.12E-05	3.86E-05	5.00E-05
C[T>C]C	1.28E-04	5.61E-05	9.51E-05	5.77E-05	2.16E-05	1.10E-04	2.12E-05	1.09E-04	3.87E-05	8.10E-05
C[T>C]G	8.14E-05	4.85E-05	5.41E-05	5.52E-05	1.66E-05	5.58E-05	1.74E-05	7.17E-05	4.36E-05	1.24E-04
C[T>C]T	1.91E-04	8.68E-05	6.37E-05	6.36E-05	2.54E-05	9.98E-05	2.26E-05	1.30E-04	4.33E-05	3.79E-05
C[T>G]A	5.15E-05	2.41E-05	3.57E-05	2.63E-05	1.25E-05	2.96E-05	8.49E-06	5.66E-05	2.41E-05	3.02E-05
C[T>G]C	6.11E-05	2.86E-05	3.39E-05	2.37E-05	9.43E-06	3.22E-05	7.63E-06	4.30E-05	2.43E-05	2.48E-05
C[T>G]G	8.12E-05	7.44E-05	4.01E-05	5.72E-05	2.15E-05	4.72E-05	1.93E-05	1.56E-04	3.33E-05	3.53E-05
C[T>G]T	4.29E-04	1.12E-04	3.26E-05	5.31E-05	2.90E-05	1.51E-04	2.03E-05	7.41E-05	4.05E-05	4.87E-05
G[C>A]A	9.96E-05	1.32E-04	1.17E-04	8.69E-05	1.71E-05	6.03E-05	2.37E-05	2.40E-04	5.38E-05	2.90E-05
G[C>A]C	7.86E-05	4.32E-05	4.80E-05	5.23E-05	1.63E-05	5.78E-05	2.48E-05	6.43E-05	3.83E-05	2.25E-05
G[C>A]G	1.85E-05	2.00E-05	2.14E-05	2.33E-05	1.25E-06	1.00E-05	1.70E-06	3.29E-05	1.53E-05	5.67E-06
G[C>A]T	8.95E-05	9.31E-05	8.98E-05	6.41E-05	1.25E-05	4.72E-05	1.86E-05	1.69E-04	4.16E-05	2.77E-05
G[C>G]A	5.38E-05	3.92E-05	4.59E-05	4.61E-05	2.18E-06	4.71E-05	1.02E-05	5.99E-05	3.35E-05	2.34E-05
G[C>G]C	8.09E-05	3.37E-05	5.59E-05	4.80E-05	1.86E-05	8.69E-05	1.58E-05	6.56E-05	7.12E-06	2.68E-05
G[C>G]G	2.49E-05	1.24E-05	1.43E-05	1.47E-05	5.21E-06	6.67E-06	1.18E-06	1.13E-05	1.43E-05	9.65E-06
G[C>G]T	5.96E-05	4.11E-05	5.94E-05	5.61E-05	1.55E-05	4.10E-05	1.07E-05	7.29E-05	3.64E-05	2.15E-05
G[C>T]A	7.78E-05	9.31E-05	1.04E-04	1.04E-04	3.12E-05	9.31E-05	2.98E-05	1.54E-04	6.06E-05	4.64E-05
G[C>T]C	1.01E-04	8.44E-05	9.52E-05	8.68E-05	4.65E-05	9.23E-05	3.60E-05	1.76E-04	5.03E-05	4.74E-05
G[C>T]G	1.56E-04	1.34E-04	1.62E-04	1.17E-04	5.42E-05	1.56E-04	3.67E-05	2.65E-04	9.16E-05	8.45E-05
G[C>T]T	9.59E-05	7.68E-05	8.13E-05	8.53E-05	4.00E-05	6.32E-05	2.80E-05	1.39E-04	5.59E-05	4.03E-05
G[T>A]A	4.40E-05	2.98E-05	2.94E-05	1.66E-05	1.43E-05	3.33E-05	7.70E-06	6.85E-05	2.62E-05	1.67E-05
G[T>A]C	5.10E-05	2.42E-05	3.37E-05	3.39E-05	8.66E-06	2.60E-05	1.04E-05	4.18E-05	2.57E-05	1.25E-05
G[T>A]G	5.26E-05	3.16E-05	3.34E-05	3.53E-05	1.42E-05	2.69E-05	1.01E-05	6.50E-05	2.62E-05	1.99E-05
G[T>A]T	5.54E-05	3.26E-05	3.75E-05	3.20E-05	1.39E-05	3.67E-05	1.01E-05	6.52E-05	2.44E-05	1.93E-05
G[T>C]A	1.07E-04	5.51E-05	8.68E-05	6.32E-05	3.09E-05	7.11E-05	1.61E-05	1.51E-04	4.22E-05	3.92E-05
G[T>C]C	1.27E-04	3.06E-05	1.11E-04	3.17E-05	2.71E-05	1.16E-04	1.96E-05	1.49E-04	3.16E-05	3.97E-05
G[T>C]G	1.06E-04	2.32E-05	7.92E-05	6.89E-06	3.01E-05	9.12E-05	1.85E-05	1.08E-04	6.75E-05	3.41E-04
G[T>C]T	1.29E-04	1.17E-04	1.48E-04	5.22E-05	1.27E-04	8.38E-05	5.10E-05	5.26E-04	6.76E-05	7.35E-05
G[T>G]A	4.13E-05	2.14E-05	2.80E-05	2.34E-05	1.02E-05	2.43E-05	7.36E-06	5.14E-05	5.66E-06	1.43E-05
G[T>G]C	4.97E-05	1.52E-05	4.13E-05	2.46E-05	8.94E-06	2.99E-05	8.10E-06	6.52E-05	1.51E-05	1.35E-05
G[T>G]G	9.15E-05	1.15E-04	8.38E-05	5.89E-05	7.09E-05	4.59E-05	2.29E-05	4.77E-04	3.94E-05	7.59E-05
G[T>G]T	1.27E-04	4.75E-05	5.51E-05	4.06E-05	1.58E-05	5.89E-05	1.16E-05	7.32E-05	1.68E-05	1.68E-05
T[C>A]A	1.23E-04	1.28E-04	1.56E-04	1.34E-04	4.03E-05	8.37E-05	2.12E-05	2.87E-04	5.92E-05	4.43E-05
T[C>A]C	5.21E-05	6.68E-05	9.68E-05	9.41E-05	3.13E-05	6.39E-05	2.96E-05	1.43E-04	5.35E-05	3.18E-05
T[C>A]G	3.15E-05	2.27E-05	2.76E-05	2.46E-05	7.01E-06	5.90E-06	6.19E-06	3.68E-05	2.07E-05	1.27E-05
T[C>A]T	1.70E-04	2.04E-04	2.43E-04	1.68E-04	4.63E-05	1.33E-04	3.29E-05	4.51E-04	8.39E-05	7.01E-05
T[C>G]A	3.63E-05	6.02E-05	2.00E-04	1.95E-04	8.31E-05	1.24E-04	2.33E-05	3.10E-04	1.04E-04	3.53E-05
T[C>G]C	8.31E-05	2.66E-05	9.27E-05	1.05E-04	3.52E-05	6.09E-05	1.78E-05	1.44E-04	5.26E-05	2.81E-05
T[C>G]G	2.55E-05	8.36E-06	2.17E-05	2.70E-05	6.89E-06	1.38E-05	4.05E-06	2.68E-05	6.03E-06	1.18E-05
T[C>G]T	1.85E-04	4.93E-05	2.94E-04	3.00E-04	1.30E-04	1.92E-04	4.37E-05	5.08E-04	1.56E-04	5.00E-05
T[C>T]A	1.40E-04	6.24E-04	2.08E-04	3.70E-04	2.82E-04	1.28E-04	2.17E-04	9.06E-04	1.31E-04	9.52E-05
T[C>T]C	2.03E-04	8.40E-04	2.65E-04	3.96E-04	3.29E-04	1.01E-04	3.95E-04	7.21E-04	1.56E-04	8.65E-05
T[C>T]G	8.20E-05	2.24E-04	1.08E-04	1.14E-04	8.50E-05	6.29E-05	1.07E-04	2.56E-04	7.48E-05	5.20E-05
T[C>T]T	2.21E-04	3.66E-04	1.79E-04	2.58E-04	1.97E-04	7.37E-05	1.25E-04	5.72E-04	1.10E-04	8.53E-05
T[T>A]A	2.58E-04	9.13E-05	1.78E-04	6.71E-05	5.32E-05	9.38E-05	1.97E-05	3.23E-04	6.09E-05	4.61E-05
T[T>A]C	5.85E-05	4.18E-05	4.12E-05	3.70E-05	1.64E-05	3.93E-05	1.15E-05	7.65E-05	3.09E-05	2.16E-05
T[T>A]G	5.70E-05	4.06E-05	3.80E-05	1.11E-05	1.89E-05	3.89E-05	1.23E-05	7.85E-05	2.52E-05	1.78E-05
T[T>A]T	1.15E-04	8.93E-05	9.12E-05	6.58E-05	4.23E-05	6.73E-05	2.58E-05	2.40E-04	4.79E-05	3.67E-05
T[T>C]A	1.03E-04	6.63E-05	7.02E-05	6.24E-05	3.30E-05	6.44E-05	2.04E-05	1.28E-04	4.89E-05	3.70E-05
T[T>C]C	1.45E-04	6.50E-05	1.05E-04	6.88E-05	3.49E-05	1.26E-04	1.95E-05	1.50E-04	4.44E-05	4.65E-05
T[T>C]G	4.94E-05	7.15E-05	3.78E-05	7.21E-05	3.76E-05	1.04E-04	1.57E-05	5.34E-05	7.57E-05	4.46E-04
T[T>C]T	1.22E-04	7.55E-05	8.45E-05	7.04E-05	3.71E-05	6.72E-05	2.02E-05	1.65E-04	4.95E-05	4.11E-05
T[T>G]A	1.58E-04	4.54E-05	1.03E-04	4.90E-05	2.42E-05	9.09E-05	1.15E-05	1.34E-04	2.60E-05	2.50E-05
T[T>G]C	6.04E-05	2.91E-05	3.69E-05	2.12E-05	1.26E-05	3.83E-05	6.71E-06	5.48E-05	7.07E-06	1.83E-05
T[T>G]G	7.43E-05	5.68E-05	5.16E-05	5.22E-05	2.00E-05	4.83E-05	1.72E-05	1.39E-04	3.02E-05	2.39E-05
T[T>G]T	1.64E-04	8.12E-05	1.05E-04	6.20E-05	2.82E-05	9.67E-05	1.62E-05	1.34E-04	3.53E-05	3.58E-05
