Iteration	L1	L1 %	L2	L2 %	KL Divergence
1	480.132	43.684	78.963	33.324	0.311
2	468.202	43.512	77.982	33.486	0.322
3	493.543	43.309	82.475	33.703	0.297
4	463.587	44.213	73.407	34.202	0.328
5	479.083	43.641	80.867	33.795	0.316
6	473.402	44.199	78.796	33.682	0.317
7	488.551	44.592	82.931	34.073	0.322
8	478.543	43.124	80.793	33.308	0.322
9	479.475	43.744	79.573	33.478	0.324
10	477.695	43.091	82.937	33.191	0.309
11	476.487	43.99	79.198	33.359	0.324
12	473.493	44.62	79.327	33.767	0.335
13	472.858	44.154	75.137	33.476	0.328
14	474.515	43.447	77.898	32.626	0.316
15	482.166	42.769	81.923	33.434	0.3
16	479.82	43.891	78.921	33.919	0.335
17	486.858	43.945	82.819	33.645	0.318
18	472.282	44.156	76.05	34.144	0.326
19	471.728	43.482	77.99	33.482	0.309
20	483.769	44.289	83.567	33.792	0.335
21	483.331	43.743	82.08	33.499	0.317
22	459.132	43.742	73.487	33.057	0.316
23	470.279	43.652	78.903	33.291	0.327
24	471.016	43.449	83.086	33.324	0.313
25	472.501	43.335	76.027	33.398	0.312
26	479.41	43.692	79.755	33.388	0.313
27	485.425	44.542	82.64	33.804	0.322
28	474.636	43.245	80.617	33.419	0.311
29	476.047	44.28	78.002	33.214	0.328
30	464.493	44.088	76.536	34.192	0.319
31	473.423	44.127	78.523	33.552	0.325
32	487.113	44.385	81.304	33.938	0.323
33	485.941	43.788	82.811	33.613	0.318
34	477.645	43.394	78.113	33.355	0.321
35	483.977	43.035	77.179	32.944	0.312
36	463.786	43.472	75.655	33.225	0.322
37	477.693	43.137	80.642	33.479	0.308
38	481.914	44.328	81.663	33.723	0.318
39	485.245	44.479	82.698	33.853	0.328
40	485.905	43.851	81.47	33.75	0.318
41	482.266	43.634	80.765	33.548	0.317
42	490.678	43.787	83.931	33.927	0.312
43	471.475	43.678	78.307	33.142	0.318
44	472.602	43.955	79.357	33.59	0.317
45	475.342	44.572	77.59	33.345	0.329
46	482.427	44.085	79.142	33.549	0.321
47	473.572	43.833	76.088	33.738	0.316
48	481.354	44.342	82.086	33.805	0.319
49	483.29	43.247	80.468	33.504	0.3
50	474.656	43.884	79.327	33.46	0.317
51	489.853	44.173	81.914	33.742	0.318
52	473.818	43.967	79.824	34.092	0.321
53	474.095	42.763	80.122	33.088	0.301
54	480.14	43.447	80.854	33.313	0.313
55	473.977	43.449	79.23	33.118	0.311
56	485.688	44.69	82.642	34.014	0.324
57	476.07	44.237	78.551	34.115	0.327
58	481.548	43.377	80.638	33.198	0.309
59	493.042	43.99	82.004	33.425	0.325
60	477.407	43.38	79.182	33.482	0.31
61	472.266	42.78	80.413	33.025	0.305
62	470.341	42.535	76.883	32.843	0.308
63	478.491	43.929	80.943	33.372	0.32
64	471.169	44.482	75.3	34.058	0.338
65	476.935	44.155	77.886	33.582	0.321
66	475.002	43.789	81.853	34.074	0.325
67	482.556	43.984	80.183	33.801	0.326
68	480.155	43.432	81.522	33.131	0.311
69	481.049	43.469	82.18	33.415	0.327
70	480.865	43.834	83.579	33.8	0.319
71	483.778	44.099	82.756	33.814	0.317
72	475.807	43.134	79.026	33.249	0.301
73	482.088	43.011	78.974	32.924	0.301
74	482.648	44.477	81.11	33.992	0.326
75	474.843	42.983	80.513	33.102	0.317
76	476.322	44.109	78.564	33.111	0.326
77	477.746	43.817	77.06	33.942	0.317
78	481.169	42.893	78.916	32.715	0.302
79	482.317	43.697	83.432	33.722	0.318
80	489.408	44.171	85.663	34.217	0.325
81	486.971	44.341	81.895	33.827	0.332
82	476.27	43.971	79.815	33.338	0.319
83	490.979	43.817	84.612	33.339	0.319
84	492.154	44.111	85.286	33.683	0.319
85	483.299	43.523	76.774	33.41	0.317
86	472.411	43.844	77.372	33.633	0.324
87	478.211	42.462	79.894	32.822	0.294
88	489.732	43.182	82.628	33.9	0.309
89	471.516	42.947	78.074	32.68	0.313
90	471.82	43.947	79.367	33.463	0.326
91	466.193	43.552	75.087	33.045	0.319
92	488.841	44.07	78.972	33.598	0.321
93	499.772	43.551	84.92	33.329	0.305
94	472.973	43.649	79.033	33.574	0.311
95	485.564	43.822	80.391	33.427	0.315
96	472.481	43.956	76.708	33.708	0.322
97	483.231	44.356	84.704	33.99	0.316
98	474.735	43.325	79.237	33.267	0.305
99	486.243	44.525	83.631	34.073	0.324
100	482.511	43.315	82.707	33.207	0.318
101	468.357	43.3	75.202	32.915	0.317
102	482.126	44.701	80.176	33.827	0.335
103	476.366	43.243	77.849	32.646	0.308
104	473.463	43.63	74.529	33.35	0.312
105	492.572	43.36	81.756	33.691	0.304
106	475.9	43.503	79.54	32.99	0.315
107	476.143	43.07	80.902	33.201	0.303
108	475.558	43.657	81.432	33.752	0.319
109	446.257	44.113	71.614	33.555	0.325
110	497.758	44.093	82.989	33.841	0.316
111	480.655	43.685	80.191	33.435	0.312
112	488.554	44.35	80.898	33.89	0.322
113	484.157	44.285	82.236	33.933	0.327
114	480.698	44.598	79.79	33.666	0.33
115	496.511	43.671	86.514	33.95	0.31
116	471.136	43.085	79.576	33.131	0.315
117	481.034	43.995	79.164	33.466	0.318
118	470.304	43.912	79.948	33.256	0.323
119	468.352	44.01	74.864	33.669	0.316
120	473.411	43.513	79.566	33.291	0.319
121	485.803	43.273	79.192	33.412	0.323
122	485.339	43.952	80.964	33.367	0.325
123	475.354	43.058	77.706	32.926	0.305
124	467.887	43.406	75.346	33.112	0.307
125	469.136	44.395	74.551	33.972	0.321
126	467.452	42.257	75.894	32.435	0.303
127	462.131	43.496	77.267	33.45	0.315
128	478.287	43.604	82.805	33.615	0.32
129	477.051	43.22	77.069	33.293	0.311
130	475.095	42.669	76.591	33.155	0.31
131	475.226	43.426	78.233	33.208	0.315
132	472.659	43.714	76.748	33.425	0.316
133	464.214	44.378	75.736	33.795	0.327
134	484.768	43.867	84.621	33.778	0.321
135	483.707	43.915	82.576	33.955	0.315
136	480.606	43.733	77.799	33.767	0.318
137	481.839	43.998	82.324	33.788	0.317
138	477.673	43.735	81.231	33.536	0.309
139	485.991	44.278	79.548	33.757	0.318
140	480.462	44.175	80.928	33.897	0.329
141	479.113	44.163	83.979	33.82	0.333
142	490.28	44.12	79.933	33.753	0.322
143	473.026	43.806	75.921	33.349	0.327
144	488.157	43.56	81.981	33.738	0.304
145	478.179	43.709	78.158	33.807	0.322
146	487.55	44.861	82.695	33.796	0.328
147	469.802	43.695	78.578	33.179	0.316
148	487.785	45.004	84.788	34.28	0.337
149	476.112	43.892	77.536	33.688	0.336
150	488.997	43.165	81.182	32.865	0.308
151	480.854	43.058	80.432	33.228	0.305
152	487.937	44.499	82.296	34.12	0.324
153	482.42	44.613	80.318	33.98	0.325
154	490.638	43.749	83.309	33.803	0.313
155	495.674	44.17	83.572	33.879	0.313
156	485.119	43.892	81.784	33.456	0.32
157	467.137	44.056	75.356	33.542	0.313
158	480.495	44.148	80.836	34.25	0.325
159	482.119	44.398	81.987	33.666	0.324
160	486.536	44.761	80.412	33.803	0.34
161	480.067	43.561	81.618	33.448	0.308
162	479.65	43.409	80.25	33.523	0.314
163	493.295	43.939	82.766	33.587	0.313
164	462.804	43.533	75.343	33.818	0.31
165	492.01	43.8	84.583	33.928	0.313
166	482.789	43.93	82.842	33.887	0.322
167	493.254	43.946	80.658	33.59	0.315
168	480.632	43.682	79.891	33.845	0.305
169	461.434	43.529	73.692	33.796	0.318
170	482.545	44.439	79.546	33.558	0.329
171	471.032	42.52	76.231	32.572	0.297
172	487.995	43.352	82.635	33.289	0.31
173	472.947	43.406	78.611	33.271	0.314
174	482.169	44.362	79.149	33.943	0.327
175	486.459	43.804	85.263	33.696	0.316
176	496.453	44.033	84.651	33.903	0.32
177	472.954	44.037	81.058	33.777	0.324
178	489.754	44.132	82.439	33.864	0.316
179	476.737	43.272	81.714	33.306	0.308
180	488.921	43.623	82.902	33.345	0.303
181	491.585	43.067	83.647	33.626	0.298
182	471.439	42.984	79.601	32.864	0.298
183	481.752	43.996	82.266	33.645	0.32
184	494.079	44.522	82.732	33.266	0.325
185	489.516	43.306	82.594	33.873	0.312
186	483.056	43.082	79.483	33.226	0.313
187	480.861	43.448	77.994	33.233	0.322
188	485.178	43.381	81.989	33.589	0.303
189	496.223	44.281	86.158	33.767	0.329
190	485.999	43.548	83.742	33.236	0.31
191	481.377	43.352	77.792	32.97	0.317
192	492.763	44.288	83.534	33.717	0.332
193	461.638	43.297	73.787	33.342	0.312
194	472.123	43.227	75.144	33.222	0.313
195	492.272	44.565	86.164	34.245	0.329
196	480.745	43.866	83.615	33.573	0.317
197	471.651	43.426	80.041	33.189	0.314
198	482.977	44.24	80.722	33.633	0.318
199	493.022	44.235	82.259	33.908	0.321
200	456.018	43.055	73.024	32.94	0.306
201	485.145	43.655	85.162	33.39	0.319
202	490.108	44.566	82.264	33.852	0.322
203	486.406	44.147	81.23	33.865	0.315
204	493.969	44.364	84.596	33.72	0.319
205	507.395	44.107	86.167	33.97	0.304
206	480.515	44.2	82.32	33.795	0.317
207	491.333	44.028	80.646	33.624	0.321
208	483.556	43.799	82.582	33.183	0.318
209	488.582	43.925	81.25	33.417	0.311
210	482.11	43.598	82.019	33.603	0.305
211	476.636	44.247	80.325	33.724	0.32
212	479.908	44.03	79.336	33.964	0.32
213	473.433	43.508	78.899	33.485	0.318
214	489.285	44.313	82.303	33.409	0.325
215	503.101	44.0	85.28	33.466	0.308
216	486.665	43.958	81.219	33.957	0.31
217	472.593	43.245	81.234	33.139	0.308
218	472.013	43.36	78.774	33.188	0.311
219	483.521	43.474	81.207	33.33	0.305
220	473.891	43.982	79.592	33.574	0.318
221	478.771	43.019	79.145	32.718	0.309
222	470.3	43.193	76.798	33.296	0.3
223	460.284	43.532	72.875	33.412	0.326
224	476.66	44.466	80.032	33.563	0.327
225	483.752	43.909	84.367	34.175	0.313
226	471.114	44.124	77.374	33.774	0.329
227	477.754	42.887	77.833	33.14	0.324
228	474.256	42.568	80.45	33.091	0.302
229	480.74	43.125	77.908	32.888	0.315
230	478.841	43.176	80.066	33.051	0.31
231	477.67	44.733	78.249	34.48	0.325
232	486.719	44.081	83.077	33.587	0.313
233	474.842	43.987	77.559	33.801	0.321
234	488.812	43.378	81.607	33.047	0.309
235	489.632	44.183	82.434	33.931	0.323
236	479.925	43.355	82.284	33.188	0.307
237	486.564	44.258	82.342	33.745	0.326
238	486.869	43.479	79.279	33.087	0.316
239	486.493	42.956	77.973	33.566	0.308
240	478.518	44.699	82.408	34.127	0.33
241	483.053	43.736	81.269	33.359	0.319
242	473.438	44.414	76.104	33.771	0.327
243	488.575	44.143	83.435	34.096	0.322
244	483.549	44.356	81.319	33.746	0.326
245	480.689	43.908	79.946	33.71	0.311
246	478.394	43.793	80.218	33.586	0.309
247	493.757	43.988	84.548	33.558	0.322
248	487.881	44.285	82.458	33.435	0.319
249	482.516	43.93	80.938	33.508	0.316
250	483.795	44.517	81.461	34.045	0.329
251	496.794	43.671	85.943	33.877	0.305
252	486.781	43.893	83.246	33.785	0.312
253	463.328	43.878	73.099	33.561	0.317
254	477.541	44.295	80.422	33.69	0.324
255	481.236	43.84	80.995	33.589	0.319
256	478.842	43.449	76.499	33.068	0.315
257	487.786	43.495	81.038	33.692	0.304
258	485.214	44.021	84.353	33.73	0.31
259	490.879	43.835	82.5	33.543	0.31
260	474.223	42.995	78.524	33.391	0.301
261	474.282	43.72	77.83	33.988	0.319
262	486.242	43.307	82.276	33.204	0.315
263	486.106	43.084	82.634	33.255	0.306
264	481.444	43.676	84.184	33.958	0.322
265	471.966	42.701	79.23	33.067	0.306
266	485.319	44.133	83.717	33.926	0.315
267	479.49	43.967	78.38	33.711	0.324
268	486.409	43.975	82.79	33.863	0.304
269	473.401	44.046	78.085	33.204	0.318
270	488.285	43.981	81.219	33.957	0.314
271	487.379	43.739	82.75	33.368	0.306
272	487.074	44.59	82.432	34.499	0.328
273	485.659	43.569	79.481	33.266	0.304
274	494.989	43.839	79.854	33.604	0.321
275	489.822	44.434	83.165	33.737	0.331
276	495.17	44.038	86.667	34.078	0.309
277	474.82	44.364	80.301	34.202	0.328
278	472.947	42.933	78.178	33.3	0.308
279	483.678	44.077	82.557	33.808	0.319
280	484.406	44.475	81.639	33.982	0.322
281	473.059	42.401	80.556	32.864	0.298
282	486.044	44.533	81.781	34.236	0.324
283	479.37	43.762	79.574	33.247	0.316
284	472.421	43.036	82.009	33.24	0.316
285	475.39	44.002	78.193	33.411	0.325
286	479.561	43.693	78.488	32.944	0.319
287	481.435	43.291	81.127	33.399	0.312
288	489.038	43.508	82.85	33.771	0.303
289	486.407	43.897	81.722	33.444	0.317
290	487.104	44.173	82.893	33.986	0.323
291	481.326	43.24	79.761	32.849	0.314
292	461.411	44.308	74.719	34.341	0.328
293	485.287	43.451	83.234	33.992	0.306
294	482.313	44.029	82.697	34.309	0.314
295	488.701	43.606	83.211	33.296	0.31
296	477.523	44.358	83.112	33.501	0.332
297	475.754	44.58	79.105	33.95	0.329
298	477.999	43.987	80.21	33.522	0.321
299	479.158	44.328	80.78	33.845	0.317
300	481.746	44.274	83.205	33.604	0.33
301	462.194	43.905	74.027	33.321	0.32
302	482.132	43.915	81.09	33.398	0.32
303	475.736	43.593	77.545	33.283	0.311
304	478.048	43.395	79.716	33.882	0.316
305	489.621	43.607	84.5	33.605	0.313
306	483.311	43.241	81.341	33.356	0.302
307	477.252	42.842	79.424	33.051	0.314
308	469.044	43.039	77.901	33.136	0.311
309	487.284	43.923	83.795	34.062	0.322
310	479.667	44.039	81.521	33.747	0.333
311	481.245	44.254	80.525	33.626	0.325
312	483.26	42.672	82.532	33.153	0.301
313	481.432	43.965	80.442	33.576	0.315
314	480.205	43.759	80.768	33.651	0.312
315	494.991	43.835	85.921	33.912	0.308
316	467.852	43.913	76.296	33.583	0.312
317	489.367	43.915	84.174	33.993	0.316
318	480.761	43.889	81.884	33.86	0.32
319	487.595	44.01	83.271	33.452	0.308
320	487.356	43.422	83.592	33.368	0.306
321	490.536	43.093	81.696	33.118	0.303
322	480.46	43.184	83.0	32.993	0.308
323	477.098	43.022	78.791	33.144	0.313
324	472.269	44.231	77.789	33.634	0.321
325	491.541	43.614	83.716	33.621	0.307
326	486.21	44.308	83.074	34.043	0.329
327	470.982	43.165	78.825	33.56	0.308
328	475.134	44.256	81.017	33.462	0.324
329	483.745	43.367	82.258	33.198	0.311
330	478.929	43.989	79.771	33.578	0.321
331	474.121	43.992	79.438	33.679	0.325
332	476.545	43.909	79.902	33.391	0.323
333	477.155	43.427	81.763	33.316	0.315
334	488.0	43.461	83.732	33.413	0.31
335	491.735	43.7	82.084	33.461	0.31
336	466.772	43.161	76.847	33.262	0.321
337	480.502	43.462	79.938	33.463	0.308
338	479.525	43.702	82.068	33.412	0.317
339	480.968	43.613	81.758	32.923	0.319
340	486.694	43.352	84.187	33.403	0.312
341	479.46	44.228	84.8	33.978	0.328
342	490.088	43.769	83.036	33.063	0.319
343	480.939	43.621	80.647	33.241	0.31
344	480.855	44.218	81.892	33.717	0.32
345	489.287	44.037	83.069	33.392	0.329
346	461.37	43.7	75.044	33.619	0.324
347	480.214	43.845	78.235	33.41	0.328
348	475.988	43.951	77.719	33.501	0.328
349	485.827	43.794	82.184	33.587	0.316
350	483.685	44.229	82.645	34.139	0.321
351	482.385	43.444	80.191	33.253	0.314
352	488.916	43.87	85.163	34.037	0.324
353	489.018	43.917	85.721	33.569	0.317
354	483.795	44.504	80.984	33.918	0.331
355	498.065	44.258	84.478	33.776	0.322
356	484.655	44.032	80.741	34.051	0.316
357	472.229	43.805	79.129	33.51	0.321
358	484.148	43.423	84.476	33.662	0.329
359	485.797	43.761	82.228	33.827	0.316
360	489.651	44.046	82.751	33.811	0.321
361	453.255	43.326	72.975	33.09	0.313
362	485.891	43.391	83.599	33.109	0.308
363	485.97	44.388	82.384	33.762	0.328
364	480.494	44.27	81.85	34.119	0.324
365	484.741	44.016	80.371	33.529	0.32
366	465.286	43.824	76.055	34.01	0.327
367	464.795	43.264	72.964	33.563	0.312
368	482.187	44.125	81.845	33.514	0.328
369	480.57	44.403	81.909	34.344	0.334
370	478.799	44.581	78.685	33.924	0.325
371	493.2	44.519	84.263	33.824	0.324
372	474.245	43.285	79.213	33.338	0.315
373	492.28	43.841	85.285	33.683	0.314
374	477.161	44.111	79.515	33.588	0.316
375	478.229	44.507	81.357	34.0	0.331
376	462.065	44.336	73.994	33.994	0.34
377	480.099	43.683	77.792	33.737	0.323
378	461.638	44.638	74.172	34.117	0.329
379	482.602	44.489	79.355	33.364	0.326
380	486.006	43.361	83.338	33.703	0.306
381	490.835	43.735	82.863	33.618	0.318
382	483.513	43.741	80.047	33.503	0.311
383	484.91	43.969	79.415	33.684	0.32
384	479.472	44.471	81.671	33.58	0.335
385	486.902	44.714	79.504	33.841	0.332
386	469.982	43.385	79.361	33.346	0.304
387	488.01	44.542	81.779	34.243	0.33
388	486.169	43.213	81.199	33.67	0.319
389	485.716	44.665	81.339	33.838	0.326
390	484.519	43.306	84.363	33.089	0.311
391	483.747	44.035	82.517	33.749	0.316
392	480.036	43.819	79.306	33.554	0.32
393	486.042	43.612	81.686	33.266	0.315
394	481.237	43.893	82.384	33.464	0.312
395	488.774	43.54	84.616	33.172	0.312
396	488.777	43.183	82.696	33.681	0.315
397	475.628	44.13	77.861	34.016	0.32
398	467.78	43.084	79.587	33.156	0.3
399	485.539	43.627	80.91	33.193	0.315
400	469.712	42.839	77.512	33.126	0.302
401	474.617	42.828	78.698	32.834	0.31
402	479.107	43.211	82.654	33.208	0.307
403	482.905	43.496	79.594	33.551	0.314
404	470.254	43.864	76.315	33.282	0.319
405	485.143	43.754	81.107	33.501	0.312
406	482.999	43.289	79.521	33.171	0.309
407	477.283	43.862	76.474	33.671	0.31
408	489.273	43.728	82.74	33.858	0.308
409	483.315	44.364	80.546	33.584	0.316
410	467.688	43.406	75.787	33.369	0.314
411	481.316	43.701	80.055	33.357	0.318
412	480.938	43.42	84.803	32.931	0.317
413	479.383	44.439	80.269	33.895	0.329
414	476.404	43.447	76.722	32.956	0.315
415	490.09	43.872	83.463	34.198	0.32
416	476.092	44.614	80.163	34.134	0.332
417	487.432	43.799	81.379	33.705	0.314
418	470.777	43.409	76.911	33.184	0.321
419	475.353	43.453	78.287	33.192	0.314
420	483.921	44.547	83.001	34.003	0.324
421	469.996	43.403	79.837	33.346	0.322
422	457.828	44.195	75.053	33.581	0.328
423	469.345	43.521	77.678	33.294	0.313
424	482.685	43.73	82.651	33.506	0.316
425	490.767	43.299	82.747	33.568	0.309
426	475.511	44.215	78.529	33.753	0.32
427	490.027	43.68	83.276	33.582	0.318
428	473.122	43.684	81.477	33.371	0.318
429	481.566	43.837	80.89	33.672	0.31
430	474.389	43.907	80.938	33.626	0.318
431	467.761	43.935	74.877	34.08	0.316
432	487.162	44.379	86.121	33.822	0.325
433	475.213	44.306	80.583	33.716	0.331
434	476.644	44.004	75.416	33.953	0.321
435	477.834	43.393	79.412	33.278	0.313
436	482.736	43.886	79.878	33.236	0.319
437	486.151	43.7	82.526	33.609	0.317
438	493.979	43.673	85.982	33.816	0.3
439	469.071	43.421	75.815	33.346	0.321
440	481.988	43.503	80.15	33.623	0.3
441	481.499	44.062	81.769	33.731	0.32
442	477.783	43.417	80.831	33.103	0.304
443	471.111	44.186	76.415	34.124	0.318
444	477.09	43.925	79.668	33.675	0.318
445	489.448	43.441	84.249	33.365	0.311
446	473.213	43.573	78.287	33.581	0.322
447	470.361	44.294	75.754	33.82	0.319
448	478.73	44.031	78.233	33.845	0.323
449	486.955	44.258	81.007	33.804	0.327
450	479.01	42.258	78.185	33.222	0.299
451	460.056	43.18	75.22	32.927	0.318
452	471.335	44.102	79.137	33.436	0.32
453	484.928	43.497	82.837	33.735	0.31
454	467.332	43.102	74.517	32.824	0.306
455	483.444	43.77	77.162	33.159	0.323
456	481.595	43.82	82.244	33.568	0.317
457	473.37	42.866	81.201	33.311	0.304
458	480.138	43.826	76.627	33.251	0.313
459	462.841	44.254	74.706	34.304	0.319
460	484.293	43.206	84.235	33.227	0.306
461	462.502	44.469	73.76	33.999	0.332
462	486.829	44.685	85.15	34.208	0.327
463	480.816	43.276	82.109	33.454	0.312
464	465.941	43.203	76.074	33.06	0.31
465	471.911	42.896	78.379	32.858	0.314
466	472.922	43.827	80.264	33.606	0.316
467	476.067	43.106	80.912	33.363	0.303
468	482.237	43.418	81.116	33.48	0.307
469	483.18	43.734	81.882	33.728	0.316
470	483.898	43.303	82.515	33.295	0.311
471	492.365	43.504	83.829	33.731	0.313
472	485.029	44.057	77.535	33.449	0.322
473	480.736	43.363	80.878	33.062	0.314
474	487.475	43.712	79.333	33.592	0.305
475	474.858	43.257	78.286	33.037	0.31
476	481.261	43.657	82.952	33.263	0.319
477	471.072	43.151	79.002	32.725	0.312
478	484.647	43.551	80.775	33.7	0.31
479	474.094	42.748	79.823	33.231	0.317
480	493.808	44.355	83.507	34.017	0.32
481	471.139	43.708	77.115	34.222	0.311
482	480.807	43.879	78.497	33.737	0.313
483	481.887	43.472	80.157	33.715	0.312
484	471.172	43.196	77.728	33.323	0.312
485	486.493	43.678	86.548	33.939	0.313
486	468.392	43.92	77.833	33.721	0.322
487	478.205	44.556	78.67	34.21	0.328
488	466.853	44.102	78.202	33.386	0.322
489	470.918	43.132	77.586	33.291	0.319
490	482.257	44.009	81.642	33.748	0.316
491	485.385	43.884	79.494	33.644	0.321
492	476.938	43.562	77.838	32.873	0.316
493	484.892	43.766	81.511	33.483	0.312
494	481.716	43.653	84.048	33.448	0.315
495	486.308	43.694	83.731	33.353	0.317
496	489.029	44.303	83.233	33.7	0.325
497	485.179	43.655	83.114	33.326	0.323
498	477.858	42.805	78.932	33.248	0.304
499	480.67	43.432	78.433	33.122	0.31
500	485.745	44.145	81.65	33.83	0.318
501	485.638	43.379	82.274	33.383	0.308
502	493.466	43.811	83.854	33.625	0.312
503	486.099	43.925	79.541	33.566	0.31
504	487.32	44.169	80.813	34.047	0.323
505	469.793	43.568	73.854	33.475	0.311
506	489.668	43.874	83.795	33.777	0.318
507	475.371	43.761	79.888	33.374	0.315
508	471.273	44.192	77.069	33.869	0.328
509	478.382	43.439	81.736	33.077	0.31
510	479.274	43.595	80.043	33.492	0.315
511	472.728	43.092	78.584	33.491	0.32
512	499.013	43.886	82.515	33.753	0.317
513	471.166	42.798	80.962	33.216	0.309
514	483.068	43.681	81.353	33.441	0.315
515	474.14	44.053	77.907	33.971	0.323
516	479.763	42.903	80.16	33.284	0.305
517	481.583	44.136	83.973	33.716	0.316
518	464.939	43.239	73.726	33.458	0.31
519	483.372	43.436	80.889	33.596	0.312
520	476.381	44.529	80.81	33.789	0.329
521	476.778	43.156	77.557	33.347	0.309
522	485.324	43.355	84.09	33.225	0.313
523	483.166	43.705	77.747	33.277	0.327
524	472.915	43.087	74.719	32.847	0.31
525	486.781	44.134	82.552	33.627	0.328
526	484.456	43.767	82.085	33.566	0.309
527	478.077	43.279	81.716	33.172	0.308
528	474.3	43.511	78.913	33.64	0.316
529	464.151	43.364	74.929	33.717	0.319
530	494.234	43.797	85.166	33.887	0.32
531	464.514	44.038	73.053	33.538	0.322
532	486.991	43.387	82.197	33.536	0.307
533	473.684	43.896	80.501	33.401	0.321
534	475.091	43.757	78.387	32.892	0.317
535	477.566	43.701	78.26	33.7	0.323
536	485.509	44.186	81.037	33.627	0.322
537	486.43	43.066	80.77	33.291	0.301
538	487.134	44.61	81.171	34.291	0.319
539	490.07	43.96	83.101	33.784	0.322
540	480.476	44.153	79.036	33.286	0.319
541	470.236	43.393	76.2	33.036	0.322
542	472.351	43.675	78.657	33.7	0.315
543	486.887	43.804	82.301	33.963	0.31
544	478.529	42.997	80.36	33.23	0.307
545	476.722	44.11	79.595	33.285	0.325
546	492.269	42.959	78.976	32.665	0.31
547	473.35	44.219	79.952	34.171	0.328
548	486.701	43.865	83.173	33.825	0.312
549	485.572	43.152	82.857	33.447	0.304
550	476.107	44.124	79.567	33.758	0.325
551	469.537	44.239	77.22	33.753	0.326
552	480.27	43.251	81.447	33.011	0.306
553	470.866	42.826	82.091	33.535	0.305
554	484.992	44.06	83.148	33.926	0.319
555	463.442	44.135	75.099	33.561	0.322
556	492.055	44.506	82.539	33.801	0.324
557	482.502	43.345	81.426	33.241	0.32
558	475.467	42.894	78.493	33.215	0.303
559	478.983	43.253	78.686	33.294	0.315
560	461.979	44.114	76.791	33.74	0.321
561	472.38	43.726	77.925	33.383	0.317
562	484.305	43.218	79.912	32.976	0.303
563	483.208	43.44	80.852	33.336	0.313
564	477.75	44.103	82.235	33.699	0.313
565	479.396	43.265	77.711	33.325	0.305
566	479.288	43.415	77.815	33.489	0.317
567	470.646	43.893	77.712	33.181	0.327
568	483.491	44.043	80.198	33.697	0.326
569	479.205	44.317	81.886	33.588	0.324
570	482.599	43.682	81.784	33.595	0.321
571	485.785	44.002	80.471	33.463	0.334
572	470.26	43.52	75.078	33.212	0.311
573	468.502	42.871	77.717	32.95	0.298
574	488.416	44.367	82.216	33.767	0.315
575	488.84	44.67	84.765	34.23	0.324
576	475.085	43.567	80.119	33.303	0.314
577	484.507	43.694	80.721	33.421	0.313
578	484.801	43.259	79.096	33.483	0.321
579	484.795	44.035	79.934	33.64	0.312
580	478.202	43.803	80.959	33.527	0.319
581	479.111	43.883	80.561	33.867	0.322
582	476.157	44.19	79.841	33.513	0.324
583	481.653	44.291	83.539	33.452	0.329
584	489.19	44.043	79.72	33.425	0.322
585	478.021	43.491	79.947	33.559	0.311
586	487.183	44.412	82.443	33.907	0.321
587	470.244	42.87	74.53	33.224	0.313
588	485.834	43.708	81.334	33.3	0.311
589	477.964	44.3	80.564	33.694	0.319
590	477.129	43.445	76.6	33.116	0.318
591	476.116	43.328	76.89	33.344	0.309
592	478.496	44.058	80.282	33.396	0.325
593	482.137	44.013	80.968	34.064	0.326
594	486.635	43.796	84.288	33.917	0.315
595	456.426	44.944	73.389	34.208	0.332
596	490.397	43.217	82.198	33.565	0.3
597	473.414	43.522	81.976	33.173	0.313
598	477.127	43.612	81.066	33.658	0.314
599	490.258	44.397	80.905	34.12	0.322
600	488.795	43.753	83.704	33.784	0.324
601	477.778	43.527	78.062	33.697	0.317
602	487.968	43.85	81.538	33.63	0.312
603	476.141	43.761	79.252	33.305	0.315
604	484.693	43.939	82.423	33.492	0.313
605	484.437	43.896	82.32	33.399	0.315
606	491.037	43.132	80.028	32.968	0.31
607	483.8	43.936	79.31	33.453	0.313
608	477.712	44.217	79.429	33.627	0.334
609	484.186	44.411	82.968	33.757	0.327
610	479.495	43.591	78.034	33.245	0.328
611	489.481	43.472	84.212	33.351	0.303
612	489.491	43.8	84.979	33.645	0.317
613	477.287	43.983	83.264	33.836	0.316
614	477.222	43.466	82.092	33.352	0.312
615	480.909	42.761	82.468	33.31	0.311
616	464.392	43.871	73.958	33.31	0.32
617	475.846	43.41	79.598	33.301	0.321
618	478.186	44.457	79.526	33.946	0.323
619	463.91	43.237	76.429	32.976	0.311
620	483.33	43.64	81.868	33.694	0.308
621	473.276	44.507	77.939	33.364	0.332
622	490.272	43.85	83.672	33.469	0.317
623	490.158	44.203	85.086	33.802	0.317
624	479.295	43.923	78.931	33.57	0.317
625	484.011	44.549	83.081	33.358	0.326
626	483.784	44.175	82.04	33.942	0.326
627	470.276	43.71	77.193	33.481	0.316
628	495.089	43.379	85.327	33.428	0.31
629	482.386	43.197	78.723	33.828	0.324
630	491.315	43.918	85.699	33.713	0.306
631	491.722	43.373	81.533	33.162	0.304
632	469.704	43.808	75.071	33.725	0.321
633	490.837	43.046	81.758	33.298	0.299
634	455.414	43.93	74.075	33.522	0.318
635	484.625	43.794	81.023	34.031	0.314
636	481.115	43.611	80.874	33.159	0.318
637	480.908	43.871	80.879	33.605	0.313
638	488.674	43.157	77.716	33.269	0.309
639	482.749	43.858	82.013	34.042	0.32
640	491.544	44.802	82.442	34.285	0.321
641	478.398	44.051	81.611	33.869	0.329
642	486.39	43.654	83.199	33.331	0.309
643	484.649	43.376	84.364	33.599	0.303
644	480.068	44.064	77.641	33.396	0.309
645	473.434	43.716	78.084	33.131	0.313
646	474.415	43.91	80.691	33.28	0.319
647	463.993	43.368	76.045	33.179	0.321
648	492.613	44.117	78.945	33.624	0.32
649	491.565	43.943	84.03	34.095	0.318
650	481.99	44.131	81.265	33.997	0.319
651	471.651	44.043	76.335	33.746	0.317
652	486.39	43.685	81.542	33.818	0.312
653	484.588	43.279	83.677	33.541	0.311
654	483.976	43.127	81.374	32.984	0.304
655	470.265	44.274	77.656	33.459	0.325
656	493.572	43.435	84.015	33.874	0.305
657	480.957	43.857	81.218	33.391	0.313
658	483.347	43.494	81.175	33.05	0.318
659	480.418	44.346	79.97	34.243	0.317
660	486.885	44.332	79.846	33.646	0.321
661	478.919	43.327	81.032	33.743	0.319
662	488.293	43.018	83.196	33.486	0.309
663	485.636	43.276	81.359	33.364	0.298
664	487.103	43.167	83.125	32.996	0.305
665	482.394	43.591	79.886	33.559	0.313
666	481.075	44.183	79.365	33.809	0.321
667	476.392	42.878	82.294	32.86	0.31
668	478.387	43.583	80.013	33.421	0.308
669	490.804	44.461	82.664	33.673	0.326
670	477.934	43.732	77.591	33.436	0.311
671	488.54	43.323	81.944	33.349	0.297
672	470.138	43.199	74.245	33.068	0.307
673	488.376	43.712	82.464	33.566	0.313
674	480.603	43.289	83.986	33.989	0.309
675	474.919	43.979	81.139	33.101	0.325
676	488.774	42.818	83.514	32.763	0.299
677	471.828	44.401	74.546	34.109	0.326
678	493.755	44.027	83.127	33.895	0.312
679	477.162	43.091	82.425	33.017	0.298
680	471.73	43.287	79.429	33.387	0.308
681	482.074	44.265	81.619	33.706	0.327
682	474.852	43.599	81.142	33.661	0.316
683	461.764	44.109	74.318	33.433	0.33
684	470.265	44.211	75.771	34.297	0.322
685	479.865	43.982	80.783	33.553	0.323
686	469.982	44.596	77.799	34.299	0.331
687	482.343	43.78	79.679	33.826	0.312
688	477.234	43.859	80.788	33.609	0.32
689	473.788	44.084	81.653	33.436	0.315
690	495.362	43.75	84.409	33.713	0.317
691	499.169	43.809	82.941	33.714	0.297
692	491.482	43.325	82.657	33.381	0.298
693	484.342	44.647	83.085	34.042	0.328
694	479.282	43.247	79.206	33.626	0.315
695	480.91	43.456	82.001	33.262	0.31
696	480.511	43.392	81.194	33.311	0.311
697	489.462	44.53	84.531	33.865	0.321
698	480.612	43.578	79.048	32.955	0.313
699	473.759	43.854	79.57	34.112	0.317
700	488.23	43.597	80.312	34.043	0.32
701	485.667	44.166	83.033	33.853	0.324
702	471.256	44.001	79.947	33.619	0.318
703	489.819	44.263	82.618	33.629	0.323
704	477.324	43.39	79.979	33.14	0.321
705	484.886	44.787	80.147	33.994	0.328
706	487.738	44.317	80.59	33.626	0.326
707	477.193	43.58	79.695	33.396	0.325
708	480.886	44.304	80.015	33.75	0.332
709	491.633	43.971	80.023	33.278	0.328
710	476.083	44.396	80.257	33.98	0.329
711	487.825	43.918	82.66	33.678	0.325
712	488.084	43.647	82.064	33.723	0.312
713	494.408	43.599	83.374	33.358	0.313
714	475.945	43.483	80.533	33.356	0.311
715	482.332	43.523	80.35	33.184	0.31
716	486.432	43.995	82.646	33.511	0.319
717	487.259	44.136	83.288	33.939	0.317
718	476.372	43.355	81.587	33.536	0.321
719	474.542	43.775	78.907	33.37	0.328
720	486.332	44.302	80.186	33.63	0.32
721	480.513	44.248	81.139	33.682	0.325
722	488.22	44.427	82.349	33.826	0.316
723	472.41	44.979	80.018	33.789	0.348
724	473.762	43.533	76.441	33.071	0.318
725	488.053	43.751	83.413	33.436	0.314
726	478.428	43.612	78.691	33.593	0.316
727	490.907	42.838	81.511	33.423	0.317
728	480.438	43.937	80.318	33.69	0.321
729	473.753	43.174	79.271	33.645	0.316
730	473.263	43.99	75.787	33.583	0.328
731	492.401	44.3	83.267	34.293	0.316
732	481.994	44.556	81.771	33.911	0.32
733	478.482	43.275	80.817	33.182	0.302
734	486.646	43.643	79.967	33.372	0.31
735	486.05	44.219	83.182	33.72	0.332
736	483.812	43.972	83.145	33.934	0.322
737	476.951	43.981	79.217	33.505	0.31
738	461.256	43.408	74.553	33.39	0.314
739	479.314	43.766	82.264	33.625	0.323
740	482.09	44.972	82.643	34.08	0.328
741	471.203	44.237	75.836	33.705	0.319
742	482.047	44.255	81.031	33.671	0.325
743	481.205	44.315	79.295	33.802	0.333
744	479.744	43.458	81.018	33.321	0.321
745	489.68	44.153	84.681	33.82	0.324
746	490.185	44.004	83.521	33.975	0.311
747	483.459	43.038	78.84	33.626	0.317
748	474.454	43.968	77.919	33.672	0.33
749	474.914	43.698	80.574	33.75	0.311
750	469.318	43.582	78.025	33.29	0.317
751	475.174	43.382	80.201	32.939	0.309
752	483.379	43.638	79.526	32.925	0.307
753	481.483	42.986	79.604	32.89	0.324
754	472.535	44.106	77.812	33.738	0.322
755	466.862	43.904	77.043	33.214	0.319
756	480.261	43.724	79.929	33.44	0.306
757	472.616	43.4	77.39	33.093	0.319
758	491.58	42.699	80.118	32.982	0.307
759	473.48	43.485	77.629	33.109	0.306
760	467.384	43.498	73.106	33.319	0.309
761	490.885	43.991	84.233	34.032	0.308
762	470.375	44.02	77.797	33.602	0.321
763	489.832	43.881	84.988	33.721	0.313
764	478.62	42.861	77.63	33.019	0.302
765	480.286	43.653	80.07	33.722	0.312
766	475.238	43.908	79.644	33.53	0.319
767	479.031	44.718	79.322	33.689	0.337
768	484.592	44.355	83.068	33.683	0.323
769	481.921	42.966	81.439	33.04	0.306
770	485.487	43.663	80.838	33.199	0.319
771	485.187	43.473	78.617	33.106	0.324
772	483.603	44.638	81.947	34.279	0.327
773	484.997	44.019	82.54	33.894	0.32
774	491.872	43.309	82.415	33.122	0.308
775	462.683	43.487	75.81	33.156	0.317
776	486.673	43.615	81.589	33.387	0.315
777	480.283	44.436	79.273	33.913	0.321
778	470.171	43.594	80.473	33.463	0.311
779	481.985	42.884	83.042	32.969	0.299
780	483.652	43.351	80.667	33.566	0.316
781	473.383	43.959	78.981	33.706	0.322
782	472.193	43.966	76.583	33.56	0.327
783	472.239	43.729	78.628	33.249	0.317
784	485.335	43.448	81.613	33.336	0.305
785	488.584	43.333	82.16	33.175	0.304
786	481.326	43.195	81.424	33.671	0.309
787	467.508	43.666	75.959	33.398	0.318
788	475.887	43.45	79.846	33.213	0.299
789	480.783	43.035	82.272	33.13	0.308
790	491.174	44.403	82.728	33.741	0.327
791	480.222	43.861	81.307	33.622	0.311
792	487.754	43.635	81.489	33.254	0.322
793	480.003	43.991	80.777	33.706	0.319
794	478.643	43.765	78.135	33.462	0.318
795	477.149	43.071	79.32	33.056	0.3
796	476.624	44.323	77.616	33.44	0.334
797	478.84	43.598	81.552	33.561	0.309
798	477.406	43.977	80.632	33.521	0.323
799	489.439	43.616	81.86	33.551	0.313
800	474.521	44.946	76.095	34.399	0.339
801	489.011	44.104	83.989	34.027	0.312
802	482.01	43.461	80.055	33.571	0.314
803	472.364	44.152	78.135	33.552	0.321
804	473.5	44.569	78.785	33.992	0.332
805	485.712	44.408	84.368	33.909	0.319
806	480.658	43.346	80.744	33.579	0.309
807	473.002	43.586	75.865	33.042	0.31
808	477.92	43.081	81.379	32.825	0.309
809	481.837	43.784	81.197	33.287	0.32
810	482.628	44.057	81.281	33.62	0.311
811	486.045	43.037	81.021	33.02	0.305
812	481.9	43.254	81.296	33.071	0.31
813	483.21	44.185	79.947	33.704	0.316
814	480.127	44.279	81.969	33.967	0.322
815	479.931	44.027	78.593	33.857	0.316
816	471.437	42.654	80.363	33.052	0.301
817	481.384	43.67	81.065	33.476	0.315
818	478.155	44.23	79.65	33.821	0.324
819	481.746	43.98	78.096	33.291	0.321
820	479.836	44.287	81.49	33.623	0.321
821	479.392	43.861	79.147	33.779	0.322
822	485.665	43.699	83.157	33.377	0.319
823	473.815	43.47	82.071	33.469	0.318
824	484.474	43.82	80.69	33.31	0.322
825	472.94	42.683	77.02	32.813	0.31
826	471.688	44.209	74.577	33.635	0.324
827	485.955	43.719	79.398	33.653	0.326
828	486.117	43.887	82.688	33.406	0.31
829	483.861	44.124	81.666	33.521	0.322
830	490.667	44.541	82.243	33.988	0.322
831	474.629	43.225	80.83	33.327	0.306
832	471.317	43.461	77.273	33.221	0.318
833	473.458	43.528	79.285	33.21	0.321
834	478.339	43.696	79.454	33.591	0.308
835	487.461	44.116	84.97	33.803	0.315
836	487.134	43.716	82.428	33.601	0.311
837	476.809	44.085	78.65	33.645	0.317
838	475.067	44.184	77.013	33.611	0.316
839	477.778	43.744	83.454	33.525	0.326
840	482.046	43.973	78.19	33.677	0.327
841	471.124	43.795	74.627	33.155	0.309
842	482.638	43.793	81.954	33.644	0.318
843	486.139	43.971	82.048	33.478	0.318
844	477.477	43.423	80.836	33.545	0.313
845	480.822	43.658	79.041	33.429	0.311
846	483.485	44.034	82.894	33.257	0.319
847	460.439	43.145	74.133	33.189	0.311
848	477.945	43.077	81.436	33.197	0.304
849	475.171	43.428	80.782	33.396	0.314
850	466.75	43.648	75.541	33.299	0.315
851	477.901	43.073	80.647	32.737	0.309
852	479.643	45.048	77.68	33.816	0.347
853	482.922	43.818	80.879	33.729	0.317
854	481.34	43.877	81.516	33.261	0.317
855	482.097	43.738	80.044	33.415	0.321
856	485.098	44.691	81.118	34.482	0.329
857	480.961	43.289	82.734	33.36	0.305
858	465.58	43.38	75.606	33.554	0.307
859	478.142	43.874	81.648	33.347	0.318
860	483.447	43.722	81.819	33.624	0.307
861	484.448	44.529	83.704	33.55	0.328
862	490.168	44.018	83.406	34.098	0.313
863	481.322	43.245	78.005	33.024	0.309
864	477.776	43.945	80.061	33.404	0.319
865	478.293	43.832	79.44	33.848	0.321
866	490.922	44.486	81.164	33.706	0.322
867	480.594	43.734	82.159	33.495	0.317
868	476.457	43.712	79.501	33.508	0.316
869	476.531	44.535	80.381	33.928	0.329
870	480.842	43.674	81.739	33.358	0.315
871	482.345	44.492	83.664	33.805	0.325
872	478.477	43.717	81.173	33.632	0.317
873	485.305	43.967	82.12	33.951	0.315
874	465.799	43.748	75.7	34.075	0.328
875	484.898	43.452	81.267	33.376	0.315
876	474.983	43.498	77.516	33.536	0.31
877	471.272	43.9	79.943	33.648	0.32
878	485.62	44.206	82.622	34.035	0.321
879	470.941	43.907	80.274	33.793	0.32
880	478.344	43.403	79.559	33.955	0.316
881	486.971	44.388	83.001	33.71	0.325
882	476.713	44.006	79.748	33.537	0.32
883	484.254	43.144	82.444	33.157	0.315
884	482.358	43.8	81.056	33.726	0.322
885	478.573	43.75	80.34	33.456	0.315
886	473.333	43.973	78.407	33.489	0.316
887	488.034	44.239	84.315	33.891	0.323
888	489.073	44.085	83.37	33.9	0.318
889	476.587	43.735	81.225	33.549	0.313
890	470.573	43.222	76.36	33.667	0.3
891	478.842	43.91	83.479	33.378	0.316
892	477.821	42.26	80.926	33.063	0.306
893	474.454	43.574	79.484	33.526	0.308
894	478.131	42.533	77.288	32.835	0.303
895	475.003	43.382	77.3	33.183	0.324
896	482.938	44.18	80.978	33.832	0.322
897	480.69	43.378	83.214	33.175	0.305
898	487.367	43.802	81.021	33.788	0.312
899	475.616	44.354	78.212	34.232	0.321
900	476.168	43.866	80.422	33.862	0.321
901	478.132	44.428	80.606	34.017	0.329
902	477.015	43.575	82.528	33.459	0.325
903	489.524	43.54	85.118	33.373	0.301
904	479.053	44.033	79.161	33.63	0.318
905	487.318	43.358	79.818	33.559	0.305
906	483.93	43.623	80.302	33.733	0.316
907	475.49	42.919	80.348	32.715	0.316
908	486.805	43.94	82.559	33.3	0.308
909	493.278	44.605	85.308	33.969	0.325
910	477.507	43.969	80.399	33.474	0.322
911	487.653	43.39	81.912	33.217	0.307
912	488.903	43.955	85.697	33.876	0.318
913	483.71	43.839	82.448	33.694	0.322
914	481.077	42.986	77.936	33.484	0.315
915	480.854	43.614	80.744	33.34	0.314
916	485.327	43.895	82.238	33.828	0.316
917	470.425	43.562	78.122	33.024	0.312
918	458.744	44.175	74.296	34.075	0.324
919	468.124	41.964	75.224	32.404	0.305
920	491.037	44.457	85.221	34.388	0.323
921	483.135	43.438	81.569	33.563	0.309
922	478.632	43.596	81.654	33.678	0.313
923	494.568	43.579	85.132	33.532	0.312
924	473.483	43.679	81.376	33.255	0.322
925	480.997	44.518	79.889	33.804	0.335
926	477.39	43.652	79.837	33.537	0.315
927	484.14	43.996	81.267	33.55	0.334
928	475.674	42.773	76.598	33.073	0.297
929	488.417	43.69	78.971	33.263	0.313
930	475.897	43.385	80.571	33.354	0.319
931	470.767	44.367	75.393	33.884	0.333
932	459.6	43.853	72.589	33.535	0.322
933	449.085	43.806	73.05	33.407	0.318
934	483.19	43.839	80.151	33.884	0.327
935	468.095	43.492	77.771	33.355	0.313
936	489.229	43.999	84.302	33.722	0.325
937	475.175	42.956	79.007	32.92	0.305
938	471.664	43.595	78.074	33.137	0.316
939	485.284	43.57	81.525	33.553	0.314
940	475.032	43.323	80.654	33.582	0.31
941	485.652	43.744	81.273	33.488	0.314
942	476.884	43.364	80.185	33.077	0.312
943	472.482	43.151	80.95	33.303	0.316
944	479.541	43.779	79.663	33.65	0.307
945	481.597	43.417	82.414	33.26	0.311
946	482.941	43.34	82.675	33.896	0.308
947	484.208	43.824	82.804	34.076	0.315
948	483.174	44.194	82.145	33.802	0.318
949	472.177	43.851	79.115	33.564	0.322
950	489.894	44.044	81.557	33.189	0.322
951	469.187	44.13	78.417	33.478	0.331
952	486.54	44.064	80.861	33.671	0.319
953	483.588	44.261	81.471	33.967	0.326
954	483.925	44.335	82.866	33.926	0.319
955	472.286	43.892	77.012	33.465	0.321
956	476.692	43.941	77.153	33.614	0.328
957	476.867	43.37	79.627	33.584	0.315
958	485.605	43.807	78.707	33.849	0.322
959	492.003	43.885	83.192	33.351	0.314
960	480.395	44.077	81.218	33.565	0.323
961	478.213	44.091	78.694	33.635	0.317
962	488.113	44.561	81.665	34.0	0.325
963	473.925	43.403	79.171	32.789	0.308
964	470.109	43.839	77.527	33.258	0.326
965	460.222	43.007	73.535	33.415	0.315
966	467.295	43.996	75.73	33.268	0.326
967	485.676	43.396	81.854	33.616	0.309
968	481.822	43.311	83.079	33.887	0.315
969	480.249	43.679	83.896	33.483	0.307
970	491.214	43.446	81.016	33.36	0.308
971	488.86	44.909	83.606	34.261	0.332
972	486.076	44.02	81.814	34.055	0.318
973	482.801	43.583	83.026	33.86	0.31
974	479.392	44.449	79.818	33.616	0.324
975	476.026	43.509	78.506	33.075	0.312
976	484.307	43.394	78.3	33.102	0.318
977	470.032	43.888	76.88	33.525	0.316
978	478.781	44.326	78.292	33.504	0.334
979	483.407	45.071	82.007	34.186	0.338
980	485.613	44.056	81.191	33.827	0.311
981	481.183	44.355	79.718	33.167	0.331
982	487.116	43.833	79.89	33.451	0.33
983	482.269	43.521	81.164	33.324	0.31
984	477.774	44.063	74.942	33.398	0.335
985	471.973	42.535	77.456	33.223	0.308
986	489.166	44.072	80.321	33.857	0.319
987	471.021	44.906	79.073	34.052	0.332
988	489.618	43.886	83.846	33.729	0.315
989	468.115	43.41	78.576	33.633	0.312
990	491.897	43.217	84.272	33.294	0.309
991	478.04	43.513	78.084	33.385	0.307
992	487.905	44.509	83.514	33.753	0.319
993	483.302	44.202	83.767	33.882	0.327
994	491.17	43.955	82.462	33.302	0.311
995	484.854	43.935	83.397	33.545	0.323
996	465.353	43.018	76.951	33.02	0.301
997	469.117	43.108	75.738	33.509	0.313
998	483.103	44.338	81.379	33.912	0.326
999	474.23	44.559	78.59	33.881	0.322
1000	476.637	42.998	81.454	33.39	0.3
