MutationType	SBS96A	SBS96B	SBS96C	SBS96D	SBS96E	SBS96F	SBS96G	SBS96H	SBS96I	SBS96J	SBS96K	SBS96L	SBS96M
A[C>A]A	0.0017142994097699958	0.009648696146863277	0.0042033650755407695	0.01827363611610029	0.010081642053178281	0.004899042442134808	0.004738578220443317	0.037301882029272176	0.004602985330480307	0.016554472223757614	0.014458766872511394	0.0041657561884621205	0.010118098656211659
A[C>A]C	0.001953943865045396	0.002326290974978582	0.012616508039009704	0.016062892329270717	0.006587945945277859	0.001445909756122131	0.004175695426886054	0.012081973872101555	0.007325522162390702	0.009435621635530625	0.018638654510975603	0.0014476137335440052	0.010701396720366144
A[C>A]G	0.00022183217962751334	0.0006169566750810611	0.00016349951374600418	0.002271149401944167	0.0014352096872476251	0.00030372387298436556	0.0009416182358712668	0.0016610632429325735	0.00019961349994171472	0.0021352590467242204	0.002928511830061777	0.0012671972617436507	8.692921792304515e-05
A[C>A]T	0.0006623294601628218	0.005634211366175123	0.004351626221265052	0.010968876507908303	0.004287369877150589	0.00392393010901622	0.0028261612393004273	0.014451199742225264	0.002320371955297752	0.01070335116868451	0.01605984751997209	0.0034429367190979554	0.00838742611139395
A[C>G]A	0.0036012833592491966	0.004344480385678375	0.0002991899019335695	0.01912705127893752	0.0050885195290428535	0.007075466121383803	0.02380413199696325	0.010021723606478329	0.01380193880641944	0.0024191978055304176	0.0036484852648831618	0.005431901779582937	0.007067054560886623
A[C>G]C	0.0017255607764083195	0.0017510793269199976	0.002015825709829547	0.012215210600854984	0.0018130622312796966	0.0038938191116446104	0.008826590822556735	0.009919865708688214	0.009532444055919955	0.006822714571023622	0.0006919729621867493	0.0029635912061619905	0.011933227326889482
A[C>G]G	0.0004341914704761507	0.000631039575993767	9.039162222476972e-05	0.0035668407053164497	0.0015123094508383862	0.00047181936714566907	0.0009439878967809738	0.0022009580972093953	0.00257407662691701	0.0008594345351481352	0.00040530362623227283	0.0005462744346733624	0.0013970083552836937
A[C>G]T	0.004381638364800508	0.0014568965276635297	0.0009689112265762712	0.007480698818146237	0.005010926700843534	0.011200716742261732	0.010725823637306679	0.013656612602488027	0.013829236930190529	0.0060880350446047	0.007113600187862275	0.0034011451725868822	0.018557316310108467
A[C>T]A	0.0007399963502874597	0.010996506107572352	0.03973310291512334	0.03303707898637076	0.007028019026929132	0.019387928946837638	0.006635642079279401	0.010273805659616338	0.014271278462421856	0.007693013522771218	0.024401677666505344	0.008812256572213606	0.03939794789260769
A[C>T]C	0.02978353854304	0.000572849264786145	0.07842575767207732	0.011663455702270103	0.003947878194035883	0.004256228857410076	0.005647547371743443	0.005418040707473298	0.010484929307008098	0.004867463796989981	0.00750394328056883	0.0013397335041190504	0.006534962672124366
A[C>T]G	0.0008434737333422426	0.009842460627632981	0.006961512867708284	0.06619160405146642	0.03172567230153333	0.02403762899389756	0.00930102633298251	0.01736992047622077	0.05414740007706285	0.032311955970153516	0.013270745809065744	0.017240985414473366	0.015323103989790752
A[C>T]T	0.00662711430398332	0.013577108989719363	0.08664252939469229	0.015905827873677048	0.0059388692782530545	0.006225671787496366	5.2402824348899564e-05	0.010488260809453729	0.008431470359352615	0.007274011242857028	0.015722485018686227	0.002517432130154195	0.018244260464784057
A[T>A]A	0.00710042905593604	0.003947245911746709	0.0019743650480848304	0.00850962982530627	0.005247326482246771	0.0015043505383324197	0.008372063037275886	0.009480906633438611	0.014310227325052402	0.014006577826070893	0.01049012526744639	0.003471119687823983	0.023962725769838832
A[T>A]C	0.0022058418198576827	0.0016471121617485647	0.003189344051924257	0.012086969566088943	0.003144788651616415	0.0037740846944318393	0.0029741280620477497	0.007404264104890262	0.011467094969824076	0.0052848621734865675	0.0076337422385605634	0.0017350829828599616	0.0014940532584016694
A[T>A]G	0.0009899802532095808	0.007143413014966732	0.0016124206437771015	0.009968693564498195	0.004568426902397645	0.0010648672907872436	0.005861911841115656	0.006625353341745951	0.004988082165836975	0.012291426298314867	0.009206468006954793	0.0017225685151236278	0.0029115120445890683
A[T>A]T	0.0062084274538653245	0.012510808374867885	0.0021264416692739433	0.023676458115966373	0.00485348287607824	0.0018184909542409101	0.0030952406600221554	0.012017431166189673	0.016027889561274634	0.006064922937219756	0.01441701523576405	0.0032017000391376185	0.017755966888741502
A[T>C]A	0.00846577107089347	0.00886772500500718	0.0036260538811288393	0.02868460865564336	0.014603643905494146	0.010747077032849557	0.007299087029252221	0.013520230342534618	0.026486598433039445	0.011282544536383594	0.024981197108904077	0.005614101252034339	0.02645938170330384
A[T>C]C	0.0011498850713460042	0.0034566467308830492	0.0022138747358708957	0.008563941446142496	0.004681035101250367	0.004387436423021545	0.003452226668637071	0.004589321812903306	0.014053406402391213	0.004589254651826783	0.01316134562212504	0.0032536066592736912	0.012958868943763783
A[T>C]G	0.002376388728420257	0.005322117762916327	0.0013397788003993395	0.016750928341342553	0.005344780574326558	0.007930811962300784	0.003439199794577012	0.007390065764653426	0.00951300270320808	0.008591178877553162	0.012815923517717416	0.10409202425112958	0.011102812995023947
A[T>C]T	0.006235208251749258	0.008628640290822965	0.0032105919637088194	0.023292244003610477	0.010159975951973954	0.009594600081629604	0.005465479458417978	0.007706701220060097	0.02759462903268235	0.018134179108448594	0.02379402310017446	0.007093921656788687	0.024184714978319612
A[T>G]A	0.0032173899506686195	0.0010832279024730847	0.0006623198892153935	0.0011400451022559952	0.0009655918859743109	0.001559218399674561	0.00604889730982422	0.001231216028781014	0.0024875799657548894	0.00777513315427165	0.004497925403665326	0.0010345232963778867	0.04988951551146351
A[T>G]C	0.001117699584690099	0.001219129552382546	2.502061420037626e-05	0.002051317767915512	0.0005538210091310968	0.000980397426189229	0.0028569975600624274	0.001051160418229275	0.0021021332166152496	0.0009046953132890075	0.0028308538315247604	0.0001604024952057233	0.015000043620220069
A[T>G]G	0.007265063175457762	0.008035370813281062	0.0006788499651956922	0.001808252097929896	0.0009895119361041317	0.00077263710572884	0.0016753974714906466	0.00821358674893033	0.002144018483030646	0.06293679440529909	0.00034977787673543627	0.004176801641117418	0.004745287127287836
A[T>G]T	0.000993949821223933	0.0027678961342525936	0.0008126592393634815	0.003186877769360426	0.0027185555263619728	0.0012331226123073295	0.004379790656983529	0.006189234125287197	0.005103631379330377	0.008623204163645086	0.022025360268629293	0.001409604702454977	0.01378585939663273
C[C>A]A	0.0028337624036613982	0.011432696392499775	0.026994551428831826	0.0057486891426574115	0.3263392859740686	0.011329093736575742	0.0659118425831161	0.01993697881822289	0.008902221469727462	0.011389012592873766	0.023478163788971246	0.0022995292076849467	0.0018145883674680393
C[C>A]C	0.0008440713490294768	0.007111552206863214	0.009475265543034874	0.010059785683602492	0.03752734963072459	0.013522423332538332	0.03090352976045994	0.004124460323034016	0.008305910755642652	0.0031190866386163803	0.009530907449957039	0.002901366897270532	0.0022906233235967617
C[C>A]G	8.789580175050382e-05	0.0008601122655638305	0.004159747931877102	0.0032263793574442913	0.038649129216405995	9.694951599649808e-06	0.0101693514880934	0.001509056005568286	0.00215001117049156	0.0018974782711445098	0.005118609768797365	0.0010280257239570594	0.0005952364979928549
C[C>A]T	0.0015872953563434362	0.01089682050535722	0.022647619678673615	0.024235866412133395	0.12831267581420802	0.007632711879100701	0.09566771406502421	0.005769087138908106	0.0013922990449356822	0.004703912523774704	0.0037587080021145654	0.0008019509397551852	0.0009210181510136754
C[C>G]A	0.0002219865967858061	0.0033702099134835894	0.0006931225909211818	0.005757358185999667	0.003055628006640562	0.009935580773025207	0.006804965311114915	0.01091082505275003	0.003649093331239646	0.006391807756462379	0.0040208283089356875	0.0018996498829381067	0.0004983803995828997
C[C>G]C	0.00033681286203462427	0.002747770527773001	0.0010346310952086312	0.0055208494190625975	0.004832017537506007	0.006701569587974104	0.008488975588474362	0.006998219139127112	0.004247647331288431	0.0019223885707707474	0.0029554515928851013	0.0018475720334315579	0.005374821699195463
C[C>G]G	0.00017636946812740233	0.0006519517817914413	0.0006716026873473061	0.0024221200547252506	0.00044314982094268205	0.001511866666851084	0.0012340358953872815	0.0026941767607760896	0.001298144192378905	0.0004864358923216497	0.0008358810022801245	0.0003839515097932456	0.0014089338659673655
C[C>G]T	0.001723080209559407	0.004391866809980582	0.0012463145455737998	0.004909819452877299	0.0043942331182530705	0.020283445220108373	0.006591915840672867	0.010912409448616977	0.0038987284057939806	0.00698376306584331	0.006979629921770863	0.00195546949611476	0.008211295379272026
C[C>T]A	0.048373581778953435	0.051518804323535505	0.03048843709863724	0.01367172097811503	0.004088752917250968	0.019301434871695982	0.016205307322561858	0.017337008307805858	0.007971138674120868	0.021507437259419893	0.0066987119678447934	0.009242299740242986	0.021766506307758136
C[C>T]C	0.07048581459388689	0.03692434064568943	0.1772033119645049	0.00044921226914355444	0.00300788973146884	0.0038605474477701107	0.09773355437720203	0.010482759315552632	0.0013176241566904528	0.0017482626066686797	0.0022416093089771094	0.0022785010931245402	0.00012907284390059227
C[C>T]G	0.00980181639671119	0.01045228793182306	0.0061203597699131	0.037555600276591494	0.01266832513389486	0.01634647305537799	0.007365017105916932	0.009432023259481174	0.03434641031384451	0.00875707851679349	0.011139701193809885	0.011354558785285651	0.008703381194336049
C[C>T]T	0.043163676422893225	0.06652266406200087	0.09948024643211378	0.002813900422072962	0.0007060693308600883	0.012219538418324244	0.05147669684590972	0.03369955815739186	0.0026876170989717564	0.012048801027475797	0.004950305179853332	0.0010799276614922597	0.0037931971224051723
C[T>A]A	0.0021579355807728323	0.003271679703711498	0.006326706234726305	0.0018274201508465553	0.001150687427272124	0.0010649358109186627	0.019349186264491954	0.002541858305023756	0.004019055215081821	0.004397079252619791	0.005845587574368206	0.0037734693514468445	0.0011308402131912823
C[T>A]C	0.00030927739973837483	0.0032508587442178108	0.004495627141283431	0.005400989625997306	0.002626074933466171	0.002257599783078759	0.013573684107793412	0.005602044051033627	0.002422336373430438	0.006544495472728105	0.010927888112565814	0.0026359677448634447	0.0027168540608709835
C[T>A]G	0.002156416453421178	0.006111934600310493	0.006580329662743344	0.0026605733456678297	0.0021986040410341516	0.00046299158179845853	0.0142657779536626	0.00656001619321799	0.001147563918332088	0.006991583527092193	0.009713497595641205	0.0026395716688752003	0.001937822989860244
C[T>A]T	0.0013025271041360261	0.003962139097593891	0.006428676311014908	0.0030872170915368525	0.003355521273812692	0.0002774787283098978	0.0280940605913478	0.008792116995585353	0.0037877076310650275	0.007847404742818113	0.018710182436879778	0.00019475964722709776	0.004722836206186649
C[T>C]A	0.0029787184477975733	0.0053316037879218665	0.0020323074938767153	0.009546478909927278	0.004366912260443777	0.004816942129025957	0.014646666556834529	0.005481637051360898	0.010056338931836812	0.0038366677468330756	0.004682569690849092	0.015753723171902163	0.01010436765938471
C[T>C]C	0.0010960798815227344	0.0059694185993880025	0.002882937006001778	0.0030002208769964243	0.003179181912170839	0.004849477077591621	0.0232528037830148	0.005500501330981399	0.02051990537274618	0.0043236413893940305	0.023446632991769474	0.035039548893712406	0.016722216820383804
C[T>C]G	0.0008792376870790136	0.004134575847089174	0.0028366695593705026	0.008082280272598425	0.0069442955814494325	0.003851398406711512	0.010235860343697074	0.007079050575351769	0.008841306318416056	0.007698383912490217	0.011938899778377612	0.06460188652569267	0.003925668814901518
C[T>C]T	0.0036031071704422015	0.010263536368918124	0.0033008839927639155	0.004558209436566688	0.003582988261107144	0.0053839762933056605	0.020348427698065608	0.012627176728075661	0.005424497698323781	0.017451248135638517	0.04821061514280961	0.005011440028452324	0.0054578108841770185
C[T>G]A	0.0009516354647743459	0.001678002857750835	0.0009449176446795255	0.0014865703057063589	0.0025385068589471958	0.0008852077486833662	0.0018214279133825842	0.0022100058634508804	0.004336325342080422	0.004086355305440558	0.003203885369781974	0.005627250181332314	0.00817531190497445
C[T>G]C	0.0002610233605128338	0.002613718130513741	0.0005579549426556009	0.0017858674246538156	0.0018819775272940144	0.0009256712785625365	0.0024146246535493446	0.0024632257345925785	0.002588122255064963	0.00032415064157545844	0.00908020005705914	0.004010023201645864	0.006842350393537506
C[T>G]G	0.0016316987808123952	0.01009192934701055	0.0016942770396210778	0.0015135777331594497	0.0017122031225052937	0.0033965415371973477	0.0054685659233829585	0.016104445649309154	0.002771194581459423	0.024852149831610177	0.005710754953510867	0.004806397871055748	0.0015326542745046367
C[T>G]T	0.001430414881752814	0.004033492798134095	0.0007400073616080118	0.0017261594098589286	0.0020762465682564258	0.0023342901170746748	0.007853036455848452	0.005050172014855148	0.004077830556063943	0.0006709338816478361	0.12754273679866585	0.0030209269602871017	0.0008938826707803158
G[C>A]A	0.0012386004844581425	0.008205485784511485	0.0028297431314764786	0.01432143553563198	0.013229047311353423	0.0033564366929511157	0.007238744892647419	0.026855806722542383	0.0025248650674798323	0.004048214910076295	0.002436185291818313	0.001331399835296879	0.002753604800365305
G[C>A]C	0.0013335781406451485	0.0022401033099474603	0.008072270626860167	0.005059753703746036	0.007511376154143637	0.0033508916839782533	0.013387215582516331	0.006175406326959184	0.00543639684782406	0.0048191971517697425	0.009733819935526454	0.001319834516606571	0.0042879879569826355
G[C>A]G	1.3349864480050142e-05	0.0006316159951982823	2.8890509577314433e-05	0.0018369262532974776	0.0010387161001064685	0.0012476751880002629	0.00025128783787010294	0.0031048530424796256	0.000662576863301996	0.0014155900853916117	0.0004287766419562767	0.00011917165903397916	0.0003547099499883134
G[C>A]T	0.000795232084236201	0.005831294726910855	0.0032774360874682712	0.012336518770519575	0.0075668515260559925	0.00447944994953841	0.002977245159253105	0.018168800104197993	0.007056873861951443	0.0019639666093614412	0.0038336708250226144	0.0018127993816801583	0.002391710533835479
G[C>G]A	3.25520827153462e-05	0.0019553196790753112	0.0005026779861806705	0.009002338048845801	0.0018586962066772488	0.0038190178711093145	0.00934068292019456	0.006443424863266387	0.00332314507973856	0.005172731903272783	0.002919669292810422	0.002139944598308847	0.0025479409769415453
G[C>G]C	0.003330593200140997	0.0009023859790254227	0.0020864284326358447	0.0038779273799538394	8.903885963686833e-05	0.0035036318493894218	0.013813184406381353	0.006309771959996223	0.011820081986497612	0.0003437582498616043	0.00122504831345353	0.00226777227926206	0.012538042583083858
G[C>G]G	0.00044050346443583676	0.00045112455650090077	1.9337504960730546e-05	0.00020527009718404536	0.0013771511457179558	0.0004766534338109824	6.525349692936535e-05	0.0012152957003995553	0.0008665687685223606	9.188929950606093e-05	0.0006528830539614288	0.0006549094909015988	0.0010899737619994969
G[C>G]T	0.0012942500872540946	0.0026841730498909856	0.0012286305538284777	0.009801066525543035	0.002735937385184551	0.009401426560323658	0.005587867090514917	0.006870387129593788	0.003891235008414058	0.0013260921130422703	0.005709095724439513	0.0015704996339217603	0.002366145525841677
G[C>T]A	0.0029032648681908803	0.010081177272458771	0.01012190404681237	0.03061944901583275	0.0043271549250688025	0.022231586716472785	0.01906568310315534	0.012780129583518327	0.015476212434218532	0.004813684964375023	0.005673213527733337	0.006389216213500342	0.008504376719919928
G[C>T]C	0.021280803037334556	0.005154209461485491	0.011425985381040239	0.023936886206204527	0.0038341340095810203	0.011394114346770779	0.01267863736401125	0.010425368828416305	0.03197171209834906	0.003525162555604543	0.00696573244505903	0.0020065449999619664	0.002461716885942849
G[C>T]G	0.00417157692425034	0.006436562334108972	0.004036137225160517	0.047547263734770084	0.02621555743399162	0.013044097388671183	0.007652609878988049	0.009871942694093711	0.07658865973777668	0.02454259696207025	0.012506949486594464	0.012472146794735543	0.004798849088357399
G[C>T]T	0.013285744375365833	0.019040785003390088	0.011129540083170417	0.01753333532362734	0.007052998659541666	0.011739895616405937	0.00586372390083944	0.007662888003038259	0.01778419976111341	0.009979656969854823	0.014261828109120859	0.005064556920162895	0.012835416032486275
G[T>A]A	0.001127636830354744	0.0025956458625932322	0.00031612708875394417	0.0033001542738423178	0.0024091326883475747	0.0004066260184471938	0.004414575170315005	0.0018253747437017083	0.0023237057727840092	0.005357195728261729	0.005279735143605742	0.0012508150810211336	0.0014159236133770843
G[T>A]C	0.00024484282340474207	0.001479572537818819	0.0019540288056746945	0.00274454073927721	0.002806595226331816	0.002330496564889935	0.0017988081005694708	0.002396799374979217	0.0012271564700099748	0.0020421537783256996	0.0058119863591008574	0.0005753831705524116	0.005184910675258088
G[T>A]G	0.001224265459113559	0.001843097011349058	0.0012230218735304593	0.0034065692601329507	0.0028811328902029424	0.001817561341348105	0.0015483847172242445	0.0047433487397663164	0.002537792290560885	0.007783073468990433	0.005567237294827355	0.0021119630725650817	0.0036404639456702015
G[T>A]T	0.0010531209889120608	0.0034493518850367373	0.0010439326046952702	0.0025108941268203165	0.00252555772276264	0.0015713883527752408	0.0033993145263147883	0.004591713116055907	0.0030608304454208123	0.005420069111760341	0.0063170626194632325	0.001945736851076878	0.006544609172377138
G[T>C]A	0.0022688427517202703	0.004724674892612492	0.0023086258192387644	0.015522796566052656	0.004154925039366852	0.009658849033932935	0.006993388739212427	0.005309052789358919	0.021920918219435356	0.014779300211226429	0.011044460244881106	0.0038083631456548614	0.01854230503484107
G[T>C]C	0.0013477471109124117	0.001927906494607606	0.0025938945990727465	0.008835598576404969	0.0019258909754054673	0.0006853566459360089	0.018201334468408277	0.002039266987688107	0.04007405198409596	0.007399087495685812	0.009139667260138614	0.0016038452686417566	0.01565227603286358
G[T>C]G	0.001767700630201856	0.0003705844172769355	0.0020609258644298427	0.010597925836558894	0.002132629076675607	7.310850576769965e-05	0.005074590149220658	0.0015082674419192202	0.011399049706665694	0.002010335192707502	0.008045466943046623	0.2090349699706652	0.012919398628888858
G[T>C]T	0.029231010028512104	0.001639840863921118	0.0038350309220277897	0.019175990036391723	0.006704416122069581	0.0019011470230106183	0.0048364328263205076	0.004775020725757834	0.01878591895181618	0.08465947431922405	0.016468186035775077	0.004857179243544539	0.016185842680985777
G[T>G]A	0.0005016644392635945	0.0017431188950605017	0.0007010510780272734	0.0008660567564005275	9.601622065337884e-05	0.001286682700710957	0.0009577617016028506	0.0017710136714127183	0.0017116107610156803	0.00407839037529562	0.0031183751235262227	0.0010006297909984274	0.0067182673546956105
G[T>G]C	0.00015106175049327226	0.0010454150097864605	0.0010503326077085972	0.000832918656918713	0.0012947422041094132	0.0009830070453927247	0.0015706607505718132	0.00037558030387360855	0.0026639035794106566	0.001622588825229944	0.0018910465194686328	0.0008680492702973628	0.010907774556020839
G[T>G]G	0.010458949680639215	0.006778554091859458	0.0008161327980703382	0.0005945084002126384	0.001276870989515877	0.0036692344808791494	0.0006296415809247236	0.007050406210841064	0.0019762562728127347	0.06904663703769552	0.005052600953816841	0.02100492257113715	0.007997424860787146
G[T>G]T	0.0006689949025601529	0.0030857319051049224	0.0011619187336175125	0.0010324788266276247	0.0004932809334423874	0.002041139896462534	0.0032026823029662624	0.005810611442246328	0.012808901344590774	0.006843011125001885	0.03220077060725296	0.00039288967558536494	0.00565852943949342
T[C>A]A	0.006360267086758428	0.007088795213028874	0.002577518856937428	0.02397725932226838	0.010858525493576925	0.03276966068040593	0.008606177665190841	0.034208042266822454	0.006610288825859588	0.003832704806818982	0.004740273119435279	0.0036942572275062025	0.020600629725423425
T[C>A]C	0.00071042035647131	0.00694958956208278	0.010006883079883058	0.016780214911642454	0.009172836409195256	0.027566386686475652	0.011418769728298726	0.016644636017574786	0.004593734076030213	0.01251829491553416	0.0027761640805557784	0.0021363098149465975	0.0018309382754507686
T[C>A]G	0.000416410624202984	0.0005269553908742741	0.000468294144577496	0.0037926420370908783	0.0016846503093973615	0.00042519842028967465	9.335955687173815e-05	0.0026889314754111196	0.0012647442211811764	0.0018543612214270198	0.0022590463433754325	0.0007714470694287944	0.001570261518045961
T[C>A]T	0.007856207597126156	0.006683133675758587	0.007198886329465463	0.04222058944384278	0.02827957435493201	0.03716845825136907	0.012064885829713923	0.046004715357537175	0.021945752270361125	0.0009807311859335887	0.007979592767041884	0.007289508590907751	0.013160780692573591
T[C>G]A	0.0019339517423202566	0.008085865031131111	0.0008798850571812264	0.01232664152008999	0.004665904905494582	0.08632207903293815	0.006376331811480894	0.027011786338014068	0.00835633415715204	0.011750179499598517	0.0008033164144782176	0.0010412862359581642	0.0016654968131377778
T[C>G]C	0.0028765978796458174	0.0010619107161561044	0.0023152277456496445	0.005171915238985991	0.0068297859457391395	0.03297858443459964	0.009039624818284405	0.01288626081682286	0.005764255788735897	0.011098882566261924	0.005373662537801369	0.002502030641206006	0.0018983232018919525
T[C>G]G	0.0004191303166702058	0.00022327634244556296	0.00017403410900104947	0.0012888584853001073	3.4042476291831764e-05	0.0022484807222180906	0.0005520520759621064	0.0009022493014258275	0.002566068061871898	0.0014791089442011567	0.0017245991752286047	0.0007581321599171541	6.673975798766053e-05
T[C>G]T	0.0060946993782942825	0.007242762162168706	0.004325737474724981	0.01110744354362182	0.01458427505441772	0.13827246968559695	0.01123397480218262	0.0401945095659207	0.00951383037343106	0.028306660893017983	0.009122135202967918	0.0009889225985003068	0.007011034164272031
T[C>T]A	0.11625397474581675	0.1567629083198396	0.029653466386290787	0.014066907976570741	0.0027147271593500263	0.10392572676861747	0.006195747690689077	0.015755903581010103	0.011239016206134156	0.023587879745895896	0.00425273214382898	0.002113636975696239	0.016279966532815788
T[C>T]C	0.28040910724243384	0.06605959893024681	0.09333374962475599	0.006485979824414389	0.0060007846928925735	0.014447635007445092	0.002436563554728752	0.03798988653912059	0.0032099568006380493	0.03335595468029749	0.004451898187672699	0.0012248139123263312	0.007212393450626696
T[C>T]G	0.06433769611377618	0.022016690299973867	0.0020000244510614803	0.017774435200922156	0.011053391981736155	0.0052912161735978866	0.0018416291930548263	0.01590775235952598	0.022886391851129163	0.02852419001780725	0.0017420384752584144	0.00899852152782588	0.003641948924491906
T[C>T]T	0.07420791288492319	0.11859090605844871	0.08365868027075117	0.012967618009583097	0.00563343857428816	0.08004991534918948	0.0016533595384064968	0.026754192747130888	0.014486980666028364	0.027648479097783632	0.011947954369514785	0.0036789367531666235	0.012564233853619003
T[T>A]A	0.0046980263147867254	0.00785957811694506	0.002064057739096777	0.017287861808791858	0.01012046649131403	0.002611701160004725	0.00652238344645029	0.008223022318493332	0.02348493621001695	0.0034244106710591355	0.023065114780448134	0.003281510727976909	0.06833175567105818
T[T>A]C	0.0007811117961271339	0.005388791624124292	0.0010948338220902719	0.006033024827744372	0.0013715091236915877	0.0016894317868909106	0.002556938711403645	0.007561170460375156	0.006358267676055561	0.004494918625803824	0.004086366245512026	0.001846142694361495	0.007640037697457132
T[T>A]G	0.001967714529499223	0.007693704846065706	0.0008879286842311253	0.0021371350895411545	0.0013042184268513336	0.0002592390845324617	0.0037858103381229746	0.004810030361397867	0.004923107116858718	0.004405787864613268	0.004026617563857108	0.0012057679293045846	0.004819151928104942
T[T>A]T	0.004230900587861365	0.02257727520092733	0.0016648463889568906	0.003350544372453591	0.004273008242863433	0.0032664812090600717	0.007881462583394266	0.012423682313469605	0.007617069442234471	0.019297626060046078	0.013562750298535018	0.002512380927649767	0.024724012365106265
T[T>C]A	0.008597048672853295	0.010780877156008093	0.0011603150619278724	0.007881705352095442	0.008950662011599147	0.002053885578746733	0.009338773067015428	0.018008701444734564	0.016171562139572594	0.0211733889437611	0.012002154458927926	0.005064707534737161	0.019013157298800345
T[T>C]C	0.0035383550520894235	0.010687391908723228	0.0006373668635662553	0.005923623288296648	0.0054902703985529305	0.0068228009682869606	0.02184417918743398	0.009152533036122481	0.04532161786843395	0.0025115512241451975	0.0069175096440088225	0.004079673235926909	0.013971639947226397
T[T>C]G	0.0026603425623562904	0.005506983557456388	0.00020093925934218227	0.0010175911309489565	0.0032302836274316345	0.0038638719335752983	0.003880044825034066	0.006468023872346457	0.0016123478341594547	0.00241247796359763	0.0011373498952842516	0.2753330935284176	0.00013087668102867013
T[T>C]T	0.007311886826159823	0.012984025750164224	0.0008546608290008755	0.012272029713386815	0.010142083213855345	0.005819236057927492	0.008973222826782836	0.01913700624702441	0.021413875473002525	0.019951934439662117	0.015285293077809325	0.004887218400243759	0.02774249058313936
T[T>G]A	0.0017738396774485377	0.005103646482744209	0.0007352848551654222	0.0007028027268487587	0.00260217810113101	0.0016801762091331574	0.005458232149806447	0.0061295035151573245	0.010648596917072314	0.005464972044800332	0.004000093583646264	0.0018024761994531878	0.037745866673418144
T[T>G]C	0.0007037973894506058	0.002007997890998685	0.00038437814398282154	0.0022442444110601914	0.00012213042238217676	0.00048103534350611493	0.0021589890463328113	0.004483549639309748	0.005544243250967207	0.0026607518641839456	0.003148553954194106	0.0015712740419295814	0.012109201796231367
T[T>G]G	0.001182917951155317	0.010439761297814296	0.0014013213592365765	0.002942901145228666	0.0011157915193597823	0.004505580606761592	0.00577447852530311	0.009491517423301392	0.0027066477194264966	0.015304213334346606	0.006173722606785336	0.0010832541532793637	0.01233566510367348
T[T>G]T	0.002102325156167369	0.009757966573007334	0.0015172292802520565	0.007216273102208891	0.002301540179163731	0.005361402878827443	0.0063466442979292345	0.014998272013971768	0.015909160389370743	0.003247818374173727	0.04136788330524404	0.0028011041704962625	0.04396604997221715
