Iteration	L1	L1 %	L2	L2 %	KL Divergence
1	385.554	41.164	58.458	30.035	0.286
2	381.795	41.091	59.267	31.207	0.301
3	384.496	40.498	58.638	30.799	0.279
4	390.051	40.754	61.078	30.407	0.281
5	376.617	40.767	57.405	30.539	0.293
6	373.907	40.321	57.302	30.627	0.289
7	384.488	40.594	58.455	29.905	0.284
8	386.198	41.387	59.334	30.64	0.29
9	382.429	41.111	57.571	30.264	0.291
10	381.233	39.3	59.246	29.416	0.268
11	385.974	40.004	60.103	30.054	0.284
12	383.613	41.022	59.46	30.757	0.292
13	387.59	40.201	59.339	30.51	0.274
14	381.732	39.92	59.262	29.753	0.269
15	385.989	39.506	60.611	29.464	0.263
16	384.952	40.607	58.567	30.5	0.285
17	371.405	40.688	58.201	30.389	0.292
18	377.039	42.204	57.905	31.275	0.31
19	389.094	41.044	60.133	30.332	0.292
20	383.02	41.424	57.942	30.523	0.291
21	386.122	41.143	59.5	30.879	0.291
22	377.09	41.09	57.281	30.649	0.294
23	385.555	41.081	59.177	30.424	0.298
24	387.543	41.026	61.195	30.876	0.291
25	379.09	40.903	58.189	30.584	0.286
26	369.194	40.723	55.92	30.065	0.284
27	372.728	40.034	58.062	29.944	0.277
28	368.26	40.759	55.441	29.948	0.29
29	383.84	40.902	59.165	30.961	0.29
30	382.273	41.678	57.783	31.03	0.293
31	372.217	40.269	56.829	29.734	0.275
32	391.198	39.52	60.247	29.77	0.259
33	384.703	41.062	58.632	30.375	0.289
34	387.762	41.074	60.637	30.425	0.293
35	370.144	40.116	56.001	29.679	0.274
36	380.131	40.628	57.804	30.392	0.28
37	370.182	40.144	55.652	29.99	0.276
38	375.623	40.764	57.956	30.097	0.287
39	377.59	39.806	60.32	30.333	0.273
40	383.001	41.13	59.107	30.423	0.296
41	386.39	40.56	60.214	30.382	0.282
42	377.654	40.501	56.641	29.717	0.278
43	374.996	40.405	56.915	29.826	0.274
44	378.827	40.642	55.813	30.494	0.283
45	380.774	40.123	57.888	30.137	0.283
46	373.824	40.154	57.851	30.144	0.278
47	379.492	40.836	59.138	30.643	0.291
48	389.107	40.578	60.81	30.327	0.277
49	379.259	41.546	58.363	30.851	0.297
50	377.025	39.83	57.272	29.678	0.27
51	379.975	40.067	57.666	29.926	0.27
52	375.904	40.924	58.276	30.154	0.293
53	375.882	41.024	58.238	30.651	0.289
54	383.785	40.231	59.637	30.341	0.279
55	374.899	40.451	57.361	30.319	0.293
56	382.817	41.298	58.516	30.766	0.295
57	390.723	40.074	61.177	30.293	0.28
58	373.456	40.914	56.935	30.021	0.294
59	383.957	39.478	59.079	29.66	0.266
60	379.979	41.088	58.094	30.645	0.3
61	380.856	39.927	58.43	30.172	0.27
62	376.136	39.867	57.231	29.751	0.272
63	375.559	40.327	58.229	29.959	0.278
64	373.553	39.928	57.363	29.711	0.271
65	385.416	41.704	58.553	30.649	0.302
66	390.747	41.367	60.748	31.092	0.297
67	380.693	41.904	59.316	30.881	0.308
68	372.472	40.728	57.392	30.607	0.288
69	385.625	40.564	61.846	30.479	0.283
70	380.531	39.648	59.046	29.521	0.265
71	376.691	41.698	56.014	30.735	0.296
72	386.59	40.176	61.35	30.325	0.279
73	378.905	40.664	59.506	30.308	0.286
74	380.875	40.529	58.874	29.805	0.272
75	372.432	40.543	57.672	30.589	0.285
76	387.597	39.927	59.557	29.762	0.265
77	374.677	41.144	59.299	30.67	0.294
78	388.57	41.151	59.68	30.591	0.288
79	378.748	39.582	58.006	29.403	0.264
80	383.767	40.657	59.322	30.449	0.274
81	387.002	41.489	59.0	30.656	0.292
82	380.812	40.836	59.095	30.538	0.295
83	384.095	40.465	58.148	29.982	0.279
84	379.348	41.511	57.312	30.745	0.298
85	373.835	40.623	56.961	30.733	0.289
86	379.53	40.133	57.858	29.896	0.278
87	373.965	40.722	56.39	30.293	0.284
88	384.885	41.899	57.761	30.933	0.299
89	392.764	41.497	59.534	30.373	0.282
90	394.479	40.791	61.161	30.576	0.29
91	376.514	41.35	57.777	30.639	0.296
92	387.433	40.786	62.412	30.081	0.279
93	378.754	40.514	58.315	30.329	0.285
94	381.062	40.546	58.585	30.04	0.283
95	376.544	40.657	58.946	29.997	0.288
96	373.743	39.609	56.929	30.381	0.274
97	368.165	40.967	55.298	30.157	0.293
98	372.454	40.758	56.372	29.973	0.286
99	384.873	39.947	59.482	29.758	0.276
100	380.681	41.73	58.718	30.901	0.296
101	380.489	40.076	57.985	29.846	0.275
102	375.043	40.731	57.002	30.312	0.29
103	377.795	41.439	56.858	30.52	0.299
104	380.009	40.284	57.225	30.156	0.278
105	372.959	40.09	57.447	29.939	0.283
106	382.285	41.004	59.58	30.571	0.292
107	389.456	40.962	59.946	30.453	0.292
108	375.909	41.512	57.53	30.533	0.291
109	376.073	39.565	58.317	29.545	0.271
110	395.363	36.908	61.496	28.994	0.225
111	377.541	40.59	58.651	30.008	0.284
112	381.227	39.756	60.683	29.894	0.262
113	376.499	41.978	56.871	30.953	0.304
114	383.374	41.779	58.688	30.802	0.307
115	378.099	41.078	58.049	30.515	0.289
116	379.148	40.61	58.042	30.011	0.284
117	382.37	41.087	59.349	30.376	0.291
118	373.785	41.49	57.702	30.516	0.297
119	371.027	40.698	56.833	30.573	0.293
120	382.316	40.656	57.211	30.063	0.288
121	387.963	40.457	60.838	30.579	0.279
122	378.81	40.674	58.377	30.052	0.288
123	389.306	41.079	59.053	30.343	0.286
124	376.972	40.386	58.01	30.482	0.284
125	383.426	40.976	60.333	30.485	0.292
126	391.332	41.265	60.645	30.655	0.288
127	385.622	41.077	58.482	30.774	0.29
128	393.053	39.838	63.027	30.2	0.272
129	382.813	40.233	58.838	29.792	0.27
130	370.828	40.441	57.247	30.275	0.285
131	388.282	40.752	58.952	30.267	0.285
132	388.764	41.071	61.111	30.466	0.287
133	381.843	40.214	57.592	29.773	0.278
134	377.512	40.557	56.873	30.193	0.282
135	378.867	40.818	59.423	30.678	0.287
136	385.727	41.305	59.352	30.835	0.292
137	380.569	40.546	59.236	29.441	0.279
138	377.799	40.93	57.2	30.346	0.286
139	390.4	36.208	61.831	28.421	0.224
140	382.899	40.776	57.845	29.915	0.286
141	394.102	40.786	61.305	30.224	0.278
142	381.494	40.452	58.309	30.291	0.289
143	380.915	40.44	59.095	30.213	0.283
144	375.377	41.83	57.215	30.84	0.302
145	388.383	40.142	60.059	30.431	0.276
146	369.537	40.538	56.213	29.943	0.292
147	395.124	40.477	61.581	30.561	0.277
148	391.747	40.924	60.824	30.79	0.285
149	382.092	40.051	57.831	29.835	0.274
150	373.693	41.316	56.427	30.225	0.29
151	375.09	39.713	57.721	29.277	0.273
152	381.104	40.599	58.455	30.291	0.278
153	387.588	40.191	59.64	30.073	0.279
154	370.614	39.14	58.01	29.904	0.268
155	377.181	41.14	57.537	30.616	0.288
156	381.457	40.252	57.326	29.92	0.278
157	379.927	40.296	58.182	29.971	0.277
158	374.478	40.573	57.517	30.156	0.283
159	367.118	40.59	54.408	30.351	0.288
160	376.286	39.481	57.752	29.562	0.271
161	388.37	40.638	59.786	29.895	0.274
162	379.714	40.491	58.201	30.264	0.281
163	380.14	40.038	59.417	29.808	0.282
164	380.241	39.752	58.97	29.794	0.274
165	384.662	40.522	57.945	30.77	0.284
166	395.951	41.067	61.451	30.791	0.291
167	385.684	40.094	59.671	29.852	0.279
168	373.159	40.176	55.973	30.06	0.286
169	391.064	40.216	60.532	30.319	0.278
170	396.257	41.423	59.876	30.313	0.283
171	385.169	41.621	58.848	30.693	0.29
172	382.26	40.82	59.691	30.215	0.281
173	379.0	41.061	57.676	30.202	0.283
174	381.582	41.177	57.75	30.891	0.282
175	391.315	40.684	60.59	30.156	0.281
176	384.445	42.052	58.7	30.792	0.298
177	368.32	41.131	55.862	30.271	0.291
178	383.097	39.885	59.482	29.829	0.261
179	386.996	40.284	59.105	30.24	0.283
180	387.817	40.271	59.972	30.139	0.278
181	380.426	41.762	59.117	30.544	0.308
182	381.138	40.589	58.68	29.911	0.28
183	373.931	41.03	57.582	30.483	0.294
184	378.327	41.089	58.62	30.448	0.294
185	372.291	41.583	57.285	30.528	0.297
186	391.982	40.895	60.442	30.114	0.282
187	393.342	42.235	59.936	31.038	0.301
188	400.333	40.769	63.854	30.996	0.282
189	386.245	39.392	59.311	29.465	0.261
190	392.051	40.774	60.693	30.643	0.287
191	374.901	40.053	56.554	29.742	0.269
192	380.952	40.487	59.512	30.128	0.278
193	385.269	41.8	62.265	31.296	0.31
194	380.873	39.878	58.799	29.757	0.277
195	387.769	41.697	60.669	31.408	0.294
196	381.625	41.046	59.174	30.665	0.291
197	378.043	39.75	58.254	30.423	0.272
198	390.579	40.042	61.23	29.771	0.267
199	374.426	40.336	56.189	29.373	0.271
200	392.251	41.318	60.632	30.696	0.286
201	386.515	40.86	59.014	30.481	0.28
202	371.732	40.475	57.473	30.278	0.279
203	384.5	41.298	59.928	30.282	0.295
204	377.656	41.157	58.029	30.87	0.293
205	374.283	40.147	57.865	30.152	0.278
206	379.137	41.708	58.238	30.672	0.308
207	378.662	40.098	57.904	30.205	0.282
208	376.679	41.68	58.315	30.632	0.296
209	382.667	41.272	59.116	30.655	0.282
210	390.031	41.16	60.029	30.647	0.289
211	379.933	40.119	59.052	30.052	0.271
212	381.019	40.416	58.071	30.086	0.28
213	396.958	41.383	60.716	30.798	0.293
214	385.622	40.637	59.453	30.441	0.279
215	386.652	40.276	59.506	30.422	0.28
216	379.163	40.059	58.14	29.519	0.272
217	380.887	40.753	58.081	30.102	0.283
218	376.8	41.122	58.631	30.703	0.3
219	377.305	40.801	58.59	30.575	0.3
220	384.753	39.222	58.975	29.626	0.255
221	385.405	40.142	60.533	30.721	0.286
222	384.523	40.628	59.246	29.997	0.287
223	393.343	41.555	60.586	30.893	0.295
224	387.693	41.232	59.004	30.443	0.287
225	375.477	40.773	58.279	30.273	0.287
226	370.404	40.607	57.026	30.4	0.29
227	388.415	40.976	60.025	30.394	0.292
228	378.166	40.274	59.879	30.313	0.275
229	387.072	39.642	59.045	29.541	0.269
230	386.507	41.285	57.877	30.8	0.291
231	381.428	41.361	58.291	30.525	0.294
232	375.761	40.627	57.569	29.955	0.28
233	374.121	39.704	58.07	29.668	0.28
234	385.169	40.301	59.173	30.384	0.28
235	369.494	40.93	56.931	30.438	0.287
236	380.779	40.341	58.558	30.133	0.281
237	388.281	41.247	60.253	30.796	0.285
238	391.541	40.902	62.085	30.867	0.293
239	391.736	40.086	59.679	30.365	0.274
240	388.96	38.443	61.095	28.876	0.251
241	379.342	41.155	58.093	30.604	0.289
242	370.431	40.959	56.85	30.404	0.29
243	376.959	41.316	57.296	30.386	0.293
244	373.782	40.556	57.087	30.145	0.289
245	382.014	41.693	58.082	30.903	0.294
246	376.608	39.944	57.094	29.74	0.284
247	376.457	40.462	58.276	30.133	0.28
248	377.369	41.08	57.924	30.244	0.286
249	380.415	39.402	58.085	29.576	0.268
250	382.051	40.816	57.448	30.279	0.286
251	382.492	40.72	58.147	30.34	0.291
252	384.688	40.351	59.372	30.45	0.282
253	384.686	41.014	59.883	30.133	0.281
254	391.574	40.618	59.706	30.379	0.276
255	378.867	41.469	58.967	30.747	0.296
256	379.453	40.96	58.862	30.502	0.287
257	379.611	40.085	58.884	29.798	0.277
258	369.0	39.568	56.427	29.479	0.264
259	372.918	39.308	57.307	29.486	0.263
260	384.527	41.042	58.886	30.39	0.284
261	379.716	40.742	58.871	29.858	0.282
262	382.692	41.118	58.03	30.214	0.284
263	381.766	42.02	59.324	31.365	0.308
264	377.773	41.22	59.105	30.687	0.296
265	366.5	40.686	55.477	30.354	0.289
266	388.427	40.402	59.561	30.113	0.284
267	373.23	41.002	57.332	30.609	0.288
268	381.591	40.79	59.227	30.864	0.293
269	392.877	39.52	59.75	29.864	0.264
270	406.381	37.015	63.43	28.562	0.227
271	390.738	41.388	59.697	30.968	0.288
272	379.56	41.29	59.081	30.763	0.294
273	371.694	41.385	56.649	30.162	0.297
274	392.231	40.69	60.043	30.625	0.282
275	382.746	40.706	59.438	30.639	0.287
276	370.955	39.95	56.762	29.641	0.275
277	372.942	39.876	57.143	30.059	0.274
278	377.783	40.054	58.679	29.94	0.278
279	389.763	41.243	60.105	30.555	0.289
280	373.933	40.135	57.694	29.276	0.283
281	386.036	41.728	59.07	30.918	0.294
282	374.93	40.167	56.691	30.202	0.282
283	374.802	41.226	57.463	30.337	0.29
284	380.43	41.03	58.864	30.311	0.297
285	374.574	39.524	57.639	29.489	0.268
286	380.862	40.643	58.522	30.53	0.296
287	381.362	41.301	58.885	30.681	0.289
288	378.505	40.435	58.784	30.275	0.277
289	378.423	39.239	58.989	29.294	0.258
290	384.833	40.233	59.131	30.1	0.273
291	369.763	39.169	56.533	29.073	0.263
292	380.213	40.464	58.143	30.742	0.282
293	383.464	40.934	57.216	30.48	0.291
294	379.679	40.58	57.659	30.272	0.286
295	387.572	39.717	58.959	30.089	0.264
296	384.436	40.584	59.822	30.279	0.28
297	389.628	40.739	59.994	30.676	0.294
298	373.373	40.001	55.837	29.646	0.273
299	384.672	40.825	59.272	30.256	0.294
300	369.756	39.073	56.482	29.765	0.269
301	380.811	40.045	59.191	29.977	0.267
302	378.26	39.743	58.164	29.638	0.266
303	370.977	39.984	57.07	29.818	0.271
304	379.721	40.166	58.872	30.176	0.285
305	373.056	40.113	55.642	30.572	0.285
306	379.913	39.603	57.581	29.753	0.258
307	384.6	40.272	58.977	29.643	0.275
308	373.541	41.736	56.579	31.15	0.306
309	379.014	40.723	57.013	30.181	0.289
310	379.7	40.473	57.668	29.951	0.271
311	387.609	40.231	59.681	30.095	0.266
312	382.88	39.427	59.457	29.785	0.26
313	385.058	41.121	60.039	30.538	0.288
314	384.002	41.291	59.471	30.245	0.287
315	392.867	40.663	60.38	30.181	0.276
316	382.825	40.949	58.77	30.634	0.29
317	380.834	41.08	57.396	30.113	0.292
318	372.905	40.324	57.288	30.103	0.286
319	380.402	40.252	58.369	30.337	0.281
320	382.997	40.699	57.96	29.655	0.282
321	378.295	40.014	56.944	30.057	0.274
322	383.086	41.103	59.203	30.454	0.292
323	379.345	40.522	59.252	30.007	0.279
324	381.728	40.231	59.649	30.541	0.286
325	373.407	40.727	57.292	30.277	0.292
326	383.773	41.005	59.003	30.305	0.289
327	388.581	40.562	59.557	30.151	0.281
328	380.091	41.056	59.26	30.473	0.292
329	378.689	39.881	57.029	29.664	0.271
330	370.067	40.665	56.475	30.133	0.291
331	383.034	39.394	57.871	29.235	0.267
332	376.729	40.442	57.897	29.977	0.284
333	371.046	40.742	55.823	30.612	0.285
334	382.601	41.045	58.866	30.503	0.284
335	385.443	40.335	59.522	30.096	0.279
336	377.763	41.466	57.135	30.691	0.29
337	373.375	39.411	57.694	29.995	0.281
338	380.536	39.656	59.485	30.184	0.272
339	395.508	38.83	61.569	29.259	0.252
340	388.973	40.357	61.236	30.158	0.275
341	381.836	39.179	59.567	30.041	0.26
342	386.705	41.337	59.285	30.537	0.291
343	378.461	40.704	57.586	30.598	0.287
344	386.511	40.748	59.539	30.333	0.285
345	383.91	41.147	59.963	30.348	0.29
346	374.334	39.802	57.761	30.276	0.283
347	391.335	39.616	62.46	30.386	0.263
348	383.099	40.843	58.701	30.517	0.284
349	378.796	39.825	58.72	30.327	0.275
350	385.887	40.363	58.306	29.835	0.278
351	369.126	40.256	57.056	30.558	0.281
352	385.15	41.392	59.132	30.74	0.295
353	387.866	40.168	59.459	29.852	0.269
354	378.964	41.298	57.155	30.076	0.294
355	388.466	40.955	59.152	30.758	0.286
356	382.299	41.021	58.133	30.598	0.294
357	381.202	40.525	58.049	30.586	0.28
358	379.122	40.214	57.291	30.095	0.279
359	377.111	40.34	58.093	30.335	0.275
360	382.025	40.472	58.429	30.48	0.285
361	383.143	40.388	59.581	30.255	0.286
362	379.218	41.178	58.639	30.534	0.287
363	368.184	40.67	56.857	30.264	0.284
364	379.122	41.666	58.589	30.526	0.298
365	385.094	41.252	58.871	30.941	0.299
366	369.081	40.647	57.437	30.908	0.293
367	380.674	40.608	60.283	30.15	0.284
368	375.545	40.076	57.667	30.075	0.275
369	376.878	41.191	57.485	30.842	0.301
370	387.338	41.847	58.758	31.051	0.297
371	382.705	40.29	60.4	30.436	0.278
372	380.528	40.392	58.399	30.321	0.28
373	376.782	40.637	59.899	30.306	0.287
374	387.624	41.366	62.078	30.875	0.3
375	382.681	40.271	57.819	30.003	0.287
376	379.766	39.375	57.982	29.39	0.269
377	379.829	40.062	60.168	30.293	0.275
378	377.346	40.972	59.314	30.789	0.284
379	382.104	41.002	59.468	30.609	0.282
380	379.866	40.502	57.04	29.676	0.273
381	375.591	39.954	57.148	29.877	0.266
382	392.583	40.914	61.919	30.853	0.289
383	376.041	40.483	58.848	30.007	0.285
384	379.648	40.757	57.695	30.376	0.29
385	369.217	41.028	55.292	30.544	0.297
386	379.938	40.79	56.81	30.571	0.286
387	394.91	41.25	61.597	30.991	0.286
388	376.301	40.953	58.732	30.821	0.287
389	386.952	41.354	59.257	30.84	0.288
390	387.196	40.853	59.551	30.208	0.285
391	384.603	40.804	57.802	30.344	0.288
392	385.08	40.898	59.592	30.272	0.293
393	388.497	41.436	60.112	30.702	0.299
394	387.054	40.369	58.507	30.315	0.284
395	384.911	39.494	59.134	29.866	0.262
396	374.324	41.311	57.381	30.749	0.299
397	373.082	40.594	57.144	30.411	0.284
398	377.793	41.421	57.432	30.618	0.301
399	385.31	40.872	58.701	30.39	0.283
400	383.997	41.479	58.587	30.357	0.284
401	386.07	39.437	58.968	29.834	0.265
402	384.395	40.296	59.703	29.975	0.284
403	380.69	41.168	58.248	30.175	0.293
404	375.134	41.407	58.511	31.178	0.302
405	393.737	40.05	61.148	29.976	0.27
406	395.077	40.591	61.853	30.522	0.278
407	385.72	41.136	58.361	30.59	0.287
408	384.528	40.36	59.265	30.266	0.282
409	387.339	39.767	61.272	30.226	0.267
410	374.506	40.804	58.29	30.439	0.282
411	387.278	40.856	60.936	30.287	0.28
412	384.8	41.459	60.541	30.568	0.293
413	381.026	41.338	58.407	30.808	0.29
414	384.058	40.549	59.419	30.127	0.281
415	385.137	40.784	59.576	30.317	0.282
416	383.593	40.972	59.958	30.349	0.283
417	379.379	40.389	58.566	30.392	0.28
418	380.44	39.62	58.141	29.952	0.273
419	382.595	39.998	58.597	30.121	0.277
420	383.87	41.265	57.668	30.451	0.297
421	369.98	40.485	55.848	30.676	0.288
422	375.044	39.957	59.063	30.022	0.272
423	378.419	41.074	57.89	30.4	0.292
424	377.904	41.337	57.641	31.168	0.298
425	377.105	40.926	58.272	30.612	0.294
426	382.032	40.879	57.305	29.953	0.285
427	386.102	39.417	59.838	30.189	0.261
428	374.327	40.604	56.322	30.365	0.287
429	378.689	40.802	57.574	30.106	0.286
430	378.066	40.295	57.529	30.282	0.283
431	385.618	40.688	60.137	30.446	0.286
432	383.196	39.976	58.728	29.907	0.268
433	378.637	41.007	58.269	30.459	0.286
434	387.703	39.489	61.272	29.681	0.266
435	378.207	41.136	58.202	30.893	0.292
436	385.117	41.588	60.469	30.662	0.294
437	388.056	40.594	59.171	30.2	0.277
438	386.672	41.21	59.075	30.76	0.287
439	385.339	39.817	61.006	29.658	0.267
440	380.615	40.487	57.954	29.8	0.276
441	383.373	40.387	59.433	30.246	0.271
442	381.305	40.985	58.422	30.669	0.29
443	379.354	40.272	59.304	30.086	0.274
444	365.556	39.924	54.771	29.26	0.276
445	382.116	41.199	57.561	30.534	0.291
446	384.819	41.223	59.167	30.626	0.288
447	380.129	40.371	59.147	30.479	0.28
448	384.533	40.945	59.387	30.626	0.28
449	375.313	40.132	57.386	30.168	0.276
450	376.973	40.54	57.997	29.919	0.281
451	372.076	40.317	58.397	29.909	0.277
452	404.379	40.539	63.319	30.994	0.27
453	382.308	40.589	59.325	30.331	0.28
454	384.826	40.571	59.137	30.15	0.286
455	380.432	40.204	58.912	30.337	0.283
456	375.017	41.376	55.68	30.443	0.292
457	378.924	39.89	57.245	29.908	0.276
458	376.156	40.443	58.264	30.337	0.283
459	382.899	40.965	59.13	30.42	0.288
460	372.772	40.579	57.192	30.234	0.29
461	384.902	41.167	59.534	30.47	0.291
462	397.182	39.487	60.794	29.726	0.264
463	399.434	41.799	62.772	31.069	0.287
464	381.385	40.676	59.4	30.212	0.287
465	383.431	41.129	59.169	31.091	0.296
466	381.102	41.374	60.384	30.674	0.3
467	381.268	40.385	58.367	30.175	0.284
468	386.947	41.022	60.699	30.61	0.295
469	373.739	39.507	56.678	29.087	0.263
470	380.633	40.242	58.366	30.159	0.272
471	363.439	39.179	54.023	29.116	0.262
472	379.259	39.862	58.536	29.895	0.273
473	368.531	40.698	56.939	30.291	0.284
474	382.367	40.507	58.503	30.006	0.276
475	380.886	41.636	57.416	30.629	0.299
476	392.665	41.795	60.823	30.903	0.3
477	370.152	41.332	55.731	30.652	0.295
478	387.822	40.626	59.223	29.953	0.286
479	377.0	40.771	57.822	30.381	0.293
480	388.916	40.609	59.142	29.842	0.276
481	382.712	40.713	58.961	30.256	0.281
482	387.304	40.769	61.077	30.569	0.283
483	378.955	40.766	59.705	30.418	0.28
484	369.459	40.28	56.568	29.647	0.273
485	384.25	40.589	59.037	30.015	0.285
486	382.216	39.58	59.411	30.61	0.279
487	387.326	40.993	59.096	30.522	0.28
488	364.307	40.703	56.115	30.166	0.284
489	380.527	40.962	58.75	29.87	0.28
490	379.356	42.37	58.192	30.661	0.309
491	387.591	41.075	58.876	30.559	0.281
492	382.747	41.037	58.483	30.589	0.288
493	385.591	41.348	58.446	30.6	0.293
494	377.708	40.558	57.426	30.187	0.284
495	376.065	39.979	58.463	29.916	0.286
496	385.736	41.735	59.114	30.808	0.298
497	386.694	40.814	60.082	30.767	0.284
498	364.791	40.722	55.503	30.39	0.284
499	389.66	41.584	59.524	30.472	0.291
500	394.903	41.14	60.662	30.607	0.291
501	375.306	40.525	56.134	30.002	0.278
502	384.054	39.594	60.174	29.583	0.263
503	385.985	41.77	59.179	30.894	0.301
504	369.208	40.499	56.028	30.234	0.286
505	381.186	40.334	58.473	30.584	0.285
506	368.81	41.056	56.551	31.221	0.292
507	380.567	41.253	57.53	30.749	0.287
508	383.806	39.642	59.644	30.384	0.265
509	376.666	40.305	58.024	31.066	0.288
510	379.892	40.262	59.267	29.899	0.277
511	387.153	40.816	60.973	30.238	0.285
512	379.003	40.996	57.573	30.458	0.292
513	382.527	41.75	60.332	31.072	0.297
514	381.066	40.42	57.978	30.705	0.293
515	385.179	40.804	59.594	30.469	0.282
516	371.814	40.948	56.572	30.502	0.292
517	378.584	40.213	57.735	30.35	0.278
518	376.749	41.327	57.263	30.344	0.299
519	383.623	41.455	58.631	30.479	0.294
520	399.581	40.045	63.033	30.472	0.273
521	383.079	40.575	59.99	30.136	0.276
522	375.834	41.388	57.417	30.695	0.297
523	391.329	41.124	61.473	30.259	0.282
524	377.772	40.39	57.677	30.028	0.285
525	387.69	40.409	59.416	29.898	0.276
526	387.391	41.485	59.214	30.26	0.287
527	385.496	41.414	59.954	30.79	0.291
528	377.205	39.83	58.765	29.422	0.268
529	368.39	40.773	56.429	30.136	0.291
530	381.555	39.891	57.859	29.786	0.273
531	377.242	40.74	57.515	30.346	0.284
532	383.626	41.051	57.486	30.213	0.286
533	389.538	39.797	60.132	29.854	0.278
534	383.334	39.558	59.629	30.577	0.27
535	387.763	40.47	58.798	30.158	0.274
536	379.805	40.954	58.035	29.959	0.286
537	379.004	40.872	58.525	30.386	0.283
538	368.789	40.801	55.999	29.907	0.29
539	380.918	40.664	58.496	30.829	0.294
540	387.235	41.0	60.613	30.335	0.283
541	389.993	41.316	61.007	30.979	0.294
542	380.459	40.904	57.327	30.544	0.291
543	394.479	41.298	61.022	30.95	0.293
544	369.203	40.237	55.605	29.738	0.28
545	373.725	40.559	56.328	29.866	0.283
546	359.217	40.502	54.945	29.852	0.294
547	382.207	40.977	58.969	30.452	0.288
548	376.899	40.743	57.323	29.865	0.283
549	363.511	39.679	55.618	29.481	0.273
550	370.913	40.334	56.259	30.199	0.292
551	372.101	40.515	55.852	30.036	0.283
552	385.693	40.713	61.069	30.641	0.281
553	385.238	40.709	58.409	30.384	0.282
554	380.202	40.57	58.544	30.287	0.285
555	376.535	40.407	58.241	30.003	0.286
556	383.937	41.534	58.457	30.259	0.291
557	379.842	40.909	57.588	30.333	0.288
558	385.538	39.844	59.713	29.971	0.266
559	375.331	39.688	57.312	29.629	0.273
560	389.212	41.083	60.563	30.892	0.294
561	372.354	41.313	56.891	30.515	0.298
562	373.24	40.703	57.743	30.51	0.288
563	379.413	41.215	58.013	30.353	0.298
564	380.693	40.299	59.76	30.546	0.283
565	390.084	40.735	60.491	30.58	0.29
566	375.505	40.901	57.212	30.089	0.289
567	384.76	41.243	58.732	30.726	0.285
568	375.522	41.012	57.662	30.575	0.289
569	375.669	39.982	56.329	29.371	0.275
570	389.987	41.075	59.949	29.969	0.282
571	375.744	40.973	56.754	30.557	0.293
572	381.092	40.49	57.853	29.932	0.276
573	396.685	37.719	61.324	29.033	0.235
574	393.598	39.398	61.477	29.706	0.263
575	381.645	41.237	57.301	30.409	0.283
576	378.368	40.253	57.521	30.113	0.27
577	385.562	39.403	61.283	29.707	0.263
578	369.901	40.33	56.309	30.017	0.277
579	374.191	40.806	56.337	30.304	0.292
580	380.621	41.27	58.028	30.858	0.297
581	377.634	40.139	57.459	30.611	0.284
582	379.772	40.634	58.283	30.639	0.286
583	389.309	41.955	59.117	30.921	0.301
584	377.443	40.912	58.667	30.853	0.295
585	379.376	41.217	58.816	30.66	0.303
586	388.526	40.462	60.39	30.517	0.278
587	384.838	40.533	60.107	30.165	0.281
588	386.796	40.579	60.329	29.974	0.278
589	385.148	41.364	57.951	30.444	0.29
590	383.418	41.083	58.333	30.487	0.285
591	382.772	40.45	59.093	29.95	0.274
592	373.697	41.245	57.548	30.931	0.294
593	375.434	41.831	57.299	31.648	0.3
594	388.721	39.041	60.324	29.754	0.27
595	379.401	41.624	58.004	30.711	0.302
596	384.419	40.826	57.736	30.674	0.277
597	384.434	39.777	59.751	30.778	0.274
598	379.964	40.274	57.9	30.149	0.27
599	383.505	40.748	60.263	30.363	0.275
600	381.902	40.584	59.655	30.431	0.282
601	367.627	40.348	54.864	30.266	0.293
602	386.638	41.097	60.174	30.621	0.29
603	382.04	41.269	59.384	30.671	0.291
604	387.798	41.042	59.393	30.626	0.288
605	373.966	40.64	57.946	30.306	0.286
606	374.621	40.167	57.628	30.111	0.282
607	382.324	39.755	59.212	29.56	0.271
608	380.263	41.168	58.7	30.828	0.295
609	383.789	40.519	57.984	29.884	0.277
610	373.957	40.063	56.243	29.862	0.277
611	376.883	40.989	57.601	30.323	0.29
612	387.27	39.448	58.453	29.346	0.256
613	381.167	41.122	58.72	30.647	0.294
614	376.498	40.508	57.933	30.118	0.283
615	372.668	39.991	56.191	29.997	0.277
616	378.801	39.307	59.065	29.957	0.266
617	375.732	40.339	57.776	30.169	0.28
618	371.418	40.845	56.55	30.106	0.291
619	380.969	40.697	58.205	30.227	0.284
620	378.522	40.786	57.882	30.063	0.283
621	385.639	41.077	60.68	30.513	0.286
622	387.722	40.488	58.833	30.231	0.278
623	381.393	41.052	58.834	30.321	0.287
624	375.533	40.924	56.392	30.298	0.285
625	379.849	41.043	58.374	30.708	0.287
626	390.022	40.77	62.435	30.637	0.285
627	371.212	40.866	57.547	30.124	0.287
628	380.137	39.605	59.317	29.802	0.266
629	380.77	41.136	58.405	30.409	0.287
630	377.786	39.518	58.949	30.01	0.265
631	388.172	41.018	58.725	30.401	0.29
632	379.549	41.37	57.065	30.578	0.286
633	391.819	40.078	60.526	29.887	0.271
634	380.972	41.146	57.516	30.647	0.298
635	381.299	40.585	57.858	30.557	0.287
636	373.22	40.675	58.058	30.212	0.285
637	381.32	40.113	60.865	29.894	0.271
638	379.77	40.531	59.414	30.639	0.28
639	383.393	41.523	59.353	30.74	0.293
640	379.622	40.774	57.912	30.407	0.288
641	382.701	40.673	58.578	30.744	0.287
642	381.315	41.069	59.314	30.805	0.289
643	380.256	40.662	58.763	30.928	0.293
644	379.228	39.786	57.478	29.362	0.27
645	372.631	40.903	57.108	30.894	0.297
646	380.691	40.73	59.424	30.486	0.284
647	383.924	40.729	58.477	30.12	0.282
648	379.933	41.141	58.77	30.756	0.293
649	374.417	41.744	56.788	30.619	0.302
650	370.735	41.504	57.535	30.729	0.304
651	369.601	40.323	55.898	29.966	0.285
652	387.475	41.007	59.877	30.362	0.286
653	382.219	41.15	58.901	30.433	0.295
654	375.362	41.037	57.988	30.677	0.287
655	374.734	40.592	57.827	30.216	0.282
656	374.525	40.056	55.992	29.514	0.275
657	362.595	41.093	54.89	30.199	0.292
658	386.315	41.714	59.183	30.751	0.307
659	381.317	40.475	59.692	30.414	0.281
660	385.277	41.273	60.36	30.418	0.287
661	376.151	41.581	57.73	30.839	0.295
662	374.052	40.977	58.344	30.785	0.294
663	377.549	41.287	56.654	30.668	0.3
664	390.728	41.39	62.034	30.996	0.292
665	375.464	41.416	57.976	30.274	0.292
666	374.039	40.94	57.013	30.5	0.303
667	369.298	40.841	55.721	29.828	0.287
668	380.138	39.648	58.207	29.413	0.271
669	389.385	40.273	61.118	29.948	0.277
670	389.307	40.386	61.048	30.104	0.275
671	379.007	41.422	57.744	30.428	0.292
672	377.56	41.168	59.946	30.692	0.296
673	369.638	40.325	55.36	30.037	0.28
674	377.878	39.369	57.486	29.308	0.264
675	387.493	41.305	60.455	30.884	0.295
676	382.279	39.573	59.834	29.311	0.268
677	378.386	41.027	57.453	30.562	0.298
678	384.785	41.023	58.426	30.4	0.284
679	383.755	40.811	58.802	30.79	0.278
680	363.365	39.739	54.632	29.671	0.276
681	385.633	41.368	58.91	30.894	0.292
682	385.705	41.602	60.556	31.018	0.298
683	372.157	41.044	55.717	30.328	0.287
684	384.12	40.689	58.155	29.83	0.282
685	380.445	40.321	59.259	30.284	0.278
686	373.841	40.367	57.834	30.368	0.281
687	378.817	39.4	57.166	29.073	0.261
688	377.885	39.296	58.058	28.881	0.264
689	373.874	40.847	58.774	30.265	0.294
690	382.901	41.413	59.644	30.608	0.292
691	380.441	41.253	58.759	30.631	0.287
692	370.804	41.44	55.731	30.672	0.302
693	382.195	40.74	61.187	30.842	0.293
694	381.361	40.382	58.623	30.219	0.279
695	381.666	40.025	57.786	30.004	0.27
696	366.458	40.316	56.718	29.78	0.286
697	380.298	40.663	60.026	30.17	0.284
698	384.936	38.283	59.581	29.337	0.247
699	380.441	38.482	58.229	29.0	0.246
700	391.891	40.776	60.061	30.188	0.279
701	390.303	40.194	61.718	30.432	0.282
702	386.344	40.947	59.187	30.286	0.288
703	370.194	40.061	56.126	30.216	0.276
704	383.708	41.463	60.167	30.967	0.294
705	382.692	38.431	60.239	29.089	0.255
706	370.155	40.288	57.199	29.86	0.278
707	376.039	40.962	57.881	30.539	0.3
708	381.407	41.247	58.74	30.537	0.291
709	381.019	41.343	58.05	30.451	0.305
710	392.959	40.586	60.838	30.637	0.282
711	378.731	40.978	58.123	30.651	0.29
712	383.039	40.848	60.128	30.237	0.293
713	380.447	41.57	58.396	30.481	0.293
714	374.284	41.175	55.917	30.433	0.296
715	382.588	41.243	57.946	30.529	0.295
716	383.826	40.288	58.528	30.214	0.278
717	384.656	41.45	58.537	30.963	0.293
718	382.385	42.085	57.338	30.718	0.303
719	377.845	41.02	58.425	30.194	0.288
720	387.12	38.702	59.847	29.232	0.254
721	391.863	40.569	62.001	30.216	0.277
722	389.918	40.665	59.441	29.801	0.281
723	390.665	41.725	60.28	30.933	0.291
724	372.075	41.85	56.864	30.758	0.299
725	378.889	39.484	58.318	28.933	0.263
726	386.38	40.946	58.806	30.33	0.291
727	374.192	41.069	56.121	30.685	0.308
728	387.071	41.099	60.027	30.987	0.282
729	380.97	39.862	57.417	29.592	0.272
730	364.896	40.748	55.641	30.207	0.297
731	387.319	39.945	58.399	30.594	0.279
732	384.652	40.413	59.18	30.28	0.279
733	390.631	40.335	61.697	30.163	0.276
734	377.741	40.584	58.146	30.028	0.277
735	382.865	41.347	57.996	30.14	0.282
736	378.4	40.558	57.471	30.4	0.285
737	382.646	40.588	59.617	30.328	0.284
738	384.4	40.676	59.425	30.377	0.283
739	374.427	40.038	56.839	29.578	0.288
740	385.006	39.813	59.145	30.059	0.272
741	375.671	40.492	57.437	30.665	0.291
742	382.424	39.094	59.049	29.908	0.254
743	375.003	40.216	57.396	30.103	0.279
744	384.993	40.819	60.766	30.978	0.292
745	366.056	40.79	55.476	30.302	0.293
746	379.189	41.134	56.852	30.702	0.292
747	379.202	41.457	58.807	30.641	0.293
748	371.103	41.044	57.219	30.374	0.292
749	376.958	41.134	58.462	30.375	0.296
750	377.52	40.533	57.035	30.262	0.28
751	381.151	40.62	58.706	30.176	0.282
752	370.723	40.946	56.602	30.668	0.289
753	386.0	37.606	59.883	28.968	0.243
754	381.992	40.451	58.287	29.949	0.283
755	370.239	41.295	56.099	30.247	0.291
756	389.365	40.552	59.049	29.985	0.28
757	378.333	40.934	58.108	30.391	0.293
758	381.251	40.744	57.875	30.592	0.29
759	373.557	39.256	56.862	28.879	0.266
760	375.472	40.994	56.918	30.407	0.285
761	375.676	40.041	58.054	29.876	0.283
762	379.729	41.075	56.941	30.368	0.284
763	386.96	39.639	60.133	29.783	0.27
764	393.846	40.855	61.159	30.754	0.294
765	387.591	40.331	60.945	31.369	0.291
766	378.947	40.504	57.832	30.449	0.284
767	375.524	40.514	56.458	30.364	0.288
768	375.696	40.73	57.579	30.174	0.284
769	379.294	40.565	57.303	29.967	0.285
770	369.768	40.605	55.474	29.819	0.286
771	377.302	40.605	58.351	29.884	0.286
772	375.068	40.402	57.47	30.281	0.289
773	374.859	39.316	58.097	29.384	0.263
774	382.42	39.817	58.159	29.757	0.27
775	388.112	40.606	57.871	30.136	0.278
776	384.668	41.408	57.821	30.663	0.293
777	372.119	40.352	56.424	30.116	0.285
778	375.55	41.007	57.285	30.849	0.304
779	387.204	40.324	60.691	30.521	0.284
780	384.177	40.957	59.587	30.472	0.296
781	379.082	40.645	58.722	30.323	0.281
782	387.917	39.882	59.609	29.792	0.278
783	377.351	40.617	57.715	30.345	0.29
784	380.617	40.274	59.153	30.474	0.284
785	374.738	40.436	56.532	29.671	0.279
786	386.295	41.15	59.066	30.727	0.29
787	382.026	41.098	58.659	30.83	0.287
788	381.454	40.647	58.009	30.972	0.289
789	382.784	40.791	59.88	30.599	0.284
790	374.103	40.664	57.818	30.492	0.284
791	370.029	40.952	56.342	30.516	0.294
792	377.329	40.5	57.193	30.086	0.278
793	380.667	40.727	60.107	29.939	0.282
794	382.963	40.66	58.492	30.254	0.273
795	376.325	40.332	57.469	29.676	0.293
796	378.672	40.675	58.911	30.741	0.286
797	387.562	39.135	61.276	30.3	0.277
798	386.041	41.05	59.374	30.13	0.292
799	376.963	39.954	57.65	29.606	0.27
800	381.666	40.351	59.761	30.317	0.276
801	384.884	35.935	59.143	27.601	0.219
802	382.743	40.888	59.949	30.454	0.285
803	386.575	39.591	59.981	30.196	0.27
804	379.117	40.841	57.45	30.542	0.284
805	387.379	40.604	59.33	30.35	0.281
806	381.792	40.691	58.611	30.268	0.283
807	391.861	40.827	59.5	30.291	0.279
808	382.307	41.327	58.163	30.751	0.297
809	388.499	40.319	60.111	30.047	0.282
810	385.645	39.189	59.256	29.865	0.26
811	375.903	40.403	58.792	30.35	0.279
812	388.524	40.686	60.73	30.652	0.286
813	378.053	41.059	57.839	30.671	0.292
814	388.312	40.137	61.373	30.232	0.268
815	370.986	40.51	56.321	30.071	0.282
816	389.69	41.089	59.928	30.467	0.282
817	406.224	37.703	63.545	29.603	0.24
818	369.737	41.028	56.264	30.29	0.301
819	381.373	40.044	58.588	30.623	0.282
820	377.027	41.66	57.554	31.044	0.309
821	382.245	40.596	58.307	30.554	0.288
822	383.077	39.862	60.417	29.945	0.271
823	378.822	41.146	58.003	30.939	0.295
824	384.731	41.066	60.08	30.883	0.294
825	379.375	40.657	59.336	30.706	0.295
826	383.553	40.24	60.12	30.396	0.277
827	393.131	41.435	61.441	31.151	0.304
828	385.29	40.364	60.516	30.705	0.285
829	363.218	39.959	55.196	30.486	0.291
830	377.97	40.227	57.926	30.039	0.274
831	379.632	40.712	58.046	30.395	0.288
832	367.675	40.387	57.205	30.078	0.284
833	380.693	41.045	58.303	30.111	0.286
834	374.504	40.965	57.293	31.014	0.295
835	393.795	40.959	61.04	30.147	0.283
836	386.161	41.414	60.109	30.534	0.297
837	381.689	41.381	59.506	30.807	0.293
838	363.418	39.284	55.298	29.988	0.277
839	384.582	40.537	58.879	30.298	0.28
840	380.739	39.478	60.124	29.843	0.271
841	383.863	39.467	58.8	30.002	0.259
842	375.646	41.303	56.002	30.58	0.291
843	384.911	40.48	58.785	30.342	0.283
844	379.473	41.312	59.246	30.695	0.294
845	372.821	40.661	58.396	30.889	0.287
846	387.697	41.138	59.833	30.764	0.292
847	384.331	39.458	60.727	29.999	0.266
848	396.887	40.942	62.04	31.014	0.291
849	377.442	41.159	57.754	30.608	0.293
850	370.311	40.461	57.392	30.736	0.289
851	393.052	40.825	59.89	30.737	0.286
852	370.079	39.319	55.723	28.9	0.262
853	379.733	41.161	58.038	30.701	0.293
854	388.087	40.672	58.535	30.148	0.277
855	386.578	41.527	58.937	30.978	0.297
856	381.467	42.104	58.601	31.239	0.306
857	386.285	40.911	59.147	30.409	0.287
858	377.024	41.077	56.122	30.357	0.292
859	385.951	40.984	59.223	30.43	0.283
860	373.571	40.922	56.677	30.13	0.288
861	381.175	40.316	56.856	30.134	0.275
862	387.807	40.356	60.497	30.035	0.275
863	392.43	40.897	60.126	30.643	0.288
864	376.031	40.324	57.489	30.258	0.281
865	378.181	40.458	58.218	30.199	0.281
866	379.795	40.949	59.295	30.546	0.288
867	388.021	40.127	60.886	29.898	0.28
868	373.172	40.574	56.89	30.144	0.282
869	367.278	40.884	57.121	30.213	0.289
870	384.451	40.461	62.176	30.256	0.284
871	373.822	40.244	57.439	30.045	0.282
872	381.726	40.674	57.165	30.278	0.285
873	383.244	41.518	58.358	30.375	0.293
874	386.74	40.397	59.349	29.869	0.277
875	372.216	41.152	57.842	30.715	0.302
876	386.44	40.526	59.925	29.767	0.276
877	383.19	41.17	59.143	30.805	0.291
878	378.707	40.225	59.087	30.458	0.277
879	381.977	41.209	58.814	30.681	0.299
880	375.959	40.411	57.286	29.823	0.277
881	392.871	40.038	60.99	29.744	0.268
882	390.617	40.699	60.375	30.481	0.282
883	377.706	40.648	58.434	30.233	0.283
884	387.904	41.051	59.882	30.623	0.281
885	383.707	40.964	58.557	30.225	0.282
886	376.5	40.385	59.188	29.825	0.271
887	380.504	41.693	57.331	30.309	0.292
888	399.325	39.9	63.835	30.255	0.268
889	377.168	41.028	57.391	30.353	0.291
890	380.126	41.482	58.128	30.579	0.301
891	383.539	41.464	59.31	31.002	0.298
892	370.858	41.142	56.759	30.266	0.282
893	376.698	41.005	58.64	30.59	0.295
894	385.895	41.139	59.841	30.348	0.29
895	379.677	40.936	57.896	30.125	0.282
896	390.989	40.853	61.949	30.381	0.285
897	398.336	40.721	61.579	30.515	0.275
898	381.395	41.334	57.741	30.591	0.289
899	384.249	41.578	59.894	30.785	0.297
900	369.722	40.398	55.792	30.814	0.29
901	365.216	39.806	56.568	30.044	0.275
902	369.903	41.017	55.909	30.232	0.287
903	379.707	41.099	57.694	30.628	0.297
904	388.123	41.082	59.721	30.829	0.291
905	374.199	41.298	55.472	30.117	0.293
906	387.582	41.859	60.552	30.953	0.298
907	372.392	41.003	56.461	30.383	0.28
908	383.859	39.588	59.74	29.357	0.265
909	371.178	41.063	56.151	30.516	0.291
910	367.743	40.47	56.541	30.334	0.292
911	383.401	40.602	58.6	30.247	0.281
912	382.015	40.234	58.741	30.433	0.275
913	378.077	40.98	56.803	30.443	0.29
914	381.793	39.88	60.858	29.763	0.274
915	380.755	40.074	58.611	30.354	0.272
916	382.562	40.65	58.22	30.182	0.282
917	386.765	40.292	59.581	30.397	0.28
918	365.973	41.091	56.26	29.996	0.296
919	376.197	41.411	57.074	30.441	0.287
920	379.43	40.415	59.22	30.651	0.283
921	397.674	40.536	62.596	30.302	0.274
922	382.698	40.838	60.004	30.418	0.289
923	380.626	41.474	58.673	30.707	0.306
924	386.138	40.998	59.618	30.709	0.285
925	373.833	40.845	57.715	30.591	0.286
926	376.282	40.256	57.915	29.948	0.284
927	383.189	41.033	59.12	30.728	0.279
928	384.847	41.078	59.45	30.508	0.291
929	374.18	41.385	56.103	30.153	0.298
930	383.94	40.942	58.862	30.588	0.28
931	374.395	39.714	58.305	29.491	0.263
932	382.593	41.598	58.787	30.809	0.297
933	386.257	41.159	59.216	30.882	0.295
934	369.095	40.154	55.98	30.266	0.282
935	389.617	40.803	59.662	30.597	0.282
936	380.748	41.214	58.176	30.652	0.3
937	371.147	39.995	55.915	29.885	0.282
938	389.27	40.753	60.751	30.29	0.282
939	384.274	40.652	60.262	30.347	0.284
940	370.343	40.502	56.05	30.313	0.285
941	381.176	40.108	59.406	30.051	0.289
942	376.09	39.881	57.061	30.02	0.274
943	393.798	40.402	61.406	30.164	0.273
944	384.928	40.438	58.691	30.207	0.284
945	378.342	41.168	58.073	30.35	0.286
946	381.256	41.126	58.869	30.694	0.288
947	380.56	40.426	59.088	29.898	0.282
948	379.302	40.975	58.882	30.4	0.289
949	385.882	40.786	59.599	30.011	0.286
950	374.837	40.889	57.768	30.147	0.296
951	377.429	38.837	58.236	29.145	0.252
952	376.53	41.007	56.316	30.447	0.288
953	377.436	40.554	57.795	29.848	0.28
954	380.473	41.04	56.997	30.125	0.287
955	375.016	41.22	56.919	30.291	0.293
956	369.142	40.434	57.24	29.85	0.286
957	381.234	39.964	58.577	30.325	0.271
958	373.05	40.546	56.957	29.916	0.278
959	391.982	40.705	59.831	30.278	0.286
960	376.259	39.803	58.156	30.253	0.276
961	378.974	40.345	58.073	30.434	0.28
962	373.312	41.14	57.324	30.166	0.288
963	372.839	41.116	56.084	30.05	0.293
964	389.172	40.177	60.947	30.366	0.281
965	374.533	40.934	56.906	30.767	0.289
966	384.274	39.121	58.776	29.666	0.266
967	383.96	39.422	59.098	29.78	0.26
968	382.2	39.771	58.36	29.969	0.27
969	372.275	39.89	56.663	29.702	0.268
970	373.179	40.336	57.62	30.328	0.286
971	381.922	39.902	58.819	29.951	0.283
972	381.732	40.909	57.073	30.802	0.285
973	369.408	40.652	56.594	30.053	0.291
974	374.085	40.945	57.238	30.071	0.292
975	378.602	40.225	57.108	29.931	0.282
976	387.959	40.603	58.124	30.37	0.287
977	389.246	40.155	59.706	29.831	0.273
978	383.292	40.68	58.356	30.298	0.278
979	383.695	40.405	58.753	30.329	0.274
980	380.627	40.222	57.48	30.213	0.281
981	383.721	40.748	59.425	30.368	0.288
982	380.901	40.033	57.498	29.598	0.28
983	381.385	39.737	58.256	29.921	0.272
984	381.288	40.567	59.21	30.242	0.287
985	377.111	40.224	57.419	29.65	0.282
986	377.156	39.92	57.657	29.434	0.272
987	379.587	41.125	58.496	30.447	0.297
988	390.749	35.141	61.338	28.038	0.208
989	377.128	41.21	58.248	30.801	0.289
990	386.579	39.197	59.795	29.944	0.256
991	375.16	40.418	58.379	30.219	0.275
992	388.823	41.5	58.59	30.433	0.294
993	390.536	41.363	60.589	31.001	0.289
994	381.041	41.149	58.192	30.325	0.29
995	391.343	41.202	60.596	30.773	0.293
996	385.487	40.112	60.254	30.186	0.279
997	381.088	41.086	58.33	30.531	0.294
998	385.578	41.412	59.181	30.474	0.288
999	386.679	40.953	60.803	31.044	0.295
1000	381.197	39.921	59.5	29.933	0.277
